## EBL from Khaire & Srianand 2018; Q16 Model with alpha=-1.6 
## Column1:wavelength (Angstrom);  Column2:EBL specific intensity J_nu (erg/s/cm^2/Hz/Sr)
## ===========================================================================================
 1.000000e-08     8.341513e-37
 1.122019e-08     1.214947e-36
 1.258925e-08     1.752927e-36
 1.412538e-08     2.492155e-36
 1.584893e-08     3.483417e-36
 1.778279e-08     4.785078e-36
 1.995263e-08     6.464055e-36
 2.238721e-08     8.596949e-36
 2.511887e-08     1.127148e-35
 2.818382e-08     1.458795e-35
 3.162278e-08     1.866126e-35
 3.548135e-08     2.362298e-35
 3.981071e-08     2.962406e-35
 4.466837e-08     3.683812e-35
 5.011870e-08     4.546474e-35
 5.623413e-08     5.573434e-35
 6.309576e-08     6.791262e-35
 7.079456e-08     8.230653e-35
 7.943284e-08     9.927156e-35
 8.912505e-08     1.192184e-34
 1.000000e-07     1.426233e-34
 1.122019e-07     1.700376e-34
 1.258925e-07     2.020995e-34
 1.412538e-07     2.395501e-34
 1.584892e-07     2.832460e-34
 1.778279e-07     3.341826e-34
 1.995263e-07     3.935118e-34
 2.238721e-07     4.625684e-34
 2.511887e-07     5.429017e-34
 2.818382e-07     6.363044e-34
 3.162278e-07     7.448578e-34
 3.548136e-07     8.709711e-34
 3.981071e-07     1.017436e-33
 4.466837e-07     1.187493e-33
 5.011870e-07     1.384890e-33
 5.623413e-07     1.613978e-33
 6.309576e-07     1.879796e-33
 7.079456e-07     2.188179e-33
 7.943284e-07     2.545901e-33
 8.912505e-07     2.960795e-33
 1.000000e-06     3.441959e-33
 1.122019e-06     3.999919e-33
 1.258925e-06     4.646872e-33
 1.412538e-06     5.396974e-33
 1.584893e-06     6.266597e-33
 1.778279e-06     7.274743e-33
 1.995263e-06     8.443422e-33
 2.238721e-06     9.798118e-33
 2.511887e-06     1.136840e-32
 2.818382e-06     1.318849e-32
 3.162278e-06     1.529810e-32
 3.548136e-06     1.774319e-32
 3.981071e-06     2.057702e-32
 4.466837e-06     2.386139e-32
 5.011870e-06     2.766777e-32
 5.623413e-06     3.207916e-32
 6.309576e-06     3.719159e-32
 7.079456e-06     4.311634e-32
 7.943284e-06     4.998252e-32
 8.912505e-06     5.793949e-32
 1.000000e-05     6.716062e-32
 1.122019e-05     7.784659e-32
 1.258925e-05     9.022983e-32
 1.412538e-05     1.045802e-31
 1.584893e-05     1.212097e-31
 1.778279e-05     1.404805e-31
 1.995263e-05     1.628120e-31
 2.238721e-05     1.886898e-31
 2.511887e-05     2.186776e-31
 2.818382e-05     2.534273e-31
 3.162278e-05     2.936958e-31
 3.548135e-05     3.403590e-31
 3.981071e-05     3.944318e-31
 4.466837e-05     4.570917e-31
 5.011870e-05     5.297008e-31
 5.623413e-05     6.138405e-31
 6.309577e-05     7.113411e-31
 7.079457e-05     8.243223e-31
 7.943284e-05     9.552445e-31
 8.912505e-05     1.106954e-30
 1.000000e-04     1.282754e-30
 1.122018e-04     1.486467e-30
 1.258926e-04     1.722462e-30
 1.412538e-04     1.993355e-30
 1.584893e-04     2.304818e-30
 1.778279e-04     2.664007e-30
 1.995262e-04     3.079448e-30
 2.238722e-04     3.561155e-30
 2.511887e-04     4.120824e-30
 2.818383e-04     4.772135e-30
 3.162278e-04     5.531116e-30
 3.548134e-04     6.416598e-30
 3.981073e-04     7.450772e-30
 4.466837e-04     8.659816e-30
 5.011873e-04     1.007468e-29
 5.623413e-04     1.173199e-29
 6.309572e-04     1.367509e-29
 7.079460e-04     1.595542e-29
 7.943284e-04     1.863388e-29
 8.912510e-04     2.178283e-29
 1.000000e-03     2.548818e-29
 1.122018e-03     2.985199e-29
 1.258926e-03     3.499568e-29
 1.412538e-03     4.106354e-29
 1.584893e-03     4.822742e-29
 1.778279e-03     5.669196e-29
 1.995262e-03     6.670095e-29
 2.238722e-03     7.854502e-29
 2.511887e-03     9.257052e-29
 2.818383e-03     1.091909e-28
 3.162278e-03     1.288996e-28
 3.548133e-03     1.522854e-28
 3.981073e-03     1.800521e-28
 4.466837e-03     2.130399e-28
 5.011873e-03     2.522539e-28
 5.623413e-03     2.988966e-28
 6.309573e-03     3.544101e-28
 7.079460e-03     4.205299e-28
 7.943284e-03     4.993551e-28
 8.912510e-03     5.934455e-28
 1.000000e-02     7.059495e-28
 1.122019e-02     8.407706e-28
 1.258925e-02     1.002771e-27
 1.412538e-02     1.198027e-27
 1.584894e-02     1.434093e-27
 1.778279e-02     1.720304e-27
 1.995263e-02     2.068099e-27
 2.238721e-02     2.491316e-27
 2.511887e-02     3.006552e-27
 2.818385e-02     3.633499e-27
 3.162277e-02     4.395346e-27
 3.548136e-02     5.319298e-27
 3.981071e-02     6.437075e-27
 4.466837e-02     7.785747e-27
 5.011876e-02     9.408555e-27
 5.623413e-02     1.135608e-26
 6.309576e-02     1.368772e-26
 7.079456e-02     1.647330e-26
 7.943284e-02     1.979533e-26
 8.912515e-02     2.375138e-26
 1.000000e-01     2.845721e-26
 1.122019e-01     3.405159e-26
 1.258925e-01     4.063113e-26
 1.412538e-01     4.815953e-26
 1.584894e-01     5.656440e-26
 1.778279e-01     6.575439e-26
 1.995263e-01     7.563215e-26
 2.238721e-01     8.610264e-26
 2.511887e-01     9.707872e-26
 2.818385e-01     1.084830e-25
 3.162278e-01     1.202485e-25
 3.548135e-01     1.323190e-25
 3.981071e-01     1.446480e-25
 4.466837e-01     1.571989e-25
 5.011876e-01     1.699434e-25
 5.623413e-01     1.828610e-25
 6.309576e-01     1.959391e-25
 7.079456e-01     2.091708e-25
 7.943284e-01     2.225551e-25
 8.912515e-01     2.360953e-25
 1.000000e+00     2.497985e-25
 1.122019e+00     2.636751e-25
 1.258925e+00     2.777374e-25
 1.412538e+00     2.920000e-25
 1.584894e+00     3.064436e-25
 1.778279e+00     3.206227e-25
 1.995263e+00     3.348129e-25
 2.238721e+00     3.493788e-25
 2.511887e+00     3.647085e-25
 2.818385e+00     3.811935e-25
 3.162278e+00     3.992328e-25
 3.548136e+00     4.192517e-25
 3.981071e+00     4.417269e-25
 4.466837e+00     4.672175e-25
 5.011876e+00     4.963940e-25
 5.623413e+00     5.300711e-25
 6.309576e+00     5.691826e-25
 7.079456e+00     6.133906e-25
 7.943284e+00     6.644038e-25
 8.912516e+00     7.245051e-25
 1.000000e+01     7.963789e-25
 1.122019e+01     8.830958e-25
 1.258925e+01     9.881393e-25
 1.412538e+01     1.115478e-24
 1.584894e+01     1.269621e-24
 1.778279e+01     1.455671e-24
 1.995263e+01     1.679303e-24
 2.238721e+01     1.946638e-24
 2.511887e+01     2.263990e-24
 2.818385e+01     2.637370e-24
 3.162278e+01     3.071779e-24
 3.548135e+01     3.570238e-24
 3.981071e+01     4.132632e-24
 4.466837e+01     4.749855e-24
 5.011876e+01     5.413119e-24
 5.623413e+01     6.119753e-24
 6.309576e+01     6.932703e-24
 7.079456e+01     7.803517e-24
 7.943284e+01     8.828328e-24
 8.912515e+01     9.954882e-24
 1.000000e+02     1.132945e-23
 1.120000e+02     1.287680e-23
 1.250000e+02     1.457263e-23
 1.400000e+02     1.655711e-23
 1.550000e+02     1.844856e-23
 1.650000e+02     1.969455e-23
 1.750000e+02     2.090049e-23
 1.850000e+02     2.208998e-23
 1.900000e+02     2.266718e-23
 1.950000e+02     2.324329e-23
 2.000000e+02     2.378983e-23
 2.050000e+02     2.441580e-23
 2.100000e+02     2.515910e-23
 2.150000e+02     2.617530e-23
 2.180000e+02     2.701266e-23
 2.210000e+02     2.823087e-23
 2.240000e+02     2.981425e-23
 2.260000e+02     3.131489e-23
 2.270000e+02     3.215397e-23
 2.275000e+02     3.263901e-23
 2.278400e+02     3.302818e-23
 2.380000e+02     3.870063e-23
 2.500000e+02     4.582750e-23
 2.700000e+02     5.640604e-23
 2.900000e+02     6.733053e-23
 3.035000e+02     7.435793e-23
 3.037800e+02     1.015656e-22
 3.045000e+02     1.018653e-22
 3.060000e+02     1.025568e-22
 3.080000e+02     1.034749e-22
 3.100000e+02     1.043887e-22
 3.120000e+02     1.053292e-22
 3.150000e+02     1.066885e-22
 3.200000e+02     1.092056e-22
 3.250000e+02     1.110999e-22
 3.300000e+02     1.130608e-22
 3.400000e+02     1.165775e-22
 3.600000e+02     1.234015e-22
 3.800000e+02     1.292211e-22
 4.050000e+02     1.367781e-22
 4.250000e+02     1.425539e-22
 4.500000e+02     1.509367e-22
 4.650000e+02     1.562458e-22
 4.750000e+02     1.597183e-22
 4.820000e+02     1.628717e-22
 4.870000e+02     1.648514e-22
 4.910000e+02     1.666252e-22
 4.950000e+02     1.684235e-22
 4.980000e+02     1.696294e-22
 5.000000e+02     1.704405e-22
 5.020000e+02     1.712570e-22
 5.039800e+02     1.720042e-22
 5.100000e+02     1.748263e-22
 5.250000e+02     1.808580e-22
 5.600000e+02     1.991421e-22
 6.000000e+02     2.191620e-22
 6.500000e+02     2.459746e-22
 7.000000e+02     2.734462e-22
 7.500000e+02     3.045022e-22
 8.000000e+02     3.370951e-22
 8.300000e+02     3.586065e-22
 8.600000e+02     3.825365e-22
 8.800000e+02     4.004195e-22
 8.900000e+02     4.090098e-22
 8.960000e+02     4.142540e-22
 9.000000e+02     4.180349e-22
 9.030000e+02     4.223640e-22
 9.060000e+02     4.252475e-22
 9.090000e+02     4.281488e-22
 9.117800e+02     4.308532e-22
 9.300000e+02     6.014482e-22
 9.500000e+02     6.568004e-22
 9.750000e+02     8.335807e-22
 9.900000e+02     8.907993e-22
 1.005000e+03     1.028705e-21
 1.025000e+03     1.214417e-21
 1.045000e+03     1.416947e-21
 1.065000e+03     1.664866e-21
 1.085000e+03     1.946728e-21
 1.105000e+03     2.235043e-21
 1.125000e+03     2.564149e-21
 1.145000e+03     2.882308e-21
 1.165000e+03     3.232383e-21
 1.185000e+03     3.590198e-21
 1.205000e+03     3.945191e-21
 1.215600e+03     4.128462e-21
 1.215670e+03     4.229604e-21
 1.216000e+03     4.234616e-21
 1.218000e+03     4.264745e-21
 1.221000e+03     4.308135e-21
 1.225000e+03     4.363118e-21
 1.230000e+03     4.438655e-21
 1.240000e+03     4.619749e-21
 1.250000e+03     4.804297e-21
 1.265000e+03     5.140916e-21
 1.285000e+03     5.597233e-21
 1.305000e+03     6.079074e-21
 1.325000e+03     6.568940e-21
 1.345000e+03     7.076564e-21
 1.365000e+03     7.600703e-21
 1.385000e+03     8.121948e-21
 1.405000e+03     8.637434e-21
 1.425000e+03     9.152492e-21
 1.442000e+03     9.596861e-21
 1.455000e+03     9.946063e-21
 1.475000e+03     1.050438e-20
 1.517000e+03     1.158242e-20
 1.595000e+03     1.350927e-20
 1.672000e+03     1.544040e-20
 1.745000e+03     1.717899e-20
 1.825000e+03     1.901508e-20
 1.905000e+03     2.066839e-20
 1.984000e+03     2.217779e-20
 2.065000e+03     2.350473e-20
 2.135000e+03     2.444622e-20
 2.215000e+03     2.542056e-20
 2.295000e+03     2.633049e-20
 2.375000e+03     2.723839e-20
 2.455000e+03     2.813743e-20
 2.525000e+03     2.894453e-20
 2.605000e+03     2.987331e-20
 2.685000e+03     3.093063e-20
 2.765000e+03     3.192385e-20
 2.845000e+03     3.276953e-20
 2.950000e+03     3.407730e-20
 3.110000e+03     3.607112e-20
 3.270000e+03     3.795185e-20
 3.430000e+03     3.981327e-20
 3.590000e+03     4.161788e-20
 3.730000e+03     4.327866e-20
 3.890000e+03     4.665730e-20
 4.050000e+03     5.009021e-20
 4.210000e+03     5.568399e-20
 4.370000e+03     6.079791e-20
 4.530000e+03     6.596615e-20
 4.690000e+03     7.125645e-20
 4.850000e+03     7.610833e-20
 5.010000e+03     8.039972e-20
 5.170000e+03     8.485246e-20
 5.330000e+03     8.904917e-20
 5.490000e+03     9.323869e-20
 5.650000e+03     9.734684e-20
 5.810000e+03     1.013932e-19
 5.970000e+03     1.050739e-19
 6.130000e+03     1.086826e-19
 6.290000e+03     1.120020e-19
 6.450000e+03     1.152145e-19
 6.610000e+03     1.181559e-19
 6.770000e+03     1.211241e-19
 6.930000e+03     1.238796e-19
 7.090000e+03     1.264687e-19
 7.250000e+03     1.289255e-19
 7.410000e+03     1.312790e-19
 7.570000e+03     1.335628e-19
 7.730000e+03     1.358645e-19
 7.890000e+03     1.380399e-19
 8.050000e+03     1.401130e-19
 8.210000e+03     1.420828e-19
 8.370000e+03     1.440327e-19
 8.530000e+03     1.458364e-19
 8.690000e+03     1.476134e-19
 8.850000e+03     1.494714e-19
 9.010000e+03     1.512651e-19
 9.170000e+03     1.529917e-19
 9.330000e+03     1.547381e-19
 9.490000e+03     1.566864e-19
 9.650000e+03     1.582669e-19
 9.810000e+03     1.599843e-19
 9.970000e+03     1.616432e-19
 1.050000e+04     1.665423e-19
 1.150000e+04     1.731136e-19
 1.250000e+04     1.784167e-19
 1.350000e+04     1.824125e-19
 1.450000e+04     1.858568e-19
 1.550000e+04     1.893979e-19
 1.650000e+04     1.923787e-19
 1.750000e+04     1.936324e-19
 1.850000e+04     1.930206e-19
 1.950000e+04     1.908180e-19
 2.050000e+04     1.876695e-19
 2.150000e+04     1.839856e-19
 2.250000e+04     1.797195e-19
 2.350000e+04     1.745175e-19
 2.450000e+04     1.682128e-19
 2.550000e+04     1.623524e-19
 2.650000e+04     1.565172e-19
 2.750000e+04     1.512359e-19
 2.850000e+04     1.463093e-19
 2.950000e+04     1.415828e-19
 3.050000e+04     1.370317e-19
 3.150000e+04     1.326298e-19
 3.250000e+04     1.283481e-19
 3.350000e+04     1.241141e-19
 3.450000e+04     1.200763e-19
 3.550000e+04     1.162504e-19
 3.650000e+04     1.125648e-19
 3.750000e+04     1.090419e-19
 3.850000e+04     1.057779e-19
 3.950000e+04     1.025503e-19
 4.050000e+04     9.939718e-20
 4.150000e+04     9.631172e-20
 4.250000e+04     9.335091e-20
 4.350000e+04     9.051107e-20
 4.450000e+04     8.779169e-20
 4.550000e+04     8.516192e-20
 4.650000e+04     8.268451e-20
 4.750000e+04     8.045554e-20
 4.850000e+04     7.849757e-20
 4.950000e+04     7.677477e-20
 5.050000e+04     7.540760e-20
 5.150000e+04     7.442878e-20
 5.250000e+04     7.455194e-20
 5.350000e+04     7.600792e-20
 5.450000e+04     7.710223e-20
 5.550000e+04     7.804673e-20
 5.650000e+04     8.000571e-20
 5.750000e+04     8.287909e-20
 5.850000e+04     8.531170e-20
 5.950000e+04     8.803102e-20
 6.050000e+04     9.311455e-20
 6.150000e+04     1.018715e-19
 6.250000e+04     1.206204e-19
 6.350000e+04     1.343187e-19
 6.450000e+04     1.401036e-19
 6.550000e+04     1.420098e-19
 6.650010e+04     1.463575e-19
 6.750010e+04     1.501291e-19
 6.850010e+04     1.536706e-19
 6.950010e+04     1.594655e-19
 7.020000e+04     1.647582e-19
 7.100000e+04     1.703514e-19
 7.180000e+04     1.769464e-19
 7.260000e+04     1.841805e-19
 7.340000e+04     1.930551e-19
 7.420000e+04     2.054444e-19
 7.500000e+04     2.218421e-19
 7.580000e+04     2.411478e-19
 7.660000e+04     2.621034e-19
 7.740000e+04     2.814258e-19
 7.820000e+04     2.988795e-19
 7.900000e+04     3.137487e-19
 7.980000e+04     3.250145e-19
 8.060000e+04     3.330195e-19
 8.140000e+04     3.383904e-19
 8.220000e+04     3.422565e-19
 8.300000e+04     3.460286e-19
 8.380000e+04     3.501084e-19
 8.460000e+04     3.540750e-19
 8.540000e+04     3.585379e-19
 8.620000e+04     3.631672e-19
 8.700000e+04     3.663511e-19
 8.780000e+04     3.667435e-19
 8.860000e+04     3.646240e-19
 8.940000e+04     3.610285e-19
 9.020000e+04     3.566677e-19
 9.100000e+04     3.519870e-19
 9.180000e+04     3.471120e-19
 9.260000e+04     3.421240e-19
 9.340000e+04     3.370126e-19
 9.420000e+04     3.319703e-19
 9.500000e+04     3.271348e-19
 9.580000e+04     3.224296e-19
 9.660000e+04     3.182132e-19
 9.740000e+04     3.141242e-19
 9.820000e+04     3.095460e-19
 9.900000e+04     3.049907e-19
 9.980000e+04     3.005365e-19
 1.006000e+05     2.965021e-19
 1.020000e+05     2.899195e-19
 1.040000e+05     2.816526e-19
 1.060000e+05     2.773571e-19
 1.080000e+05     2.756013e-19
 1.100000e+05     2.750570e-19
 1.120000e+05     2.870402e-19
 1.140000e+05     3.149469e-19
 1.160000e+05     3.280372e-19
 1.180000e+05     3.281758e-19
 1.200000e+05     3.375000e-19
 1.220000e+05     3.472092e-19
 1.240000e+05     3.589252e-19
 1.260000e+05     3.735948e-19
 1.280000e+05     3.977365e-19
 1.300000e+05     4.173493e-19
 1.320000e+05     4.242900e-19
 1.340000e+05     4.246898e-19
 1.360000e+05     4.352591e-19
 1.380000e+05     4.407240e-19
 1.400000e+05     4.423823e-19
 1.420000e+05     4.513548e-19
 1.440000e+05     4.557061e-19
 1.460000e+05     4.578352e-19
 1.480000e+05     4.638171e-19
 1.500000e+05     4.674716e-19
 1.520000e+05     4.719098e-19
 1.540000e+05     4.778386e-19
 1.560000e+05     4.856508e-19
 1.580000e+05     4.930542e-19
 1.600000e+05     5.002984e-19
 1.620000e+05     5.081736e-19
 1.640000e+05     5.191874e-19
 1.660000e+05     5.340882e-19
 1.680000e+05     5.474498e-19
 1.700000e+05     5.625844e-19
 1.720000e+05     5.784391e-19
 1.740000e+05     5.930962e-19
 1.760000e+05     6.060785e-19
 1.780000e+05     6.156089e-19
 1.800000e+05     6.262462e-19
 1.820000e+05     6.368834e-19
 1.840000e+05     6.472881e-19
 1.860000e+05     6.578571e-19
 1.880000e+05     6.759753e-19
 1.900000e+05     6.887221e-19
 1.920000e+05     7.010915e-19
 1.940000e+05     7.129079e-19
 1.960000e+05     7.256180e-19
 1.980000e+05     7.393417e-19
 2.000000e+05     7.541203e-19
 2.020000e+05     7.692832e-19
 2.040000e+05     7.848193e-19
 2.060000e+05     8.013982e-19
 2.080000e+05     8.178132e-19
 2.100000e+05     8.354371e-19
 2.120000e+05     8.535571e-19
 2.140000e+05     8.718493e-19
 2.160000e+05     8.924855e-19
 2.180000e+05     9.144249e-19
 2.200000e+05     9.349722e-19
 2.220000e+05     9.570537e-19
 2.240000e+05     9.817898e-19
 2.260000e+05     1.005819e-18
 2.280000e+05     1.029537e-18
 2.300000e+05     1.055366e-18
 2.320000e+05     1.082965e-18
 2.340000e+05     1.110473e-18
 2.360000e+05     1.138179e-18
 2.380000e+05     1.167655e-18
 2.400000e+05     1.198828e-18
 2.420000e+05     1.229987e-18
 2.440000e+05     1.260659e-18
 2.460000e+05     1.293189e-18
 2.480000e+05     1.327821e-18
 2.500000e+05     1.363023e-18
 2.520000e+05     1.397865e-18
 2.540000e+05     1.433620e-18
 2.560000e+05     1.471612e-18
 2.580000e+05     1.511715e-18
 2.600000e+05     1.552737e-18
 2.620000e+05     1.593215e-18
 2.640000e+05     1.634458e-18
 2.660000e+05     1.677331e-18
 2.680000e+05     1.721758e-18
 2.700000e+05     1.766745e-18
 2.720000e+05     1.812379e-18
 2.740000e+05     1.858997e-18
 2.760000e+05     1.906876e-18
 2.780000e+05     1.956627e-18
 2.800000e+05     2.007591e-18
 2.820000e+05     2.059804e-18
 2.840000e+05     2.112572e-18
 2.860000e+05     2.164908e-18
 2.880000e+05     2.217517e-18
 2.900000e+05     2.271652e-18
 2.920000e+05     2.326758e-18
 2.940000e+05     2.383279e-18
 2.960000e+05     2.441474e-18
 2.980000e+05     2.499696e-18
 3.000000e+05     2.557702e-18
 3.020000e+05     2.617544e-18
 3.040000e+05     2.678637e-18
 3.060000e+05     2.740560e-18
 3.080000e+05     2.804028e-18
 3.100000e+05     2.867721e-18
 3.120000e+05     2.930980e-18
 3.140000e+05     2.995490e-18
 3.160000e+05     3.062824e-18
 3.180000e+05     3.130222e-18
 3.200000e+05     3.200130e-18
 3.220000e+05     3.271290e-18
 3.240000e+05     3.343368e-18
 3.260000e+05     3.417270e-18
 3.280000e+05     3.491533e-18
 3.300000e+05     3.568604e-18
 3.320000e+05     3.646259e-18
 3.340000e+05     3.731321e-18
 3.360000e+05     3.822913e-18
 3.380000e+05     3.910160e-18
 3.400000e+05     3.990542e-18
 3.420000e+05     4.071162e-18
 3.440000e+05     4.156232e-18
 3.460000e+05     4.242611e-18
 3.480000e+05     4.336500e-18
 3.500000e+05     4.437099e-18
 3.520000e+05     4.523978e-18
 3.540000e+05     4.607897e-18
 3.560000e+05     4.691208e-18
 3.580000e+05     4.771861e-18
 3.600000e+05     4.857016e-18
 3.620000e+05     4.943825e-18
 3.640000e+05     5.025013e-18
 3.660000e+05     5.108011e-18
 3.680000e+05     5.195089e-18
 3.700000e+05     5.281445e-18
 3.720000e+05     5.369496e-18
 3.740000e+05     5.458757e-18
 3.760000e+05     5.546765e-18
 3.780000e+05     5.636140e-18
 3.800000e+05     5.726252e-18
 3.820000e+05     5.819008e-18
 3.840000e+05     5.912138e-18
 3.860000e+05     6.005589e-18
 3.880000e+05     6.100763e-18
 3.900000e+05     6.196568e-18
 3.920000e+05     6.291118e-18
 4.320000e+05     8.376928e-18
 4.760000e+05     1.094708e-17
 5.250000e+05     1.401578e-17
 5.790000e+05     1.748006e-17
 6.390000e+05     2.122099e-17
 7.040000e+05     2.487128e-17
 7.760000e+05     2.814955e-17
 8.560000e+05     3.071716e-17
 9.430000e+05     3.231173e-17
 1.040000e+06     3.287262e-17
 1.147000e+06     3.240873e-17
 1.264000e+06     3.105999e-17
 1.394000e+06     2.898923e-17
 1.537000e+06     2.643462e-17
 1.694000e+06     2.361381e-17
 1.868000e+06     2.069136e-17
 2.059000e+06     1.784963e-17
 2.270000e+06     1.518301e-17
 2.503000e+06     1.276638e-17
 2.760000e+06     1.063826e-17
 3.043000e+06     8.808565e-18
 3.354000e+06     7.264290e-18
 3.698000e+06     5.969864e-18
 4.077000e+06     4.899226e-18
 4.495000e+06     4.017269e-18
 4.956000e+06     3.292279e-18
 5.464000e+06     2.696613e-18
 6.024000e+06     2.206355e-18
 6.641000e+06     1.802663e-18
 7.322000e+06     1.469971e-18
 8.073000e+06     1.196894e-18
 8.900000e+06     9.743653e-19
 9.813000e+06     7.942612e-19
 1.082000e+07     6.503707e-19
 1.193000e+07     5.369345e-19
 1.315000e+07     4.490752e-19
 1.450000e+07     3.818423e-19
 1.598000e+07     3.318910e-19
 1.762000e+07     2.953871e-19
 1.943000e+07     2.697688e-19
 2.142000e+07     2.527790e-19
 2.362000e+07     2.424798e-19
 2.604000e+07     2.374563e-19
 2.871000e+07     2.365480e-19
 3.165000e+07     2.388914e-19
 3.489000e+07     2.438316e-19
 3.847000e+07     2.508904e-19
 4.241000e+07     2.596764e-19
 4.676000e+07     2.699486e-19
 5.155000e+07     2.814860e-19
 5.683000e+07     2.941628e-19
 6.266000e+07     3.079141e-19
 6.908000e+07     3.226515e-19
 7.616000e+07     3.383593e-19
 8.397000e+07     3.550411e-19
 9.258000e+07     3.726878e-19
 1.020700e+08     3.913127e-19
 1.125300e+08     4.109348e-19
 1.240600e+08     4.316012e-19
 1.367800e+08     4.533682e-19
 1.508000e+08     4.762523e-19
 1.662500e+08     5.003092e-19
 1.833000e+08     5.256328e-19
 2.020800e+08     5.522223e-19
 2.228000e+08     5.801978e-19
 2.456300e+08     6.095772e-19
 2.708100e+08     6.404739e-19
 2.985700e+08     6.729456e-19
 3.291700e+08     7.070684e-19
 3.629100e+08     7.429443e-19
 4.001100e+08     7.806490e-19
 4.411200e+08     8.202742e-19
 4.863400e+08     8.619163e-19
 5.361900e+08     9.056797e-19
 5.911500e+08     9.516830e-19
 6.517400e+08     1.000036e-18
 7.185400e+08     1.050860e-18
 7.921900e+08     1.104272e-18
 8.733900e+08     1.160404e-18
 9.629200e+08     1.219404e-18
 1.000000e+09     1.243046e-18
