## EBL from Khaire & Srianand 2018; Q16 Model with alpha=-1.6 
## Column1:wavelength (Angstrom);  Column2:EBL specific intensity J_nu (erg/s/cm^2/Hz/Sr)
## ===========================================================================================
 1.000000e-08     9.914149e-37
 1.122019e-08     1.443472e-36
 1.258925e-08     2.078947e-36
 1.412538e-08     2.946395e-36
 1.584893e-08     4.101834e-36
 1.778279e-08     5.609777e-36
 1.995263e-08     7.544308e-36
 2.238721e-08     9.990292e-36
 2.511887e-08     1.304493e-35
 2.818382e-08     1.681935e-35
 3.162278e-08     2.144089e-35
 3.548135e-08     2.705537e-35
 3.981071e-08     3.383020e-35
 4.466837e-08     4.195796e-35
 5.011870e-08     5.166024e-35
 5.623413e-08     6.319295e-35
 6.309576e-08     7.685131e-35
 7.079456e-08     9.297655e-35
 7.943284e-08     1.119639e-34
 8.912505e-08     1.342701e-34
 1.000000e-07     1.604252e-34
 1.122019e-07     1.910421e-34
 1.258925e-07     2.268312e-34
 1.412538e-07     2.686170e-34
 1.584892e-07     3.173527e-34
 1.778279e-07     3.741459e-34
 1.995263e-07     4.402785e-34
 2.238721e-07     5.172359e-34
 2.511887e-07     6.067417e-34
 2.818382e-07     7.107912e-34
 3.162278e-07     8.317000e-34
 3.548136e-07     9.721493e-34
 3.981071e-07     1.135245e-33
 4.466837e-07     1.324594e-33
 5.011870e-07     1.544365e-33
 5.623413e-07     1.799402e-33
 6.309576e-07     2.095309e-33
 7.079456e-07     2.438581e-33
 7.943284e-07     2.836754e-33
 8.912505e-07     3.298546e-33
 1.000000e-06     3.834077e-33
 1.122019e-06     4.455062e-33
 1.258925e-06     5.175070e-33
 1.412538e-06     6.009855e-33
 1.584893e-06     6.977635e-33
 1.778279e-06     8.099549e-33
 1.995263e-06     9.400090e-33
 2.238721e-06     1.090762e-32
 2.511887e-06     1.265502e-32
 2.818382e-06     1.468039e-32
 3.162278e-06     1.702790e-32
 3.548136e-06     1.974872e-32
 3.981071e-06     2.290206e-32
 4.466837e-06     2.655672e-32
 5.011870e-06     3.079223e-32
 5.623413e-06     3.570092e-32
 6.309576e-06     4.138966e-32
 7.079456e-06     4.798224e-32
 7.943284e-06     5.562236e-32
 8.912505e-06     6.447617e-32
 1.000000e-05     7.473660e-32
 1.122019e-05     8.662693e-32
 1.258925e-05     1.004058e-31
 1.412538e-05     1.163734e-31
 1.584893e-05     1.348770e-31
 1.778279e-05     1.563195e-31
 1.995263e-05     1.811677e-31
 2.238721e-05     2.099617e-31
 2.511887e-05     2.433288e-31
 2.818382e-05     2.819944e-31
 3.162278e-05     3.268008e-31
 3.548135e-05     3.787223e-31
 3.981071e-05     4.388884e-31
 4.466837e-05     5.086091e-31
 5.011870e-05     5.894002e-31
 5.623413e-05     6.830212e-31
 6.309577e-05     7.915084e-31
 7.079457e-05     9.172206e-31
 7.943284e-05     1.062895e-30
 8.912505e-05     1.231700e-30
 1.000000e-04     1.427310e-30
 1.122018e-04     1.653978e-30
 1.258926e-04     1.916536e-30
 1.412538e-04     2.217275e-30
 1.584893e-04     2.562938e-30
 1.778279e-04     2.961819e-30
 1.995262e-04     3.423606e-30
 2.238722e-04     3.959540e-30
 2.511887e-04     4.582682e-30
 2.818383e-04     5.308295e-30
 3.162278e-04     6.154268e-30
 3.548134e-04     7.141643e-30
 3.981073e-04     8.295240e-30
 4.466837e-04     9.644357e-30
 5.011873e-04     1.122365e-29
 5.623413e-04     1.307415e-29
 6.309572e-04     1.524444e-29
 7.079460e-04     1.779215e-29
 7.943284e-04     2.078559e-29
 8.912510e-04     2.430589e-29
 1.000000e-03     2.844941e-29
 1.122018e-03     3.333064e-29
 1.258926e-03     3.908583e-29
 1.412538e-03     4.587691e-29
 1.584893e-03     5.389676e-29
 1.778279e-03     6.337514e-29
 1.995262e-03     7.458578e-29
 2.238722e-03     8.785504e-29
 2.511887e-03     1.035719e-28
 2.818383e-03     1.222010e-28
 3.162278e-03     1.442963e-28
 3.548133e-03     1.705197e-28
 3.981073e-03     2.016620e-28
 4.466837e-03     2.386674e-28
 5.011873e-03     2.826657e-28
 5.623413e-03     3.350092e-28
 6.309573e-03     3.973201e-28
 7.079460e-03     4.715527e-28
 7.943284e-03     5.600745e-28
 8.912510e-03     6.657788e-28
 1.000000e-02     7.922331e-28
 1.122019e-02     9.438715e-28
 1.258925e-02     1.126227e-27
 1.412538e-02     1.346222e-27
 1.584894e-02     1.612454e-27
 1.778279e-02     1.935535e-27
 1.995263e-02     2.328432e-27
 2.238721e-02     2.806781e-27
 2.511887e-02     3.389276e-27
 2.818385e-02     4.098027e-27
 3.162277e-02     4.958998e-27
 3.548136e-02     6.002586e-27
 3.981071e-02     7.264188e-27
 4.466837e-02     8.785143e-27
 5.011876e-02     1.061368e-26
 5.623413e-02     1.280624e-26
 6.309576e-02     1.542916e-26
 7.079456e-02     1.856051e-26
 7.943284e-02     2.229261e-26
 8.912515e-02     2.673480e-26
 1.000000e-01     3.201682e-26
 1.122019e-01     3.829478e-26
 1.258925e-01     4.565731e-26
 1.412538e-01     5.402104e-26
 1.584894e-01     6.327991e-26
 1.778279e-01     7.332229e-26
 1.995263e-01     8.404086e-26
 2.238721e-01     9.533692e-26
 2.511887e-01     1.071231e-25
 2.818385e-01     1.193234e-25
 3.162278e-01     1.318727e-25
 3.548135e-01     1.447171e-25
 3.981071e-01     1.578126e-25
 4.466837e-01     1.711247e-25
 5.011876e-01     1.846277e-25
 5.623413e-01     1.983039e-25
 6.309576e-01     2.121432e-25
 7.079456e-01     2.261412e-25
 7.943284e-01     2.402994e-25
 8.912515e-01     2.546231e-25
 1.000000e+00     2.691217e-25
 1.122019e+00     2.838076e-25
 1.258925e+00     2.986948e-25
 1.412538e+00     3.137993e-25
 1.584894e+00     3.290853e-25
 1.778279e+00     3.439610e-25
 1.995263e+00     3.588837e-25
 2.238721e+00     3.743327e-25
 2.511887e+00     3.907555e-25
 2.818385e+00     4.085739e-25
 3.162278e+00     4.282092e-25
 3.548136e+00     4.501166e-25
 3.981071e+00     4.748167e-25
 4.466837e+00     5.029305e-25
 5.011876e+00     5.352101e-25
 5.623413e+00     5.725743e-25
 6.309576e+00     6.160535e-25
 7.079456e+00     6.649337e-25
 7.943284e+00     7.214980e-25
 8.912516e+00     7.885173e-25
 1.000000e+01     8.690709e-25
 1.122019e+01     9.665808e-25
 1.258925e+01     1.084885e-24
 1.412538e+01     1.228337e-24
 1.584894e+01     1.401873e-24
 1.778279e+01     1.611036e-24
 1.995263e+01     1.861928e-24
 2.238721e+01     2.160999e-24
 2.511887e+01     2.514699e-24
 2.818385e+01     2.928842e-24
 3.162278e+01     3.407730e-24
 3.548135e+01     3.952630e-24
 3.981071e+01     4.560015e-24
 4.466837e+01     5.188541e-24
 5.011876e+01     5.915992e-24
 5.623413e+01     6.669595e-24
 6.309576e+01     7.555980e-24
 7.079456e+01     8.456775e-24
 7.943284e+01     9.524747e-24
 8.912515e+01     1.072403e-23
 1.000000e+02     1.212082e-23
 1.120000e+02     1.375136e-23
 1.250000e+02     1.552654e-23
 1.400000e+02     1.753899e-23
 1.550000e+02     1.944619e-23
 1.650000e+02     2.069078e-23
 1.750000e+02     2.183243e-23
 1.850000e+02     2.295601e-23
 1.900000e+02     2.352618e-23
 1.950000e+02     2.404457e-23
 2.000000e+02     2.462598e-23
 2.050000e+02     2.528893e-23
 2.100000e+02     2.609288e-23
 2.150000e+02     2.733393e-23
 2.180000e+02     2.842808e-23
 2.210000e+02     3.004670e-23
 2.240000e+02     3.225509e-23
 2.260000e+02     3.433052e-23
 2.270000e+02     3.558447e-23
 2.275000e+02     3.626375e-23
 2.278400e+02     3.680140e-23
 2.380000e+02     4.463244e-23
 2.500000e+02     5.280043e-23
 2.700000e+02     6.598664e-23
 2.900000e+02     7.799986e-23
 3.035000e+02     8.525900e-23
 3.037800e+02     1.268735e-22
 3.045000e+02     1.270291e-22
 3.060000e+02     1.274257e-22
 3.080000e+02     1.279771e-22
 3.100000e+02     1.285346e-22
 3.120000e+02     1.290983e-22
 3.150000e+02     1.299702e-22
 3.200000e+02     1.316005e-22
 3.250000e+02     1.326949e-22
 3.300000e+02     1.338348e-22
 3.400000e+02     1.358451e-22
 3.600000e+02     1.401982e-22
 3.800000e+02     1.439867e-22
 4.050000e+02     1.504419e-22
 4.250000e+02     1.568113e-22
 4.500000e+02     1.665055e-22
 4.650000e+02     1.724272e-22
 4.750000e+02     1.768257e-22
 4.820000e+02     1.808809e-22
 4.870000e+02     1.830686e-22
 4.910000e+02     1.848355e-22
 4.950000e+02     1.866195e-22
 4.980000e+02     1.879699e-22
 5.000000e+02     1.888677e-22
 5.020000e+02     1.896830e-22
 5.039800e+02     1.904940e-22
 5.100000e+02     1.942117e-22
 5.250000e+02     2.026631e-22
 5.600000e+02     2.222847e-22
 6.000000e+02     2.459316e-22
 6.500000e+02     2.757506e-22
 7.000000e+02     3.068083e-22
 7.500000e+02     3.401507e-22
 8.000000e+02     3.774601e-22
 8.300000e+02     4.020665e-22
 8.600000e+02     4.304439e-22
 8.800000e+02     4.508361e-22
 8.900000e+02     4.621190e-22
 8.960000e+02     4.685951e-22
 9.000000e+02     4.731056e-22
 9.030000e+02     4.765149e-22
 9.060000e+02     4.799470e-22
 9.090000e+02     4.834024e-22
 9.117800e+02     4.881898e-22
 9.300000e+02     7.192478e-22
 9.500000e+02     7.517365e-22
 9.750000e+02     1.071949e-21
 9.900000e+02     1.181086e-21
 1.005000e+03     1.386180e-21
 1.025000e+03     1.647441e-21
 1.045000e+03     1.937557e-21
 1.065000e+03     2.297154e-21
 1.085000e+03     2.721697e-21
 1.105000e+03     3.125135e-21
 1.125000e+03     3.605747e-21
 1.145000e+03     4.042456e-21
 1.165000e+03     4.566275e-21
 1.185000e+03     5.051062e-21
 1.205000e+03     5.560224e-21
 1.215600e+03     5.800797e-21
 1.215670e+03     5.966578e-21
 1.216000e+03     5.973188e-21
 1.218000e+03     6.013205e-21
 1.221000e+03     6.071935e-21
 1.225000e+03     6.149892e-21
 1.230000e+03     6.258273e-21
 1.240000e+03     6.496569e-21
 1.250000e+03     6.773339e-21
 1.265000e+03     7.223717e-21
 1.285000e+03     7.862850e-21
 1.305000e+03     8.530563e-21
 1.325000e+03     9.190658e-21
 1.345000e+03     9.856360e-21
 1.365000e+03     1.056725e-20
 1.385000e+03     1.125579e-20
 1.405000e+03     1.194920e-20
 1.425000e+03     1.262241e-20
 1.442000e+03     1.319993e-20
 1.455000e+03     1.368110e-20
 1.475000e+03     1.440557e-20
 1.517000e+03     1.582081e-20
 1.595000e+03     1.824294e-20
 1.672000e+03     2.058777e-20
 1.745000e+03     2.271294e-20
 1.825000e+03     2.488583e-20
 1.905000e+03     2.677465e-20
 1.984000e+03     2.845460e-20
 2.065000e+03     2.992597e-20
 2.135000e+03     3.093373e-20
 2.215000e+03     3.192296e-20
 2.295000e+03     3.285816e-20
 2.375000e+03     3.378456e-20
 2.455000e+03     3.473675e-20
 2.525000e+03     3.556912e-20
 2.605000e+03     3.656179e-20
 2.685000e+03     3.769568e-20
 2.765000e+03     3.875627e-20
 2.845000e+03     3.964231e-20
 2.950000e+03     4.101194e-20
 3.110000e+03     4.312794e-20
 3.270000e+03     4.507538e-20
 3.430000e+03     4.698070e-20
 3.590000e+03     4.880747e-20
 3.730000e+03     5.052544e-20
 3.890000e+03     5.449624e-20
 4.050000e+03     5.838297e-20
 4.210000e+03     6.467139e-20
 4.370000e+03     7.051561e-20
 4.530000e+03     7.626222e-20
 4.690000e+03     8.202481e-20
 4.850000e+03     8.718724e-20
 5.010000e+03     9.169928e-20
 5.170000e+03     9.627093e-20
 5.330000e+03     1.005956e-19
 5.490000e+03     1.048115e-19
 5.650000e+03     1.089455e-19
 5.810000e+03     1.129796e-19
 5.970000e+03     1.165760e-19
 6.130000e+03     1.201266e-19
 6.290000e+03     1.232883e-19
 6.450000e+03     1.263610e-19
 6.610000e+03     1.291443e-19
 6.770000e+03     1.319493e-19
 6.930000e+03     1.345477e-19
 7.090000e+03     1.369510e-19
 7.250000e+03     1.392084e-19
 7.410000e+03     1.413857e-19
 7.570000e+03     1.434968e-19
 7.730000e+03     1.456699e-19
 7.890000e+03     1.476807e-19
 8.050000e+03     1.496028e-19
 8.210000e+03     1.514404e-19
 8.370000e+03     1.532322e-19
 8.530000e+03     1.549096e-19
 8.690000e+03     1.565390e-19
 8.850000e+03     1.583017e-19
 9.010000e+03     1.599867e-19
 9.170000e+03     1.616422e-19
 9.330000e+03     1.633414e-19
 9.490000e+03     1.651733e-19
 9.650000e+03     1.667575e-19
 9.810000e+03     1.683878e-19
 9.970000e+03     1.700030e-19
 1.050000e+04     1.746327e-19
 1.150000e+04     1.805666e-19
 1.250000e+04     1.852234e-19
 1.350000e+04     1.886433e-19
 1.450000e+04     1.916177e-19
 1.550000e+04     1.948941e-19
 1.650000e+04     1.975970e-19
 1.750000e+04     1.984071e-19
 1.850000e+04     1.972295e-19
 1.950000e+04     1.943884e-19
 2.050000e+04     1.906709e-19
 2.150000e+04     1.864468e-19
 2.250000e+04     1.816554e-19
 2.350000e+04     1.758243e-19
 2.450000e+04     1.688339e-19
 2.550000e+04     1.625361e-19
 2.650000e+04     1.563417e-19
 2.750000e+04     1.508161e-19
 2.850000e+04     1.457255e-19
 2.950000e+04     1.408922e-19
 3.050000e+04     1.362570e-19
 3.150000e+04     1.317841e-19
 3.250000e+04     1.274368e-19
 3.350000e+04     1.232036e-19
 3.450000e+04     1.191019e-19
 3.550000e+04     1.151684e-19
 3.650000e+04     1.113801e-19
 3.750000e+04     1.078758e-19
 3.850000e+04     1.046216e-19
 3.950000e+04     1.014182e-19
 4.050000e+04     9.797541e-20
 4.150000e+04     9.464587e-20
 4.250000e+04     9.162090e-20
 4.350000e+04     8.881881e-20
 4.450000e+04     8.612599e-20
 4.550000e+04     8.354532e-20
 4.650000e+04     8.113555e-20
 4.750000e+04     7.893326e-20
 4.850000e+04     7.695407e-20
 4.950000e+04     7.522472e-20
 5.050000e+04     7.378581e-20
 5.150000e+04     7.267059e-20
 5.250000e+04     7.190351e-20
 5.350000e+04     7.223931e-20
 5.450000e+04     7.245907e-20
 5.550000e+04     7.359266e-20
 5.650000e+04     7.560671e-20
 5.750000e+04     7.822121e-20
 5.850000e+04     7.995601e-20
 5.950000e+04     8.145800e-20
 6.050000e+04     8.513087e-20
 6.150000e+04     9.251565e-20
 6.250000e+04     1.114396e-19
 6.350000e+04     1.258433e-19
 6.450000e+04     1.311323e-19
 6.550000e+04     1.334854e-19
 6.650010e+04     1.373490e-19
 6.750010e+04     1.405973e-19
 6.850010e+04     1.438801e-19
 6.950010e+04     1.486066e-19
 7.020000e+04     1.538420e-19
 7.100000e+04     1.590940e-19
 7.180000e+04     1.646692e-19
 7.260000e+04     1.705637e-19
 7.340000e+04     1.781422e-19
 7.420000e+04     1.889104e-19
 7.500000e+04     2.041021e-19
 7.580000e+04     2.231133e-19
 7.660000e+04     2.444226e-19
 7.740000e+04     2.642007e-19
 7.820000e+04     2.826906e-19
 7.900000e+04     2.990188e-19
 7.980000e+04     3.111739e-19
 8.060000e+04     3.198195e-19
 8.140000e+04     3.250395e-19
 8.220000e+04     3.285581e-19
 8.300000e+04     3.315872e-19
 8.380000e+04     3.343875e-19
 8.460000e+04     3.371118e-19
 8.540000e+04     3.405987e-19
 8.620000e+04     3.448192e-19
 8.700000e+04     3.478044e-19
 8.780000e+04     3.479477e-19
 8.860000e+04     3.456011e-19
 8.940000e+04     3.420157e-19
 9.020000e+04     3.378860e-19
 9.100000e+04     3.330977e-19
 9.180000e+04     3.280285e-19
 9.260000e+04     3.229441e-19
 9.340000e+04     3.178067e-19
 9.420000e+04     3.127550e-19
 9.500000e+04     3.076743e-19
 9.580000e+04     3.025910e-19
 9.660000e+04     2.981178e-19
 9.740000e+04     2.940268e-19
 9.820000e+04     2.894461e-19
 9.900000e+04     2.847880e-19
 9.980000e+04     2.802844e-19
 1.006000e+05     2.758594e-19
 1.020000e+05     2.688796e-19
 1.040000e+05     2.601383e-19
 1.060000e+05     2.543533e-19
 1.080000e+05     2.509208e-19
 1.100000e+05     2.501408e-19
 1.120000e+05     2.629774e-19
 1.140000e+05     2.913238e-19
 1.160000e+05     3.037983e-19
 1.180000e+05     3.070707e-19
 1.200000e+05     3.147722e-19
 1.220000e+05     3.239871e-19
 1.240000e+05     3.357716e-19
 1.260000e+05     3.520113e-19
 1.280000e+05     3.802503e-19
 1.300000e+05     4.035895e-19
 1.320000e+05     4.128100e-19
 1.340000e+05     4.129410e-19
 1.360000e+05     4.252764e-19
 1.380000e+05     4.298911e-19
 1.400000e+05     4.358071e-19
 1.420000e+05     4.438957e-19
 1.440000e+05     4.501238e-19
 1.460000e+05     4.568317e-19
 1.480000e+05     4.632818e-19
 1.500000e+05     4.699311e-19
 1.520000e+05     4.772040e-19
 1.540000e+05     4.843760e-19
 1.560000e+05     4.948766e-19
 1.580000e+05     5.038917e-19
 1.600000e+05     5.125653e-19
 1.620000e+05     5.211134e-19
 1.640000e+05     5.332853e-19
 1.660000e+05     5.489705e-19
 1.680000e+05     5.625172e-19
 1.700000e+05     5.784453e-19
 1.720000e+05     5.970433e-19
 1.740000e+05     6.115823e-19
 1.760000e+05     6.247962e-19
 1.780000e+05     6.350235e-19
 1.800000e+05     6.456957e-19
 1.820000e+05     6.549328e-19
 1.840000e+05     6.644246e-19
 1.860000e+05     6.751566e-19
 1.880000e+05     6.923867e-19
 1.900000e+05     7.050765e-19
 1.920000e+05     7.182530e-19
 1.940000e+05     7.306523e-19
 1.960000e+05     7.449754e-19
 1.980000e+05     7.612834e-19
 2.000000e+05     7.782102e-19
 2.020000e+05     7.952876e-19
 2.040000e+05     8.141390e-19
 2.060000e+05     8.327469e-19
 2.080000e+05     8.504059e-19
 2.100000e+05     8.710215e-19
 2.120000e+05     8.921104e-19
 2.140000e+05     9.132782e-19
 2.160000e+05     9.377660e-19
 2.180000e+05     9.636653e-19
 2.200000e+05     9.880584e-19
 2.220000e+05     1.014187e-18
 2.240000e+05     1.043430e-18
 2.260000e+05     1.071463e-18
 2.280000e+05     1.099053e-18
 2.300000e+05     1.129653e-18
 2.320000e+05     1.162012e-18
 2.340000e+05     1.194264e-18
 2.360000e+05     1.226966e-18
 2.380000e+05     1.261811e-18
 2.400000e+05     1.298444e-18
 2.420000e+05     1.335085e-18
 2.440000e+05     1.372026e-18
 2.460000e+05     1.411227e-18
 2.480000e+05     1.452246e-18
 2.500000e+05     1.494094e-18
 2.520000e+05     1.536384e-18
 2.540000e+05     1.579418e-18
 2.560000e+05     1.624158e-18
 2.580000e+05     1.671378e-18
 2.600000e+05     1.720691e-18
 2.620000e+05     1.769173e-18
 2.640000e+05     1.817288e-18
 2.660000e+05     1.867143e-18
 2.680000e+05     1.919606e-18
 2.700000e+05     1.973791e-18
 2.720000e+05     2.027867e-18
 2.740000e+05     2.081084e-18
 2.760000e+05     2.136329e-18
 2.780000e+05     2.195079e-18
 2.800000e+05     2.256481e-18
 2.820000e+05     2.319281e-18
 2.840000e+05     2.380760e-18
 2.860000e+05     2.441396e-18
 2.880000e+05     2.503210e-18
 2.900000e+05     2.568117e-18
 2.920000e+05     2.634395e-18
 2.940000e+05     2.702071e-18
 2.960000e+05     2.771552e-18
 2.980000e+05     2.840833e-18
 3.000000e+05     2.910228e-18
 3.020000e+05     2.982255e-18
 3.040000e+05     3.056624e-18
 3.060000e+05     3.131711e-18
 3.080000e+05     3.208457e-18
 3.100000e+05     3.285505e-18
 3.120000e+05     3.361490e-18
 3.140000e+05     3.440600e-18
 3.160000e+05     3.522901e-18
 3.180000e+05     3.605675e-18
 3.200000e+05     3.691336e-18
 3.220000e+05     3.779606e-18
 3.240000e+05     3.868464e-18
 3.260000e+05     3.959110e-18
 3.280000e+05     4.049603e-18
 3.300000e+05     4.141410e-18
 3.320000e+05     4.234984e-18
 3.340000e+05     4.341044e-18
 3.360000e+05     4.454345e-18
 3.380000e+05     4.562773e-18
 3.400000e+05     4.660421e-18
 3.420000e+05     4.758445e-18
 3.440000e+05     4.861083e-18
 3.460000e+05     4.965860e-18
 3.480000e+05     5.079372e-18
 3.500000e+05     5.199042e-18
 3.520000e+05     5.308036e-18
 3.540000e+05     5.412623e-18
 3.560000e+05     5.513545e-18
 3.580000e+05     5.611904e-18
 3.600000e+05     5.715862e-18
 3.620000e+05     5.817081e-18
 3.640000e+05     5.917199e-18
 3.660000e+05     6.017687e-18
 3.680000e+05     6.119688e-18
 3.700000e+05     6.224959e-18
 3.720000e+05     6.330771e-18
 3.740000e+05     6.435689e-18
 3.760000e+05     6.542486e-18
 3.780000e+05     6.651517e-18
 3.800000e+05     6.763227e-18
 3.820000e+05     6.874296e-18
 3.840000e+05     6.987459e-18
 3.860000e+05     7.101298e-18
 3.880000e+05     7.216376e-18
 3.900000e+05     7.334552e-18
 3.920000e+05     7.453837e-18
 4.320000e+05     9.968871e-18
 4.760000e+05     1.296648e-17
 5.250000e+05     1.643588e-17
 5.790000e+05     2.023380e-17
 6.390000e+05     2.420147e-17
 7.040000e+05     2.787013e-17
 7.760000e+05     3.091467e-17
 8.560000e+05     3.304715e-17
 9.430000e+05     3.408861e-17
 1.040000e+06     3.404569e-17
 1.147000e+06     3.300098e-17
 1.264000e+06     3.114962e-17
 1.394000e+06     2.868086e-17
 1.537000e+06     2.584956e-17
 1.694000e+06     2.286844e-17
 1.868000e+06     1.988731e-17
 2.059000e+06     1.706738e-17
 2.270000e+06     1.447947e-17
 2.503000e+06     1.217555e-17
 2.760000e+06     1.017381e-17
 3.043000e+06     8.468016e-18
 3.354000e+06     7.033975e-18
 3.698000e+06     5.830513e-18
 4.077000e+06     4.828623e-18
 4.495000e+06     3.993968e-18
 4.956000e+06     3.297613e-18
 5.464000e+06     2.715922e-18
 6.024000e+06     2.229352e-18
 6.641000e+06     1.823109e-18
 7.322000e+06     1.484928e-18
 8.073000e+06     1.205794e-18
 8.900000e+06     9.780959e-19
 9.813000e+06     7.942927e-19
 1.082000e+07     6.482674e-19
 1.193000e+07     5.342579e-19
 1.315000e+07     4.470274e-19
 1.450000e+07     3.812310e-19
 1.598000e+07     3.331610e-19
 1.762000e+07     2.987475e-19
 1.943000e+07     2.752466e-19
 2.142000e+07     2.602983e-19
 2.362000e+07     2.519170e-19
 2.604000e+07     2.486542e-19
 2.871000e+07     2.493687e-19
 3.165000e+07     2.532111e-19
 3.489000e+07     2.595451e-19
 3.847000e+07     2.679242e-19
 4.241000e+07     2.779717e-19
 4.676000e+07     2.894734e-19
 5.155000e+07     3.022217e-19
 5.683000e+07     3.161150e-19
 6.266000e+07     3.311001e-19
 6.908000e+07     3.471039e-19
 7.616000e+07     3.641142e-19
 8.397000e+07     3.821464e-19
 9.258000e+07     4.012023e-19
 1.020700e+08     4.212885e-19
 1.125300e+08     4.424396e-19
 1.240600e+08     4.647104e-19
 1.367800e+08     4.881612e-19
 1.508000e+08     5.128110e-19
 1.662500e+08     5.387221e-19
 1.833000e+08     5.659845e-19
 2.020800e+08     5.946116e-19
 2.228000e+08     6.247282e-19
 2.456300e+08     6.563579e-19
 2.708100e+08     6.896171e-19
 2.985700e+08     7.245767e-19
 3.291700e+08     7.613116e-19
 3.629100e+08     7.999257e-19
 4.001100e+08     8.405091e-19
 4.411200e+08     8.831518e-19
 4.863400e+08     9.279688e-19
 5.361900e+08     9.750766e-19
 5.911500e+08     1.024591e-18
 6.517400e+08     1.076630e-18
 7.185400e+08     1.131310e-18
 7.921900e+08     1.188766e-18
 8.733900e+08     1.249140e-18
 9.629200e+08     1.312598e-18
 1.000000e+09     1.338026e-18
