## EBL from Khaire & Srianand 2018; Q16 Model with alpha=-1.6 
## Column1:wavelength (Angstrom);  Column2:EBL specific intensity J_nu (erg/s/cm^2/Hz/Sr)
## ===========================================================================================
 1.000000e-08     9.345210e-37
 1.122019e-08     1.359847e-36
 1.258925e-08     1.953490e-36
 1.412538e-08     2.756912e-36
 1.584893e-08     3.818366e-36
 1.778279e-08     5.193708e-36
 1.995263e-08     6.947199e-36
 2.238721e-08     9.152475e-36
 2.511887e-08     1.189385e-35
 2.818382e-08     1.526772e-35
 3.162278e-08     1.938452e-35
 3.548135e-08     2.437076e-35
 3.981071e-08     3.037179e-35
 4.466837e-08     3.755493e-35
 5.011870e-08     4.611280e-35
 5.623413e-08     5.626801e-35
 6.309576e-08     6.827749e-35
 7.079456e-08     8.243832e-35
 7.943284e-08     9.909473e-35
 8.912505e-08     1.186447e-34
 1.000000e-07     1.415498e-34
 1.122019e-07     1.683445e-34
 1.258925e-07     1.996477e-34
 1.412538e-07     2.361780e-34
 1.584892e-07     2.787663e-34
 1.778279e-07     3.283780e-34
 1.995263e-07     3.861304e-34
 2.238721e-07     4.533181e-34
 2.511887e-07     5.314435e-34
 2.818382e-07     6.222457e-34
 3.162278e-07     7.277431e-34
 3.548136e-07     8.502725e-34
 3.981071e-07     9.925413e-34
 4.466837e-07     1.157692e-33
 5.011870e-07     1.349360e-33
 5.623413e-07     1.571766e-33
 6.309576e-07     1.829795e-33
 7.079456e-07     2.129106e-33
 7.943284e-07     2.476268e-33
 8.912505e-07     2.878880e-33
 1.000000e-06     3.345762e-33
 1.122019e-06     3.887124e-33
 1.258925e-06     4.514792e-33
 1.412538e-06     5.242496e-33
 1.584893e-06     6.086114e-33
 1.778279e-06     7.064070e-33
 1.995263e-06     8.197711e-33
 2.238721e-06     9.511748e-33
 2.511887e-06     1.103486e-32
 2.818382e-06     1.280023e-32
 3.162278e-06     1.484636e-32
 3.548136e-06     1.721784e-32
 3.981071e-06     1.996630e-32
 4.466837e-06     2.315168e-32
 5.011870e-06     2.684329e-32
 5.623413e-06     3.112161e-32
 6.309576e-06     3.607978e-32
 7.079456e-06     4.182570e-32
 7.943284e-06     4.848456e-32
 8.912505e-06     5.620123e-32
 1.000000e-05     6.514381e-32
 1.122019e-05     7.550692e-32
 1.258925e-05     8.751597e-32
 1.412538e-05     1.014326e-31
 1.584893e-05     1.175595e-31
 1.778279e-05     1.362477e-31
 1.995263e-05     1.579040e-31
 2.238721e-05     1.829993e-31
 2.511887e-05     2.120802e-31
 2.818382e-05     2.457791e-31
 3.162278e-05     2.848297e-31
 3.548135e-05     3.300814e-31
 3.981071e-05     3.825187e-31
 4.466837e-05     4.432831e-31
 5.011870e-05     5.136957e-31
 5.623413e-05     5.952900e-31
 6.309577e-05     6.898408e-31
 7.079457e-05     7.994038e-31
 7.943284e-05     9.263651e-31
 8.912505e-05     1.073484e-30
 1.000000e-04     1.243966e-30
 1.122018e-04     1.441515e-30
 1.258926e-04     1.670294e-30
 1.412538e-04     1.931513e-30
 1.584893e-04     2.231771e-30
 1.778279e-04     2.578671e-30
 1.995262e-04     2.980805e-30
 2.238722e-04     3.448019e-30
 2.511887e-04     3.991715e-30
 2.818383e-04     4.625223e-30
 3.162278e-04     5.364196e-30
 3.548134e-04     6.227073e-30
 3.981073e-04     7.235624e-30
 4.466837e-04     8.415572e-30
 5.011873e-04     9.797361e-30
 5.623413e-04     1.141704e-29
 6.309572e-04     1.331731e-29
 7.079460e-04     1.554885e-29
 7.943284e-04     1.817174e-29
 8.912510e-04     2.125735e-29
 1.000000e-03     2.489046e-29
 1.122018e-03     2.917184e-29
 1.258926e-03     3.422145e-29
 1.412538e-03     4.018184e-29
 1.584893e-03     4.722290e-29
 1.778279e-03     5.554701e-29
 1.995262e-03     6.539533e-29
 2.238722e-03     7.705545e-29
 2.511887e-03     9.087022e-29
 2.818383e-03     1.072490e-28
 3.162278e-03     1.266805e-28
 3.548133e-03     1.497481e-28
 3.981073e-03     1.771492e-28
 4.466837e-03     2.097166e-28
 5.011873e-03     2.484471e-28
 5.623413e-03     2.945339e-28
 6.309573e-03     3.494100e-28
 7.079460e-03     4.148034e-28
 7.943284e-03     4.928121e-28
 8.912510e-03     5.860073e-28
 1.000000e-02     6.975690e-28
 1.122019e-02     8.314618e-28
 1.258925e-02     9.926427e-28
 1.412538e-02     1.187314e-27
 1.584894e-02     1.423177e-27
 1.778279e-02     1.709708e-27
 1.995263e-02     2.058449e-27
 2.238721e-02     2.483266e-27
 2.511887e-02     3.000663e-27
 2.818385e-02     3.630091e-27
 3.162277e-02     4.394320e-27
 3.548136e-02     5.319950e-27
 3.981071e-02     6.437915e-27
 4.466837e-02     7.784331e-27
 5.011876e-02     9.401346e-27
 5.623413e-02     1.133833e-26
 6.309576e-02     1.365338e-26
 7.079456e-02     1.641494e-26
 7.943284e-02     1.970408e-26
 8.912515e-02     2.361687e-26
 1.000000e-01     2.826745e-26
 1.122019e-01     3.379401e-26
 1.258925e-01     4.024637e-26
 1.412538e-01     4.750163e-26
 1.584894e-01     5.544660e-26
 1.778279e-01     6.398124e-26
 1.995263e-01     7.301844e-26
 2.238721e-01     8.248226e-26
 2.511887e-01     9.230724e-26
 2.818385e-01     1.024371e-25
 3.162278e-01     1.128240e-25
 3.548135e-01     1.234289e-25
 3.981071e-01     1.342200e-25
 4.466837e-01     1.451735e-25
 5.011876e-01     1.562722e-25
 5.623413e-01     1.675049e-25
 6.309576e-01     1.788664e-25
 7.079456e-01     1.903556e-25
 7.943284e-01     2.019759e-25
 8.912515e-01     2.137339e-25
 1.000000e+00     2.256385e-25
 1.122019e+00     2.377010e-25
 1.258925e+00     2.499338e-25
 1.412538e+00     2.623506e-25
 1.584894e+00     2.748956e-25
 1.778279e+00     2.869461e-25
 1.995263e+00     2.991139e-25
 2.238721e+00     3.118791e-25
 2.511887e+00     3.256247e-25
 2.818385e+00     3.406892e-25
 3.162278e+00     3.574125e-25
 3.548136e+00     3.761739e-25
 3.981071e+00     3.974200e-25
 4.466837e+00     4.216935e-25
 5.011876e+00     4.496572e-25
 5.623413e+00     4.821229e-25
 6.309576e+00     5.199581e-25
 7.079456e+00     5.621154e-25
 7.943284e+00     6.111475e-25
 8.912516e+00     6.696723e-25
 1.000000e+01     7.403813e-25
 1.122019e+01     8.261663e-25
 1.258925e+01     9.302253e-25
 1.412538e+01     1.056145e-24
 1.584894e+01     1.207917e-24
 1.778279e+01     1.389895e-24
 1.995263e+01     1.606638e-24
 2.238721e+01     1.862606e-24
 2.511887e+01     2.161752e-24
 2.818385e+01     2.506722e-24
 3.162278e+01     2.897835e-24
 3.548135e+01     3.321780e-24
 3.981071e+01     3.735696e-24
 4.466837e+01     4.253201e-24
 5.011876e+01     4.789979e-24
 5.623413e+01     5.380935e-24
 6.309576e+01     5.925599e-24
 7.079456e+01     6.555653e-24
 7.943284e+01     7.266904e-24
 8.912515e+01     8.063747e-24
 1.000000e+02     9.020802e-24
 1.120000e+02     1.005711e-23
 1.250000e+02     1.117127e-23
 1.400000e+02     1.239607e-23
 1.550000e+02     1.351442e-23
 1.650000e+02     1.421560e-23
 1.750000e+02     1.488135e-23
 1.850000e+02     1.548706e-23
 1.900000e+02     1.578954e-23
 1.950000e+02     1.609505e-23
 2.000000e+02     1.645288e-23
 2.050000e+02     1.690008e-23
 2.100000e+02     1.758697e-23
 2.150000e+02     1.881189e-23
 2.180000e+02     2.002013e-23
 2.210000e+02     2.178863e-23
 2.240000e+02     2.443402e-23
 2.260000e+02     2.691740e-23
 2.270000e+02     2.839477e-23
 2.275000e+02     2.918430e-23
 2.278400e+02     2.978917e-23
 2.380000e+02     3.848340e-23
 2.500000e+02     4.738024e-23
 2.700000e+02     5.945210e-23
 2.900000e+02     7.043155e-23
 3.035000e+02     7.754827e-23
 3.037800e+02     1.391353e-22
 3.045000e+02     1.386103e-22
 3.060000e+02     1.378064e-22
 3.080000e+02     1.367520e-22
 3.100000e+02     1.357585e-22
 3.120000e+02     1.348239e-22
 3.150000e+02     1.333683e-22
 3.200000e+02     1.310719e-22
 3.250000e+02     1.293684e-22
 3.300000e+02     1.277247e-22
 3.400000e+02     1.246818e-22
 3.600000e+02     1.223405e-22
 3.800000e+02     1.233429e-22
 4.050000e+02     1.286225e-22
 4.250000e+02     1.346555e-22
 4.500000e+02     1.437300e-22
 4.650000e+02     1.499283e-22
 4.750000e+02     1.535769e-22
 4.820000e+02     1.568170e-22
 4.870000e+02     1.588792e-22
 4.910000e+02     1.604895e-22
 4.950000e+02     1.620314e-22
 4.980000e+02     1.633027e-22
 5.000000e+02     1.647846e-22
 5.020000e+02     1.657032e-22
 5.039800e+02     1.664658e-22
 5.100000e+02     1.693995e-22
 5.250000e+02     1.776521e-22
 5.600000e+02     1.952110e-22
 6.000000e+02     2.149648e-22
 6.500000e+02     2.398571e-22
 7.000000e+02     2.667252e-22
 7.500000e+02     2.956637e-22
 8.000000e+02     3.292567e-22
 8.300000e+02     3.524701e-22
 8.600000e+02     3.804835e-22
 8.800000e+02     4.003576e-22
 8.900000e+02     4.113059e-22
 8.960000e+02     4.176186e-22
 9.000000e+02     4.218831e-22
 9.030000e+02     4.260444e-22
 9.060000e+02     4.293076e-22
 9.090000e+02     4.327631e-22
 9.117800e+02     4.360331e-22
 9.300000e+02     7.203605e-22
 9.500000e+02     9.513354e-22
 9.750000e+02     1.450984e-21
 9.900000e+02     1.679330e-21
 1.005000e+03     2.015398e-21
 1.025000e+03     2.530784e-21
 1.045000e+03     3.015632e-21
 1.065000e+03     3.661330e-21
 1.085000e+03     4.383371e-21
 1.105000e+03     5.082012e-21
 1.125000e+03     5.883523e-21
 1.145000e+03     6.624075e-21
 1.165000e+03     7.480184e-21
 1.185000e+03     8.261448e-21
 1.205000e+03     9.086803e-21
 1.215600e+03     9.453805e-21
 1.215670e+03     9.856553e-21
 1.216000e+03     9.867548e-21
 1.218000e+03     9.936455e-21
 1.221000e+03     1.003820e-20
 1.225000e+03     1.015901e-20
 1.230000e+03     1.030055e-20
 1.240000e+03     1.065722e-20
 1.250000e+03     1.106279e-20
 1.265000e+03     1.180995e-20
 1.285000e+03     1.277158e-20
 1.305000e+03     1.379488e-20
 1.325000e+03     1.477658e-20
 1.345000e+03     1.579620e-20
 1.365000e+03     1.681993e-20
 1.385000e+03     1.782730e-20
 1.405000e+03     1.880396e-20
 1.425000e+03     1.979098e-20
 1.442000e+03     2.060669e-20
 1.455000e+03     2.126764e-20
 1.475000e+03     2.221957e-20
 1.517000e+03     2.409063e-20
 1.595000e+03     2.715013e-20
 1.672000e+03     3.002994e-20
 1.745000e+03     3.252829e-20
 1.825000e+03     3.500150e-20
 1.905000e+03     3.707034e-20
 1.984000e+03     3.885842e-20
 2.065000e+03     4.029087e-20
 2.135000e+03     4.126646e-20
 2.215000e+03     4.216133e-20
 2.295000e+03     4.294794e-20
 2.375000e+03     4.379346e-20
 2.455000e+03     4.466459e-20
 2.525000e+03     4.544874e-20
 2.605000e+03     4.639120e-20
 2.685000e+03     4.750879e-20
 2.765000e+03     4.853956e-20
 2.845000e+03     4.936954e-20
 2.950000e+03     5.068725e-20
 3.110000e+03     5.265634e-20
 3.270000e+03     5.439275e-20
 3.430000e+03     5.603512e-20
 3.590000e+03     5.758879e-20
 3.730000e+03     5.918686e-20
 3.890000e+03     6.372830e-20
 4.050000e+03     6.808955e-20
 4.210000e+03     7.500272e-20
 4.370000e+03     8.119557e-20
 4.530000e+03     8.718135e-20
 4.690000e+03     9.300306e-20
 4.850000e+03     9.792832e-20
 5.010000e+03     1.022409e-19
 5.170000e+03     1.063719e-19
 5.330000e+03     1.102792e-19
 5.490000e+03     1.139802e-19
 5.650000e+03     1.175650e-19
 5.810000e+03     1.210555e-19
 5.970000e+03     1.240222e-19
 6.130000e+03     1.269879e-19
 6.290000e+03     1.295507e-19
 6.450000e+03     1.319875e-19
 6.610000e+03     1.341896e-19
 6.770000e+03     1.364062e-19
 6.930000e+03     1.384331e-19
 7.090000e+03     1.402807e-19
 7.250000e+03     1.420026e-19
 7.410000e+03     1.436519e-19
 7.570000e+03     1.452562e-19
 7.730000e+03     1.469635e-19
 7.890000e+03     1.485121e-19
 8.050000e+03     1.499571e-19
 8.210000e+03     1.513860e-19
 8.370000e+03     1.527374e-19
 8.530000e+03     1.540229e-19
 8.690000e+03     1.552794e-19
 8.850000e+03     1.567190e-19
 9.010000e+03     1.580934e-19
 9.170000e+03     1.594293e-19
 9.330000e+03     1.610217e-19
 9.490000e+03     1.624084e-19
 9.650000e+03     1.638138e-19
 9.810000e+03     1.651049e-19
 9.970000e+03     1.665205e-19
 1.050000e+04     1.702134e-19
 1.150000e+04     1.745311e-19
 1.250000e+04     1.776780e-19
 1.350000e+04     1.798504e-19
 1.450000e+04     1.817993e-19
 1.550000e+04     1.843586e-19
 1.650000e+04     1.863565e-19
 1.750000e+04     1.864286e-19
 1.850000e+04     1.845429e-19
 1.950000e+04     1.810601e-19
 2.050000e+04     1.769207e-19
 2.150000e+04     1.723735e-19
 2.250000e+04     1.673325e-19
 2.350000e+04     1.611624e-19
 2.450000e+04     1.539056e-19
 2.550000e+04     1.476326e-19
 2.650000e+04     1.415308e-19
 2.750000e+04     1.362642e-19
 2.850000e+04     1.314413e-19
 2.950000e+04     1.268974e-19
 3.050000e+04     1.225537e-19
 3.150000e+04     1.183713e-19
 3.250000e+04     1.143079e-19
 3.350000e+04     1.103546e-19
 3.450000e+04     1.065284e-19
 3.550000e+04     1.028680e-19
 3.650000e+04     9.935425e-20
 3.750000e+04     9.598161e-20
 3.850000e+04     9.277332e-20
 3.950000e+04     8.991763e-20
 4.050000e+04     8.734036e-20
 4.150000e+04     8.458913e-20
 4.250000e+04     8.170335e-20
 4.350000e+04     7.880286e-20
 4.450000e+04     7.594736e-20
 4.550000e+04     7.327715e-20
 4.650000e+04     7.083808e-20
 4.750000e+04     6.864265e-20
 4.850000e+04     6.673988e-20
 4.950000e+04     6.520616e-20
 5.050000e+04     6.410861e-20
 5.150000e+04     6.348102e-20
 5.250000e+04     6.333833e-20
 5.350000e+04     6.369805e-20
 5.450000e+04     6.446206e-20
 5.550000e+04     6.564515e-20
 5.650000e+04     6.744863e-20
 5.750000e+04     6.992992e-20
 5.850000e+04     7.184662e-20
 5.950000e+04     7.341563e-20
 6.050000e+04     7.649835e-20
 6.150000e+04     8.346802e-20
 6.250000e+04     1.003901e-19
 6.350000e+04     1.123256e-19
 6.450000e+04     1.172721e-19
 6.550000e+04     1.212271e-19
 6.650010e+04     1.236361e-19
 6.750010e+04     1.271031e-19
 6.850010e+04     1.293944e-19
 6.950010e+04     1.335726e-19
 7.020000e+04     1.378326e-19
 7.100000e+04     1.428419e-19
 7.180000e+04     1.476263e-19
 7.260000e+04     1.521105e-19
 7.340000e+04     1.588492e-19
 7.420000e+04     1.685184e-19
 7.500000e+04     1.816569e-19
 7.580000e+04     1.983250e-19
 7.660000e+04     2.167018e-19
 7.740000e+04     2.343583e-19
 7.820000e+04     2.509407e-19
 7.900000e+04     2.654870e-19
 7.980000e+04     2.769385e-19
 8.060000e+04     2.849760e-19
 8.140000e+04     2.900508e-19
 8.220000e+04     2.938193e-19
 8.300000e+04     2.962967e-19
 8.380000e+04     2.982350e-19
 8.460000e+04     3.002971e-19
 8.540000e+04     3.027658e-19
 8.620000e+04     3.056699e-19
 8.700000e+04     3.078869e-19
 8.780000e+04     3.076765e-19
 8.860000e+04     3.054356e-19
 8.940000e+04     3.025932e-19
 9.020000e+04     2.982709e-19
 9.100000e+04     2.939931e-19
 9.180000e+04     2.895624e-19
 9.260000e+04     2.847596e-19
 9.340000e+04     2.801693e-19
 9.420000e+04     2.753583e-19
 9.500000e+04     2.708326e-19
 9.580000e+04     2.667431e-19
 9.660000e+04     2.632856e-19
 9.740000e+04     2.600967e-19
 9.820000e+04     2.564086e-19
 9.900000e+04     2.526436e-19
 9.980000e+04     2.486988e-19
 1.006000e+05     2.450946e-19
 1.020000e+05     2.396897e-19
 1.040000e+05     2.323029e-19
 1.060000e+05     2.283429e-19
 1.080000e+05     2.263398e-19
 1.100000e+05     2.245909e-19
 1.120000e+05     2.346385e-19
 1.140000e+05     2.579905e-19
 1.160000e+05     2.655841e-19
 1.180000e+05     2.716779e-19
 1.200000e+05     2.790900e-19
 1.220000e+05     2.896497e-19
 1.240000e+05     3.027497e-19
 1.260000e+05     3.211059e-19
 1.280000e+05     3.498255e-19
 1.300000e+05     3.762636e-19
 1.320000e+05     3.859611e-19
 1.340000e+05     3.989814e-19
 1.360000e+05     4.074620e-19
 1.380000e+05     4.193936e-19
 1.400000e+05     4.262259e-19
 1.420000e+05     4.378911e-19
 1.440000e+05     4.453517e-19
 1.460000e+05     4.553420e-19
 1.480000e+05     4.625258e-19
 1.500000e+05     4.714996e-19
 1.520000e+05     4.784349e-19
 1.540000e+05     4.857939e-19
 1.560000e+05     4.953300e-19
 1.580000e+05     5.031738e-19
 1.600000e+05     5.099546e-19
 1.620000e+05     5.157097e-19
 1.640000e+05     5.251983e-19
 1.660000e+05     5.366037e-19
 1.680000e+05     5.476931e-19
 1.700000e+05     5.592976e-19
 1.720000e+05     5.743590e-19
 1.740000e+05     5.865987e-19
 1.760000e+05     5.951254e-19
 1.780000e+05     6.046738e-19
 1.800000e+05     6.130017e-19
 1.820000e+05     6.206543e-19
 1.840000e+05     6.293104e-19
 1.860000e+05     6.388118e-19
 1.880000e+05     6.547862e-19
 1.900000e+05     6.673821e-19
 1.920000e+05     6.797126e-19
 1.940000e+05     6.927193e-19
 1.960000e+05     7.085219e-19
 1.980000e+05     7.252303e-19
 2.000000e+05     7.426931e-19
 2.020000e+05     7.623947e-19
 2.040000e+05     7.832899e-19
 2.060000e+05     8.036512e-19
 2.080000e+05     8.252706e-19
 2.100000e+05     8.486742e-19
 2.120000e+05     8.719791e-19
 2.140000e+05     8.959265e-19
 2.160000e+05     9.225305e-19
 2.180000e+05     9.499081e-19
 2.200000e+05     9.768345e-19
 2.220000e+05     1.004786e-18
 2.240000e+05     1.035244e-18
 2.260000e+05     1.065746e-18
 2.280000e+05     1.095845e-18
 2.300000e+05     1.127663e-18
 2.320000e+05     1.161951e-18
 2.340000e+05     1.197170e-18
 2.360000e+05     1.232069e-18
 2.380000e+05     1.268163e-18
 2.400000e+05     1.307076e-18
 2.420000e+05     1.347082e-18
 2.440000e+05     1.386915e-18
 2.460000e+05     1.427836e-18
 2.480000e+05     1.471081e-18
 2.500000e+05     1.515858e-18
 2.520000e+05     1.560238e-18
 2.540000e+05     1.604832e-18
 2.560000e+05     1.652461e-18
 2.580000e+05     1.703990e-18
 2.600000e+05     1.757667e-18
 2.620000e+05     1.810640e-18
 2.640000e+05     1.864428e-18
 2.660000e+05     1.920985e-18
 2.680000e+05     1.980309e-18
 2.700000e+05     2.040990e-18
 2.720000e+05     2.101934e-18
 2.740000e+05     2.163317e-18
 2.760000e+05     2.226771e-18
 2.780000e+05     2.293543e-18
 2.800000e+05     2.363208e-18
 2.820000e+05     2.434832e-18
 2.840000e+05     2.506105e-18
 2.860000e+05     2.577033e-18
 2.880000e+05     2.649468e-18
 2.900000e+05     2.724991e-18
 2.920000e+05     2.801837e-18
 2.940000e+05     2.880975e-18
 2.960000e+05     2.961794e-18
 2.980000e+05     3.042961e-18
 3.000000e+05     3.123558e-18
 3.020000e+05     3.207726e-18
 3.040000e+05     3.293307e-18
 3.060000e+05     3.379952e-18
 3.080000e+05     3.468308e-18
 3.100000e+05     3.557173e-18
 3.120000e+05     3.645590e-18
 3.140000e+05     3.736178e-18
 3.160000e+05     3.829979e-18
 3.180000e+05     3.924355e-18
 3.200000e+05     4.021845e-18
 3.220000e+05     4.121813e-18
 3.240000e+05     4.221403e-18
 3.260000e+05     4.323980e-18
 3.280000e+05     4.426064e-18
 3.300000e+05     4.528905e-18
 3.320000e+05     4.634168e-18
 3.340000e+05     4.749718e-18
 3.360000e+05     4.872049e-18
 3.380000e+05     4.987609e-18
 3.400000e+05     5.093334e-18
 3.420000e+05     5.199280e-18
 3.440000e+05     5.307042e-18
 3.460000e+05     5.416708e-18
 3.480000e+05     5.539268e-18
 3.500000e+05     5.669450e-18
 3.520000e+05     5.788496e-18
 3.540000e+05     5.898560e-18
 3.560000e+05     6.009546e-18
 3.580000e+05     6.117481e-18
 3.600000e+05     6.224703e-18
 3.620000e+05     6.336450e-18
 3.640000e+05     6.447182e-18
 3.660000e+05     6.555954e-18
 3.680000e+05     6.668763e-18
 3.700000e+05     6.782172e-18
 3.720000e+05     6.895118e-18
 3.740000e+05     7.010132e-18
 3.760000e+05     7.125416e-18
 3.780000e+05     7.241910e-18
 3.800000e+05     7.360868e-18
 3.820000e+05     7.480420e-18
 3.840000e+05     7.599826e-18
 3.860000e+05     7.720667e-18
 3.880000e+05     7.842870e-18
 3.900000e+05     7.966484e-18
 3.920000e+05     8.091128e-18
 4.320000e+05     1.072237e-17
 4.760000e+05     1.384284e-17
 5.250000e+05     1.737246e-17
 5.790000e+05     2.107190e-17
 6.390000e+05     2.472721e-17
 7.040000e+05     2.789353e-17
 7.760000e+05     3.031485e-17
 8.560000e+05     3.178435e-17
 9.430000e+05     3.221008e-17
 1.040000e+06     3.164933e-17
 1.147000e+06     3.023300e-17
 1.264000e+06     2.817817e-17
 1.394000e+06     2.567552e-17
 1.537000e+06     2.296583e-17
 1.694000e+06     2.023208e-17
 1.868000e+06     1.759172e-17
 2.059000e+06     1.516219e-17
 2.270000e+06     1.297894e-17
 2.503000e+06     1.106081e-17
 2.760000e+06     9.400663e-18
 3.043000e+06     7.976172e-18
 3.354000e+06     6.756791e-18
 3.698000e+06     5.704225e-18
 4.077000e+06     4.796069e-18
 4.495000e+06     4.009334e-18
 4.956000e+06     3.327742e-18
 5.464000e+06     2.739854e-18
 6.024000e+06     2.236394e-18
 6.641000e+06     1.810178e-18
 7.322000e+06     1.453733e-18
 8.073000e+06     1.160539e-18
 8.900000e+06     9.236873e-19
 9.813000e+06     7.351922e-19
 1.082000e+07     5.880029e-19
 1.193000e+07     4.752338e-19
 1.315000e+07     3.906440e-19
 1.450000e+07     3.281055e-19
 1.598000e+07     2.833230e-19
 1.762000e+07     2.518916e-19
 1.943000e+07     2.308401e-19
 2.142000e+07     2.177157e-19
 2.362000e+07     2.105278e-19
 2.604000e+07     2.078500e-19
 2.871000e+07     2.086183e-19
 3.165000e+07     2.120482e-19
 3.489000e+07     2.175646e-19
 3.847000e+07     2.247779e-19
 4.241000e+07     2.333693e-19
 4.676000e+07     2.431609e-19
 5.155000e+07     2.539870e-19
 5.683000e+07     2.657520e-19
 6.266000e+07     2.784218e-19
 6.908000e+07     2.919378e-19
 7.616000e+07     3.063006e-19
 8.397000e+07     3.215146e-19
 9.258000e+07     3.375855e-19
 1.020700e+08     3.545203e-19
 1.125300e+08     3.723583e-19
 1.240600e+08     3.911356e-19
 1.367800e+08     4.109118e-19
 1.508000e+08     4.317029e-19
 1.662500e+08     4.535502e-19
 1.833000e+08     4.765343e-19
 2.020800e+08     5.006819e-19
 2.228000e+08     5.260830e-19
 2.456300e+08     5.527690e-19
 2.708100e+08     5.808319e-19
 2.985700e+08     6.103366e-19
 3.291700e+08     6.413354e-19
 3.629100e+08     6.739229e-19
 4.001100e+08     7.081735e-19
 4.411200e+08     7.441722e-19
 4.863400e+08     7.820186e-19
 5.361900e+08     8.218051e-19
 5.911500e+08     8.636232e-19
 6.517400e+08     9.075818e-19
 7.185400e+08     9.537639e-19
 7.921900e+08     1.002311e-18
 8.733900e+08     1.053328e-18
 9.629200e+08     1.106964e-18
 1.000000e+09     1.128459e-18
