## EBL from Khaire & Srianand 2018; Q16 Model with alpha=-1.6 
## Column1:wavelength (Angstrom);  Column2:EBL specific intensity J_nu (erg/s/cm^2/Hz/Sr)
## ===========================================================================================
 1.000000e-08     7.578319e-37
 1.122019e-08     1.103937e-36
 1.258925e-08     1.593824e-36
 1.412538e-08     2.268736e-36
 1.584893e-08     3.176270e-36
 1.778279e-08     4.371115e-36
 1.995263e-08     5.915944e-36
 2.238721e-08     7.882477e-36
 2.511887e-08     1.035283e-35
 2.818382e-08     1.342089e-35
 3.162278e-08     1.719421e-35
 3.548135e-08     2.179593e-35
 3.981071e-08     2.736731e-35
 4.466837e-08     3.407077e-35
 5.011870e-08     4.209300e-35
 5.623413e-08     5.164947e-35
 6.309576e-08     6.298860e-35
 7.079456e-08     7.639733e-35
 7.943284e-08     9.220792e-35
 8.912505e-08     1.108042e-34
 1.000000e-07     1.326313e-34
 1.122019e-07     1.582042e-34
 1.258925e-07     1.881194e-34
 1.412538e-07     2.230694e-34
 1.584892e-07     2.638545e-34
 1.778279e-07     3.114047e-34
 1.995263e-07     3.667964e-34
 2.238721e-07     4.312767e-34
 2.511887e-07     5.062930e-34
 2.818382e-07     5.935207e-34
 3.162278e-07     6.949040e-34
 3.548136e-07     8.126942e-34
 3.981071e-07     9.494996e-34
 4.466837e-07     1.108348e-33
 5.011870e-07     1.292741e-33
 5.623413e-07     1.506745e-33
 6.309576e-07     1.755067e-33
 7.079456e-07     2.043159e-33
 7.943284e-07     2.377351e-33
 8.912505e-07     2.764963e-33
 1.000000e-06     3.214493e-33
 1.122019e-06     3.735778e-33
 1.258925e-06     4.340214e-33
 1.412538e-06     5.041029e-33
 1.584893e-06     5.853519e-33
 1.778279e-06     6.795438e-33
 1.995263e-06     7.887354e-33
 2.238721e-06     9.153077e-33
 2.511887e-06     1.062024e-32
 2.818382e-06     1.232081e-32
 3.162278e-06     1.429189e-32
 3.548136e-06     1.657644e-32
 3.981071e-06     1.922421e-32
 4.466837e-06     2.229296e-32
 5.011870e-06     2.584945e-32
 5.623413e-06     2.997124e-32
 6.309576e-06     3.474807e-32
 7.079456e-06     4.028390e-32
 7.943284e-06     4.669937e-32
 8.912505e-06     5.413404e-32
 1.000000e-05     6.274991e-32
 1.122019e-05     7.273447e-32
 1.258925e-05     8.430492e-32
 1.412538e-05     9.771339e-32
 1.584893e-05     1.132514e-31
 1.778279e-05     1.312574e-31
 1.995263e-05     1.521232e-31
 2.238721e-05     1.763026e-31
 2.511887e-05     2.043222e-31
 2.818382e-05     2.367912e-31
 3.162278e-05     2.744168e-31
 3.548135e-05     3.180175e-31
 3.981071e-05     3.685415e-31
 4.466837e-05     4.270889e-31
 5.011870e-05     4.949327e-31
 5.623413e-05     5.735503e-31
 6.309577e-05     6.646519e-31
 7.079457e-05     7.702183e-31
 7.943284e-05     8.925482e-31
 8.912505e-05     1.034301e-30
 1.000000e-04     1.198564e-30
 1.122018e-04     1.388907e-30
 1.258926e-04     1.609421e-30
 1.412538e-04     1.862743e-30
 1.584893e-04     2.154066e-30
 1.778279e-04     2.489969e-30
 1.995262e-04     2.878340e-30
 2.238722e-04     3.328491e-30
 2.511887e-04     3.851324e-30
 2.818383e-04     4.459604e-30
 3.162278e-04     5.168285e-30
 3.548134e-04     5.994933e-30
 3.981073e-04     6.960239e-30
 4.466837e-04     8.088602e-30
 5.011873e-04     9.408867e-30
 5.623413e-04     1.095515e-29
 6.309572e-04     1.276785e-29
 7.079460e-04     1.489485e-29
 7.943284e-04     1.739291e-29
 8.912510e-04     2.032939e-29
 1.000000e-03     2.378429e-29
 1.122018e-03     2.785265e-29
 1.258926e-03     3.264753e-29
 1.412538e-03     3.830323e-29
 1.584893e-03     4.497974e-29
 1.778279e-03     5.286757e-29
 1.995262e-03     6.219360e-29
 2.238722e-03     7.322834e-29
 2.511887e-03     8.629413e-29
 2.818383e-03     1.017757e-28
 3.162278e-03     1.201322e-28
 3.548133e-03     1.419116e-28
 3.981073e-03     1.677687e-28
 4.466837e-03     1.984852e-28
 5.011873e-03     2.349961e-28
 5.623413e-03     2.784201e-28
 6.309573e-03     3.300985e-28
 7.079460e-03     3.916446e-28
 7.943284e-03     4.650087e-28
 8.912510e-03     5.525672e-28
 1.000000e-02     6.572396e-28
 1.122019e-02     7.826422e-28
 1.258925e-02     9.332754e-28
 1.412538e-02     1.114761e-27
 1.584894e-02     1.334089e-27
 1.778279e-02     1.599903e-27
 1.995263e-02     1.922803e-27
 2.238721e-02     2.315632e-27
 2.511887e-02     2.793811e-27
 2.818385e-02     3.375665e-27
 3.162277e-02     4.082797e-27
 3.548136e-02     4.940574e-27
 3.981071e-02     5.978596e-27
 4.466837e-02     7.231460e-27
 5.011876e-02     8.739530e-27
 5.623413e-02     1.055001e-26
 6.309576e-02     1.271832e-26
 7.079456e-02     1.530957e-26
 7.943284e-02     1.840067e-26
 8.912515e-02     2.208254e-26
 1.000000e-01     2.646301e-26
 1.122019e-01     3.167117e-26
 1.258925e-01     3.780275e-26
 1.412538e-01     4.483775e-26
 1.584894e-01     5.271839e-26
 1.778279e-01     6.136434e-26
 1.995263e-01     7.068564e-26
 2.238721e-01     8.059175e-26
 2.511887e-01     9.099814e-26
 2.818385e-01     1.018289e-25
 3.162278e-01     1.130179e-25
 3.548135e-01     1.245094e-25
 3.981071e-01     1.362568e-25
 4.466837e-01     1.482236e-25
 5.011876e-01     1.603809e-25
 5.623413e-01     1.727078e-25
 6.309576e-01     1.851909e-25
 7.079456e-01     1.978224e-25
 7.943284e-01     2.106004e-25
 8.912515e-01     2.235271e-25
 1.000000e+00     2.366087e-25
 1.122019e+00     2.498545e-25
 1.258925e+00     2.632759e-25
 1.412538e+00     2.768866e-25
 1.584894e+00     2.906722e-25
 1.778279e+00     3.042479e-25
 1.995263e+00     3.178285e-25
 2.238721e+00     3.317278e-25
 2.511887e+00     3.462984e-25
 2.818385e+00     3.619078e-25
 3.162278e+00     3.789352e-25
 3.548136e+00     3.977844e-25
 3.981071e+00     4.189052e-25
 4.466837e+00     4.428211e-25
 5.011876e+00     4.701571e-25
 5.623413e+00     5.016703e-25
 6.309576e+00     5.382342e-25
 7.079456e+00     5.796381e-25
 7.943284e+00     6.273741e-25
 8.912516e+00     6.834943e-25
 1.000000e+01     7.504635e-25
 1.122019e+01     8.311371e-25
 1.258925e+01     9.287738e-25
 1.412538e+01     1.047094e-24
 1.584894e+01     1.190330e-24
 1.778279e+01     1.363275e-24
 1.995263e+01     1.571282e-24
 2.238721e+01     1.820150e-24
 2.511887e+01     2.115914e-24
 2.818385e+01     2.464407e-24
 3.162278e+01     2.870619e-24
 3.548135e+01     3.337836e-24
 3.981071e+01     3.866628e-24
 4.466837e+01     4.451550e-24
 5.011876e+01     5.066114e-24
 5.623413e+01     5.748522e-24
 6.309576e+01     6.493989e-24
 7.079456e+01     7.350465e-24
 7.943284e+01     8.290115e-24
 8.912515e+01     9.369652e-24
 1.000000e+02     1.064891e-23
 1.120000e+02     1.212297e-23
 1.250000e+02     1.373594e-23
 1.400000e+02     1.562700e-23
 1.550000e+02     1.746363e-23
 1.650000e+02     1.866287e-23
 1.750000e+02     1.983167e-23
 1.850000e+02     2.096297e-23
 1.900000e+02     2.150255e-23
 1.950000e+02     2.207745e-23
 2.000000e+02     2.265606e-23
 2.050000e+02     2.322508e-23
 2.100000e+02     2.391343e-23
 2.150000e+02     2.484297e-23
 2.180000e+02     2.559628e-23
 2.210000e+02     2.662544e-23
 2.240000e+02     2.801038e-23
 2.260000e+02     2.928239e-23
 2.270000e+02     2.999820e-23
 2.275000e+02     3.038509e-23
 2.278400e+02     3.071435e-23
 2.380000e+02     3.561479e-23
 2.500000e+02     4.188805e-23
 2.700000e+02     5.165687e-23
 2.900000e+02     6.157589e-23
 3.035000e+02     6.816526e-23
 3.037800e+02     9.076840e-23
 3.045000e+02     9.108233e-23
 3.060000e+02     9.181221e-23
 3.080000e+02     9.274946e-23
 3.100000e+02     9.368185e-23
 3.120000e+02     9.463404e-23
 3.150000e+02     9.604337e-23
 3.200000e+02     9.868804e-23
 3.250000e+02     1.007451e-22
 3.300000e+02     1.028518e-22
 3.400000e+02     1.067367e-22
 3.600000e+02     1.139231e-22
 3.800000e+02     1.201495e-22
 4.050000e+02     1.278295e-22
 4.250000e+02     1.336706e-22
 4.500000e+02     1.415708e-22
 4.650000e+02     1.464054e-22
 4.750000e+02     1.497199e-22
 4.820000e+02     1.520672e-22
 4.870000e+02     1.537512e-22
 4.910000e+02     1.550646e-22
 4.950000e+02     1.571120e-22
 4.980000e+02     1.582973e-22
 5.000000e+02     1.591194e-22
 5.020000e+02     1.599566e-22
 5.039800e+02     1.607278e-22
 5.100000e+02     1.634791e-22
 5.250000e+02     1.697056e-22
 5.600000e+02     1.849114e-22
 6.000000e+02     2.042895e-22
 6.500000e+02     2.285364e-22
 7.000000e+02     2.541456e-22
 7.500000e+02     2.827263e-22
 8.000000e+02     3.133761e-22
 8.300000e+02     3.334140e-22
 8.600000e+02     3.553531e-22
 8.800000e+02     3.718548e-22
 8.900000e+02     3.798264e-22
 8.960000e+02     3.846808e-22
 9.000000e+02     3.880966e-22
 9.030000e+02     3.907359e-22
 9.060000e+02     3.933905e-22
 9.090000e+02     3.960605e-22
 9.117800e+02     3.985489e-22
 9.300000e+02     5.235317e-22
 9.500000e+02     5.919604e-22
 9.750000e+02     7.884236e-22
 9.900000e+02     8.418228e-22
 1.005000e+03     9.411388e-22
 1.025000e+03     1.089262e-21
 1.045000e+03     1.254556e-21
 1.065000e+03     1.475395e-21
 1.085000e+03     1.723033e-21
 1.105000e+03     1.976306e-21
 1.125000e+03     2.254653e-21
 1.145000e+03     2.538856e-21
 1.165000e+03     2.850201e-21
 1.185000e+03     3.165796e-21
 1.205000e+03     3.475027e-21
 1.215600e+03     3.632388e-21
 1.215670e+03     3.709027e-21
 1.216000e+03     3.713556e-21
 1.218000e+03     3.740810e-21
 1.221000e+03     3.780084e-21
 1.225000e+03     3.829623e-21
 1.230000e+03     3.895997e-21
 1.240000e+03     4.061199e-21
 1.250000e+03     4.224508e-21
 1.265000e+03     4.526573e-21
 1.285000e+03     4.934281e-21
 1.305000e+03     5.359162e-21
 1.325000e+03     5.788811e-21
 1.345000e+03     6.239410e-21
 1.365000e+03     6.701177e-21
 1.385000e+03     7.171876e-21
 1.405000e+03     7.633476e-21
 1.425000e+03     8.096515e-21
 1.442000e+03     8.490497e-21
 1.455000e+03     8.800350e-21
 1.475000e+03     9.298335e-21
 1.517000e+03     1.028221e-20
 1.595000e+03     1.202454e-20
 1.672000e+03     1.377150e-20
 1.745000e+03     1.538944e-20
 1.825000e+03     1.708699e-20
 1.905000e+03     1.863636e-20
 1.984000e+03     2.002928e-20
 2.065000e+03     2.131395e-20
 2.135000e+03     2.222278e-20
 2.215000e+03     2.315657e-20
 2.295000e+03     2.404334e-20
 2.375000e+03     2.492555e-20
 2.455000e+03     2.581851e-20
 2.525000e+03     2.659041e-20
 2.605000e+03     2.747980e-20
 2.685000e+03     2.850142e-20
 2.765000e+03     2.946140e-20
 2.845000e+03     3.028774e-20
 2.950000e+03     3.153936e-20
 3.110000e+03     3.346831e-20
 3.270000e+03     3.529687e-20
 3.430000e+03     3.711094e-20
 3.590000e+03     3.888215e-20
 3.730000e+03     4.049759e-20
 3.890000e+03     4.366338e-20
 4.050000e+03     4.689073e-20
 4.210000e+03     5.221719e-20
 4.370000e+03     5.702802e-20
 4.530000e+03     6.192287e-20
 4.690000e+03     6.695536e-20
 4.850000e+03     7.162798e-20
 5.010000e+03     7.579013e-20
 5.170000e+03     8.012820e-20
 5.330000e+03     8.421785e-20
 5.490000e+03     8.833146e-20
 5.650000e+03     9.235298e-20
 5.810000e+03     9.634066e-20
 5.970000e+03     9.998720e-20
 6.130000e+03     1.035628e-19
 6.290000e+03     1.068826e-19
 6.450000e+03     1.100918e-19
 6.610000e+03     1.130513e-19
 6.770000e+03     1.160309e-19
 6.930000e+03     1.188026e-19
 7.090000e+03     1.214220e-19
 7.250000e+03     1.239065e-19
 7.410000e+03     1.262926e-19
 7.570000e+03     1.286065e-19
 7.730000e+03     1.309225e-19
 7.890000e+03     1.331332e-19
 8.050000e+03     1.352186e-19
 8.210000e+03     1.372308e-19
 8.370000e+03     1.392055e-19
 8.530000e+03     1.410279e-19
 8.690000e+03     1.428301e-19
 8.850000e+03     1.447030e-19
 9.010000e+03     1.465087e-19
 9.170000e+03     1.482497e-19
 9.330000e+03     1.500071e-19
 9.490000e+03     1.519514e-19
 9.650000e+03     1.535267e-19
 9.810000e+03     1.552402e-19
 9.970000e+03     1.569184e-19
 1.050000e+04     1.618443e-19
 1.150000e+04     1.685488e-19
 1.250000e+04     1.740100e-19
 1.350000e+04     1.781621e-19
 1.450000e+04     1.817327e-19
 1.550000e+04     1.853296e-19
 1.650000e+04     1.883751e-19
 1.750000e+04     1.897726e-19
 1.850000e+04     1.893709e-19
 1.950000e+04     1.874242e-19
 2.050000e+04     1.845229e-19
 2.150000e+04     1.810834e-19
 2.250000e+04     1.770632e-19
 2.350000e+04     1.721516e-19
 2.450000e+04     1.661436e-19
 2.550000e+04     1.605418e-19
 2.650000e+04     1.549095e-19
 2.750000e+04     1.497823e-19
 2.850000e+04     1.449833e-19
 2.950000e+04     1.403612e-19
 3.050000e+04     1.358979e-19
 3.150000e+04     1.315726e-19
 3.250000e+04     1.273625e-19
 3.350000e+04     1.232389e-19
 3.450000e+04     1.191726e-19
 3.550000e+04     1.153608e-19
 3.650000e+04     1.117577e-19
 3.750000e+04     1.083422e-19
 3.850000e+04     1.050597e-19
 3.950000e+04     1.019489e-19
 4.050000e+04     9.899366e-20
 4.150000e+04     9.608690e-20
 4.250000e+04     9.324856e-20
 4.350000e+04     9.048430e-20
 4.450000e+04     8.782972e-20
 4.550000e+04     8.528226e-20
 4.650000e+04     8.283977e-20
 4.750000e+04     8.048037e-20
 4.850000e+04     7.825459e-20
 4.950000e+04     7.625410e-20
 5.050000e+04     7.460179e-20
 5.150000e+04     7.356860e-20
 5.250000e+04     7.393914e-20
 5.350000e+04     7.609186e-20
 5.450000e+04     7.789784e-20
 5.550000e+04     7.914799e-20
 5.650000e+04     8.134660e-20
 5.750000e+04     8.458385e-20
 5.850000e+04     8.769741e-20
 5.950000e+04     9.120932e-20
 6.050000e+04     9.683995e-20
 6.150000e+04     1.058813e-19
 6.250000e+04     1.240824e-19
 6.350000e+04     1.375833e-19
 6.450000e+04     1.441244e-19
 6.550000e+04     1.468351e-19
 6.650010e+04     1.513811e-19
 6.750010e+04     1.552464e-19
 6.850010e+04     1.582911e-19
 6.950010e+04     1.640682e-19
 7.020000e+04     1.693168e-19
 7.100000e+04     1.750049e-19
 7.180000e+04     1.819819e-19
 7.260000e+04     1.900776e-19
 7.340000e+04     1.997299e-19
 7.420000e+04     2.125647e-19
 7.500000e+04     2.294283e-19
 7.580000e+04     2.490899e-19
 7.660000e+04     2.700511e-19
 7.740000e+04     2.896093e-19
 7.820000e+04     3.071940e-19
 7.900000e+04     3.218919e-19
 7.980000e+04     3.325786e-19
 8.060000e+04     3.402794e-19
 8.140000e+04     3.455634e-19
 8.220000e+04     3.490694e-19
 8.300000e+04     3.524735e-19
 8.380000e+04     3.561261e-19
 8.460000e+04     3.597370e-19
 8.540000e+04     3.637862e-19
 8.620000e+04     3.679904e-19
 8.700000e+04     3.710011e-19
 8.780000e+04     3.716467e-19
 8.860000e+04     3.699685e-19
 8.940000e+04     3.667770e-19
 9.020000e+04     3.626526e-19
 9.100000e+04     3.581346e-19
 9.180000e+04     3.533520e-19
 9.260000e+04     3.483344e-19
 9.340000e+04     3.431884e-19
 9.420000e+04     3.381616e-19
 9.500000e+04     3.333560e-19
 9.580000e+04     3.287304e-19
 9.660000e+04     3.245588e-19
 9.740000e+04     3.205629e-19
 9.820000e+04     3.161438e-19
 9.900000e+04     3.117370e-19
 9.980000e+04     3.074341e-19
 1.006000e+05     3.034945e-19
 1.020000e+05     2.968346e-19
 1.040000e+05     2.886154e-19
 1.060000e+05     2.852329e-19
 1.080000e+05     2.848742e-19
 1.100000e+05     2.852302e-19
 1.120000e+05     2.972426e-19
 1.140000e+05     3.250065e-19
 1.160000e+05     3.386027e-19
 1.180000e+05     3.387136e-19
 1.200000e+05     3.472334e-19
 1.220000e+05     3.566180e-19
 1.240000e+05     3.663661e-19
 1.260000e+05     3.797737e-19
 1.280000e+05     4.017697e-19
 1.300000e+05     4.198674e-19
 1.320000e+05     4.262018e-19
 1.340000e+05     4.273524e-19
 1.360000e+05     4.356518e-19
 1.380000e+05     4.404366e-19
 1.400000e+05     4.407683e-19
 1.420000e+05     4.491089e-19
 1.440000e+05     4.538723e-19
 1.460000e+05     4.549771e-19
 1.480000e+05     4.613134e-19
 1.500000e+05     4.653588e-19
 1.520000e+05     4.684576e-19
 1.540000e+05     4.741632e-19
 1.560000e+05     4.817583e-19
 1.580000e+05     4.885137e-19
 1.600000e+05     4.959661e-19
 1.620000e+05     5.040372e-19
 1.640000e+05     5.144401e-19
 1.660000e+05     5.292178e-19
 1.680000e+05     5.422333e-19
 1.700000e+05     5.568327e-19
 1.720000e+05     5.717275e-19
 1.740000e+05     5.857558e-19
 1.760000e+05     5.979499e-19
 1.780000e+05     6.073829e-19
 1.800000e+05     6.170807e-19
 1.820000e+05     6.275268e-19
 1.840000e+05     6.376529e-19
 1.860000e+05     6.476623e-19
 1.880000e+05     6.651313e-19
 1.900000e+05     6.777900e-19
 1.920000e+05     6.898568e-19
 1.940000e+05     7.012666e-19
 1.960000e+05     7.135605e-19
 1.980000e+05     7.266188e-19
 2.000000e+05     7.406351e-19
 2.020000e+05     7.548936e-19
 2.040000e+05     7.699295e-19
 2.060000e+05     7.855175e-19
 2.080000e+05     8.012556e-19
 2.100000e+05     8.180022e-19
 2.120000e+05     8.354207e-19
 2.140000e+05     8.526114e-19
 2.160000e+05     8.717880e-19
 2.180000e+05     8.924829e-19
 2.200000e+05     9.118926e-19
 2.220000e+05     9.321472e-19
 2.240000e+05     9.550901e-19
 2.260000e+05     9.780165e-19
 2.280000e+05     1.000449e-18
 2.300000e+05     1.024236e-18
 2.320000e+05     1.050037e-18
 2.340000e+05     1.076240e-18
 2.360000e+05     1.102013e-18
 2.380000e+05     1.128928e-18
 2.400000e+05     1.157677e-18
 2.420000e+05     1.186826e-18
 2.440000e+05     1.215272e-18
 2.460000e+05     1.245128e-18
 2.480000e+05     1.276921e-18
 2.500000e+05     1.309524e-18
 2.520000e+05     1.341958e-18
 2.540000e+05     1.375000e-18
 2.560000e+05     1.409639e-18
 2.580000e+05     1.446384e-18
 2.600000e+05     1.484438e-18
 2.620000e+05     1.521880e-18
 2.640000e+05     1.559594e-18
 2.660000e+05     1.598787e-18
 2.680000e+05     1.639598e-18
 2.700000e+05     1.681093e-18
 2.720000e+05     1.722852e-18
 2.740000e+05     1.765478e-18
 2.760000e+05     1.809431e-18
 2.780000e+05     1.855311e-18
 2.800000e+05     1.902352e-18
 2.820000e+05     1.949932e-18
 2.840000e+05     1.998209e-18
 2.860000e+05     2.046853e-18
 2.880000e+05     2.096217e-18
 2.900000e+05     2.146858e-18
 2.920000e+05     2.197740e-18
 2.940000e+05     2.249851e-18
 2.960000e+05     2.303663e-18
 2.980000e+05     2.358215e-18
 3.000000e+05     2.412657e-18
 3.020000e+05     2.468404e-18
 3.040000e+05     2.524729e-18
 3.060000e+05     2.582337e-18
 3.080000e+05     2.641070e-18
 3.100000e+05     2.700444e-18
 3.120000e+05     2.759444e-18
 3.140000e+05     2.819493e-18
 3.160000e+05     2.881802e-18
 3.180000e+05     2.944527e-18
 3.200000e+05     3.009261e-18
 3.220000e+05     3.075193e-18
 3.240000e+05     3.142011e-18
 3.260000e+05     3.210671e-18
 3.280000e+05     3.280056e-18
 3.300000e+05     3.352445e-18
 3.320000e+05     3.424811e-18
 3.340000e+05     3.503596e-18
 3.360000e+05     3.587583e-18
 3.380000e+05     3.668325e-18
 3.400000e+05     3.742884e-18
 3.420000e+05     3.817991e-18
 3.440000e+05     3.896964e-18
 3.460000e+05     3.976948e-18
 3.480000e+05     4.065356e-18
 3.500000e+05     4.156701e-18
 3.520000e+05     4.235934e-18
 3.540000e+05     4.312998e-18
 3.560000e+05     4.389927e-18
 3.580000e+05     4.463974e-18
 3.600000e+05     4.541574e-18
 3.620000e+05     4.622344e-18
 3.640000e+05     4.697052e-18
 3.660000e+05     4.774244e-18
 3.680000e+05     4.854081e-18
 3.700000e+05     4.933332e-18
 3.720000e+05     5.014170e-18
 3.740000e+05     5.095889e-18
 3.760000e+05     5.178204e-18
 3.780000e+05     5.261100e-18
 3.800000e+05     5.342838e-18
 3.820000e+05     5.426961e-18
 3.840000e+05     5.513906e-18
 3.860000e+05     5.599971e-18
 3.880000e+05     5.687486e-18
 3.900000e+05     5.776100e-18
 3.920000e+05     5.864007e-18
 4.320000e+05     7.767016e-18
 4.760000e+05     1.011987e-17
 5.250000e+05     1.296725e-17
 5.790000e+05     1.622916e-17
 6.390000e+05     1.979338e-17
 7.040000e+05     2.333913e-17
 7.760000e+05     2.662591e-17
 8.560000e+05     2.931422e-17
 9.430000e+05     3.111187e-17
 1.040000e+06     3.192731e-17
 1.147000e+06     3.173284e-17
 1.264000e+06     3.063713e-17
 1.394000e+06     2.878512e-17
 1.537000e+06     2.640114e-17
 1.694000e+06     2.370054e-17
 1.868000e+06     2.085192e-17
 2.059000e+06     1.804448e-17
 2.270000e+06     1.538202e-17
 2.503000e+06     1.294872e-17
 2.760000e+06     1.079169e-17
 3.043000e+06     8.927984e-18
 3.354000e+06     7.349949e-18
 3.698000e+06     6.025246e-18
 4.077000e+06     4.929919e-18
 4.495000e+06     4.029505e-18
 4.956000e+06     3.292048e-18
 5.464000e+06     2.689046e-18
 6.024000e+06     2.195408e-18
 6.641000e+06     1.791059e-18
 7.322000e+06     1.459304e-18
 8.073000e+06     1.187864e-18
 8.900000e+06     9.670354e-19
 9.813000e+06     7.883671e-19
 1.082000e+07     6.455308e-19
 1.193000e+07     5.326282e-19
 1.315000e+07     4.448213e-19
 1.450000e+07     3.772738e-19
 1.598000e+07     3.267677e-19
 1.762000e+07     2.895611e-19
 1.943000e+07     2.631655e-19
 2.142000e+07     2.453699e-19
 2.362000e+07     2.342619e-19
 2.604000e+07     2.284468e-19
 2.871000e+07     2.267647e-19
 3.165000e+07     2.283516e-19
 3.489000e+07     2.325480e-19
 3.847000e+07     2.388669e-19
 4.241000e+07     2.469141e-19
 4.676000e+07     2.564384e-19
 5.155000e+07     2.672193e-19
 5.683000e+07     2.791209e-19
 6.266000e+07     2.920715e-19
 6.908000e+07     3.059772e-19
 7.616000e+07     3.208214e-19
 8.397000e+07     3.366017e-19
 9.258000e+07     3.533046e-19
 1.020700e+08     3.709448e-19
 1.125300e+08     3.895360e-19
 1.240600e+08     4.091197e-19
 1.367800e+08     4.297499e-19
 1.508000e+08     4.514416e-19
 1.662500e+08     4.742458e-19
 1.833000e+08     4.982548e-19
 2.020800e+08     5.234649e-19
 2.228000e+08     5.499903e-19
 2.456300e+08     5.778481e-19
 2.708100e+08     6.071466e-19
 2.985700e+08     6.379369e-19
 3.291700e+08     6.702937e-19
 3.629100e+08     7.043161e-19
 4.001100e+08     7.400718e-19
 4.411200e+08     7.776525e-19
 4.863400e+08     8.171485e-19
 5.361900e+08     8.586539e-19
 5.911500e+08     9.022853e-19
 6.517400e+08     9.481450e-19
 7.185400e+08     9.963541e-19
 7.921900e+08     1.047022e-18
 8.733900e+08     1.100275e-18
 9.629200e+08     1.156249e-18
 1.000000e+09     1.178680e-18
