## EBL from Khaire & Srianand 2018; Q16 Model with alpha=-1.6 
## Column1:wavelength (Angstrom);  Column2:EBL specific intensity J_nu (erg/s/cm^2/Hz/Sr)
## ===========================================================================================
 1.000000e-08     7.885528e-37
 1.122019e-08     1.147182e-36
 1.258925e-08     1.646483e-36
 1.412538e-08     2.320322e-36
 1.584893e-08     3.208296e-36
 1.778279e-08     4.356325e-36
 1.995263e-08     5.817269e-36
 2.238721e-08     7.651691e-36
 2.511887e-08     9.928928e-36
 2.818382e-08     1.272823e-35
 3.162278e-08     1.614040e-35
 3.548135e-08     2.026950e-35
 3.981071e-08     2.523505e-35
 4.466837e-08     3.117475e-35
 5.011870e-08     3.824707e-35
 5.623413e-08     4.663522e-35
 6.309576e-08     5.655071e-35
 7.079456e-08     6.823810e-35
 7.943284e-08     8.198083e-35
 8.912505e-08     9.810653e-35
 1.000000e-07     1.169954e-34
 1.122019e-07     1.390874e-34
 1.258925e-07     1.648923e-34
 1.412538e-07     1.950018e-34
 1.584892e-07     2.301002e-34
 1.778279e-07     2.709824e-34
 1.995263e-07     3.185686e-34
 2.238721e-07     3.739248e-34
 2.511887e-07     4.382883e-34
 2.818382e-07     5.130915e-34
 3.162278e-07     5.999961e-34
 3.548136e-07     7.009268e-34
 3.981071e-07     8.181130e-34
 4.466837e-07     9.541426e-34
 5.011870e-07     1.112009e-33
 5.623413e-07     1.295189e-33
 6.309576e-07     1.507703e-33
 7.079456e-07     1.754214e-33
 7.943284e-07     2.040130e-33
 8.912505e-07     2.371707e-33
 1.000000e-06     2.756212e-33
 1.122019e-06     3.202050e-33
 1.258925e-06     3.718960e-33
 1.412538e-06     4.318250e-33
 1.584893e-06     5.012992e-33
 1.778279e-06     5.818361e-33
 1.995263e-06     6.751935e-33
 2.238721e-06     7.834062e-33
 2.511887e-06     9.088357e-33
 2.818382e-06     1.054215e-32
 3.162278e-06     1.222715e-32
 3.548136e-06     1.418006e-32
 3.981071e-06     1.644342e-32
 4.466837e-06     1.906656e-32
 5.011870e-06     2.210659e-32
 5.623413e-06     2.562976e-32
 6.309576e-06     2.971277e-32
 7.079456e-06     3.444447e-32
 7.943284e-06     3.992798e-32
 8.912505e-06     4.628256e-32
 1.000000e-05     5.364667e-32
 1.122019e-05     6.218055e-32
 1.258925e-05     7.206982e-32
 1.412538e-05     8.352998e-32
 1.584893e-05     9.681018e-32
 1.778279e-05     1.121996e-31
 1.995263e-05     1.300332e-31
 2.238721e-05     1.506988e-31
 2.511887e-05     1.746465e-31
 2.818382e-05     2.023969e-31
 3.162278e-05     2.345544e-31
 3.548135e-05     2.718183e-31
 3.981071e-05     3.149995e-31
 4.466837e-05     3.650379e-31
 5.011870e-05     4.230213e-31
 5.623413e-05     4.902127e-31
 6.309577e-05     5.680735e-31
 7.079457e-05     6.582966e-31
 7.943284e-05     7.628467e-31
 8.912505e-05     8.839967e-31
 1.000000e-04     1.024385e-30
 1.122018e-04     1.187062e-30
 1.258926e-04     1.375438e-30
 1.412538e-04     1.590281e-30
 1.584893e-04     1.837275e-30
 1.778279e-04     2.122770e-30
 1.995262e-04     2.453868e-30
 2.238722e-04     2.838678e-30
 2.511887e-04     3.286589e-30
 2.818383e-04     3.808584e-30
 3.162278e-04     4.417569e-30
 3.548134e-04     5.128756e-30
 3.981073e-04     5.960113e-30
 4.466837e-04     6.932868e-30
 5.011873e-04     8.072154e-30
 5.623413e-04     9.407730e-30
 6.309572e-04     1.097486e-29
 7.079460e-04     1.281540e-29
 7.943284e-04     1.497894e-29
 8.912510e-04     1.752444e-29
 1.000000e-03     2.052192e-29
 1.122018e-03     2.405462e-29
 1.258926e-03     2.822163e-29
 1.412538e-03     3.314072e-29
 1.584893e-03     3.895223e-29
 1.778279e-03     4.582339e-29
 1.995262e-03     5.395345e-29
 2.238722e-03     6.358003e-29
 2.511887e-03     7.498647e-29
 2.818383e-03     8.851106e-29
 3.162278e-03     1.045577e-28
 3.548133e-03     1.236084e-28
 3.981073e-03     1.462397e-28
 4.466837e-03     1.731400e-28
 5.011873e-03     2.051330e-28
 5.623413e-03     2.432055e-28
 6.309573e-03     2.885421e-28
 7.079460e-03     3.425725e-28
 7.943284e-03     4.070335e-28
 8.912510e-03     4.840558e-28
 1.000000e-02     5.762771e-28
 1.122019e-02     6.869886e-28
 1.258925e-02     8.203080e-28
 1.412538e-02     9.813878e-28
 1.584894e-02     1.176622e-27
 1.778279e-02     1.413873e-27
 1.995263e-02     1.702707e-27
 2.238721e-02     2.054597e-27
 2.511887e-02     2.483187e-27
 2.818385e-02     3.004533e-27
 3.162277e-02     3.637420e-27
 3.548136e-02     4.403774e-27
 3.981071e-02     5.329087e-27
 4.466837e-02     6.443121e-27
 5.011876e-02     7.780614e-27
 5.623413e-02     9.382267e-27
 6.309576e-02     1.129600e-26
 7.079456e-02     1.357829e-26
 7.943284e-02     1.629606e-26
 8.912515e-02     1.952861e-26
 1.000000e-01     2.337024e-26
 1.122019e-01     2.793537e-26
 1.258925e-01     3.325608e-26
 1.412538e-01     3.921754e-26
 1.584894e-01     4.572276e-26
 1.778279e-01     5.269013e-26
 1.995263e-01     6.005049e-26
 2.238721e-01     6.774423e-26
 2.511887e-01     7.572021e-26
 2.818385e-01     8.393443e-26
 3.162278e-01     9.234965e-26
 3.548135e-01     1.009354e-25
 3.981071e-01     1.096673e-25
 4.466837e-01     1.185269e-25
 5.011876e-01     1.275013e-25
 5.623413e-01     1.365823e-25
 6.309576e-01     1.457663e-25
 7.079456e-01     1.550531e-25
 7.943284e-01     1.644462e-25
 8.912515e-01     1.739511e-25
 1.000000e+00     1.835753e-25
 1.122019e+00     1.933284e-25
 1.258925e+00     2.032203e-25
 1.412538e+00     2.132623e-25
 1.584894e+00     2.233990e-25
 1.778279e+00     2.330921e-25
 1.995263e+00     2.429104e-25
 2.238721e+00     2.532600e-25
 2.511887e+00     2.644498e-25
 2.818385e+00     2.767486e-25
 3.162278e+00     2.904290e-25
 3.548136e+00     3.057987e-25
 3.981071e+00     3.232242e-25
 4.466837e+00     3.431518e-25
 5.011876e+00     3.661280e-25
 5.623413e+00     3.928215e-25
 6.309576e+00     4.239282e-25
 7.079456e+00     4.584610e-25
 7.943284e+00     4.986922e-25
 8.912516e+00     5.468032e-25
 1.000000e+01     6.049711e-25
 1.122019e+01     6.755015e-25
 1.258925e+01     7.609156e-25
 1.412538e+01     8.640009e-25
 1.584894e+01     9.878033e-25
 1.778279e+01     1.135531e-24
 1.995263e+01     1.310373e-24
 2.238721e+01     1.515220e-24
 2.511887e+01     1.752396e-24
 2.818385e+01     2.022527e-24
 3.162278e+01     2.323769e-24
 3.548135e+01     2.612535e-24
 3.981071e+01     2.964253e-24
 4.466837e+01     3.335295e-24
 5.011876e+01     3.724030e-24
 5.623413e+01     4.103026e-24
 6.309576e+01     4.484667e-24
 7.079456e+01     4.895131e-24
 7.943284e+01     5.344092e-24
 8.912515e+01     5.867424e-24
 1.000000e+02     6.477908e-24
 1.120000e+02     7.145950e-24
 1.250000e+02     7.841912e-24
 1.400000e+02     8.585143e-24
 1.550000e+02     9.260042e-24
 1.650000e+02     9.667159e-24
 1.750000e+02     1.004600e-23
 1.850000e+02     1.039620e-23
 1.900000e+02     1.056848e-23
 1.950000e+02     1.075527e-23
 2.000000e+02     1.097987e-23
 2.050000e+02     1.130050e-23
 2.100000e+02     1.184321e-23
 2.150000e+02     1.286723e-23
 2.180000e+02     1.392625e-23
 2.210000e+02     1.546224e-23
 2.240000e+02     1.782302e-23
 2.260000e+02     2.002060e-23
 2.270000e+02     2.133393e-23
 2.275000e+02     2.207933e-23
 2.278400e+02     2.260799e-23
 2.380000e+02     3.087890e-23
 2.500000e+02     3.925911e-23
 2.700000e+02     5.084551e-23
 2.900000e+02     6.084380e-23
 3.035000e+02     6.727276e-23
 3.037800e+02     1.312432e-22
 3.045000e+02     1.304073e-22
 3.060000e+02     1.289090e-22
 3.080000e+02     1.270101e-22
 3.100000e+02     1.252216e-22
 3.120000e+02     1.235381e-22
 3.150000e+02     1.214075e-22
 3.200000e+02     1.178983e-22
 3.250000e+02     1.145474e-22
 3.300000e+02     1.121028e-22
 3.400000e+02     1.079865e-22
 3.600000e+02     1.041811e-22
 3.800000e+02     1.049508e-22
 4.050000e+02     1.094937e-22
 4.250000e+02     1.153950e-22
 4.500000e+02     1.234345e-22
 4.650000e+02     1.287328e-22
 4.750000e+02     1.324221e-22
 4.820000e+02     1.348036e-22
 4.870000e+02     1.368650e-22
 4.910000e+02     1.381844e-22
 4.950000e+02     1.394810e-22
 4.980000e+02     1.405741e-22
 5.000000e+02     1.413159e-22
 5.020000e+02     1.423517e-22
 5.039800e+02     1.430106e-22
 5.100000e+02     1.458972e-22
 5.250000e+02     1.531100e-22
 5.600000e+02     1.684161e-22
 6.000000e+02     1.854016e-22
 6.500000e+02     2.064999e-22
 7.000000e+02     2.286570e-22
 7.500000e+02     2.536941e-22
 8.000000e+02     2.840157e-22
 8.300000e+02     3.046254e-22
 8.600000e+02     3.292931e-22
 8.800000e+02     3.479329e-22
 8.900000e+02     3.580129e-22
 8.960000e+02     3.639844e-22
 9.000000e+02     3.686246e-22
 9.030000e+02     3.716904e-22
 9.060000e+02     3.748468e-22
 9.090000e+02     3.786986e-22
 9.117800e+02     3.817330e-22
 9.300000e+02     7.027546e-22
 9.500000e+02     1.016487e-21
 9.750000e+02     1.629510e-21
 9.900000e+02     1.938528e-21
 1.005000e+03     2.347987e-21
 1.025000e+03     3.000870e-21
 1.045000e+03     3.596069e-21
 1.065000e+03     4.420149e-21
 1.085000e+03     5.301951e-21
 1.105000e+03     6.159612e-21
 1.125000e+03     7.125096e-21
 1.145000e+03     8.015831e-21
 1.165000e+03     9.040300e-21
 1.185000e+03     9.957783e-21
 1.205000e+03     1.091926e-20
 1.215600e+03     1.135660e-20
 1.215670e+03     1.187492e-20
 1.216000e+03     1.188938e-20
 1.218000e+03     1.197369e-20
 1.221000e+03     1.208778e-20
 1.225000e+03     1.221633e-20
 1.230000e+03     1.236826e-20
 1.240000e+03     1.278957e-20
 1.250000e+03     1.326595e-20
 1.265000e+03     1.407962e-20
 1.285000e+03     1.517765e-20
 1.305000e+03     1.637767e-20
 1.325000e+03     1.752166e-20
 1.345000e+03     1.866467e-20
 1.365000e+03     1.979399e-20
 1.385000e+03     2.093049e-20
 1.405000e+03     2.195744e-20
 1.425000e+03     2.299947e-20
 1.442000e+03     2.388359e-20
 1.455000e+03     2.461502e-20
 1.475000e+03     2.564575e-20
 1.517000e+03     2.768243e-20
 1.595000e+03     3.089883e-20
 1.672000e+03     3.380205e-20
 1.745000e+03     3.636857e-20
 1.825000e+03     3.892140e-20
 1.905000e+03     4.091149e-20
 1.984000e+03     4.263133e-20
 2.065000e+03     4.404077e-20
 2.135000e+03     4.487977e-20
 2.215000e+03     4.567122e-20
 2.295000e+03     4.643422e-20
 2.375000e+03     4.714865e-20
 2.455000e+03     4.793739e-20
 2.525000e+03     4.863234e-20
 2.605000e+03     4.950257e-20
 2.685000e+03     5.058441e-20
 2.765000e+03     5.150734e-20
 2.845000e+03     5.226589e-20
 2.950000e+03     5.345777e-20
 3.110000e+03     5.524257e-20
 3.270000e+03     5.677384e-20
 3.430000e+03     5.821517e-20
 3.590000e+03     5.954143e-20
 3.730000e+03     6.100243e-20
 3.890000e+03     6.556000e-20
 4.050000e+03     6.995827e-20
 4.210000e+03     7.682600e-20
 4.370000e+03     8.286129e-20
 4.530000e+03     8.865417e-20
 4.690000e+03     9.420164e-20
 4.850000e+03     9.874239e-20
 5.010000e+03     1.027598e-19
 5.170000e+03     1.065121e-19
 5.330000e+03     1.100627e-19
 5.490000e+03     1.133459e-19
 5.650000e+03     1.165532e-19
 5.810000e+03     1.196747e-19
 5.970000e+03     1.223108e-19
 6.130000e+03     1.249031e-19
 6.290000e+03     1.271377e-19
 6.450000e+03     1.292262e-19
 6.610000e+03     1.311157e-19
 6.770000e+03     1.330221e-19
 6.930000e+03     1.347504e-19
 7.090000e+03     1.363108e-19
 7.250000e+03     1.377561e-19
 7.410000e+03     1.391410e-19
 7.570000e+03     1.404977e-19
 7.730000e+03     1.419597e-19
 7.890000e+03     1.432832e-19
 8.050000e+03     1.444986e-19
 8.210000e+03     1.457244e-19
 8.370000e+03     1.468756e-19
 8.530000e+03     1.479659e-19
 8.690000e+03     1.490579e-19
 8.850000e+03     1.503440e-19
 9.010000e+03     1.515528e-19
 9.170000e+03     1.527088e-19
 9.330000e+03     1.541715e-19
 9.490000e+03     1.554156e-19
 9.650000e+03     1.566417e-19
 9.810000e+03     1.578068e-19
 9.970000e+03     1.590501e-19
 1.050000e+04     1.622587e-19
 1.150000e+04     1.658195e-19
 1.250000e+04     1.682897e-19
 1.350000e+04     1.699308e-19
 1.450000e+04     1.714419e-19
 1.550000e+04     1.736538e-19
 1.650000e+04     1.753219e-19
 1.750000e+04     1.751438e-19
 1.850000e+04     1.731015e-19
 1.950000e+04     1.695500e-19
 2.050000e+04     1.654504e-19
 2.150000e+04     1.609929e-19
 2.250000e+04     1.560835e-19
 2.350000e+04     1.500460e-19
 2.450000e+04     1.430050e-19
 2.550000e+04     1.369855e-19
 2.650000e+04     1.311562e-19
 2.750000e+04     1.261767e-19
 2.850000e+04     1.216203e-19
 2.950000e+04     1.173335e-19
 3.050000e+04     1.132378e-19
 3.150000e+04     1.092971e-19
 3.250000e+04     1.054717e-19
 3.350000e+04     1.017570e-19
 3.450000e+04     9.817533e-20
 3.550000e+04     9.476330e-20
 3.650000e+04     9.150343e-20
 3.750000e+04     8.839046e-20
 3.850000e+04     8.544705e-20
 3.950000e+04     8.278617e-20
 4.050000e+04     8.055449e-20
 4.150000e+04     7.803997e-20
 4.250000e+04     7.558165e-20
 4.350000e+04     7.295906e-20
 4.450000e+04     7.034472e-20
 4.550000e+04     6.783372e-20
 4.650000e+04     6.560411e-20
 4.750000e+04     6.366970e-20
 4.850000e+04     6.203915e-20
 4.950000e+04     6.075598e-20
 5.050000e+04     5.986605e-20
 5.150000e+04     5.941113e-20
 5.250000e+04     5.943400e-20
 5.350000e+04     5.997458e-20
 5.450000e+04     6.106911e-20
 5.550000e+04     6.268349e-20
 5.650000e+04     6.482782e-20
 5.750000e+04     6.766782e-20
 5.850000e+04     6.961340e-20
 5.950000e+04     7.113231e-20
 6.050000e+04     7.407968e-20
 6.150000e+04     8.046541e-20
 6.250000e+04     9.606184e-20
 6.350000e+04     1.070976e-19
 6.450000e+04     1.111224e-19
 6.550000e+04     1.147921e-19
 6.650010e+04     1.175942e-19
 6.750010e+04     1.214275e-19
 6.850010e+04     1.241539e-19
 6.950010e+04     1.285541e-19
 7.020000e+04     1.328379e-19
 7.100000e+04     1.375108e-19
 7.180000e+04     1.417818e-19
 7.260000e+04     1.458777e-19
 7.340000e+04     1.518343e-19
 7.420000e+04     1.604360e-19
 7.500000e+04     1.727127e-19
 7.580000e+04     1.882539e-19
 7.660000e+04     2.054817e-19
 7.740000e+04     2.219622e-19
 7.820000e+04     2.372918e-19
 7.900000e+04     2.508454e-19
 7.980000e+04     2.615884e-19
 8.060000e+04     2.690043e-19
 8.140000e+04     2.739803e-19
 8.220000e+04     2.778407e-19
 8.300000e+04     2.805395e-19
 8.380000e+04     2.829601e-19
 8.460000e+04     2.853143e-19
 8.540000e+04     2.880133e-19
 8.620000e+04     2.911735e-19
 8.700000e+04     2.932812e-19
 8.780000e+04     2.932088e-19
 8.860000e+04     2.914170e-19
 8.940000e+04     2.887833e-19
 9.020000e+04     2.851918e-19
 9.100000e+04     2.813651e-19
 9.180000e+04     2.775280e-19
 9.260000e+04     2.734460e-19
 9.340000e+04     2.692780e-19
 9.420000e+04     2.650784e-19
 9.500000e+04     2.610717e-19
 9.580000e+04     2.572305e-19
 9.660000e+04     2.539755e-19
 9.740000e+04     2.510011e-19
 9.820000e+04     2.474915e-19
 9.900000e+04     2.439075e-19
 9.980000e+04     2.401337e-19
 1.006000e+05     2.367933e-19
 1.020000e+05     2.316351e-19
 1.040000e+05     2.253938e-19
 1.060000e+05     2.223269e-19
 1.080000e+05     2.209659e-19
 1.100000e+05     2.205365e-19
 1.120000e+05     2.305377e-19
 1.140000e+05     2.540116e-19
 1.160000e+05     2.620875e-19
 1.180000e+05     2.692007e-19
 1.200000e+05     2.780897e-19
 1.220000e+05     2.901957e-19
 1.240000e+05     3.046107e-19
 1.260000e+05     3.233246e-19
 1.280000e+05     3.520690e-19
 1.300000e+05     3.787207e-19
 1.320000e+05     3.850457e-19
 1.340000e+05     3.982114e-19
 1.360000e+05     4.050012e-19
 1.380000e+05     4.158375e-19
 1.400000e+05     4.212571e-19
 1.420000e+05     4.307451e-19
 1.440000e+05     4.368708e-19
 1.460000e+05     4.450551e-19
 1.480000e+05     4.509913e-19
 1.500000e+05     4.584173e-19
 1.520000e+05     4.640586e-19
 1.540000e+05     4.701406e-19
 1.560000e+05     4.782519e-19
 1.580000e+05     4.848810e-19
 1.600000e+05     4.899598e-19
 1.620000e+05     4.946294e-19
 1.640000e+05     5.023220e-19
 1.660000e+05     5.123887e-19
 1.680000e+05     5.223145e-19
 1.700000e+05     5.329140e-19
 1.720000e+05     5.470109e-19
 1.740000e+05     5.583967e-19
 1.760000e+05     5.664337e-19
 1.780000e+05     5.758878e-19
 1.800000e+05     5.839409e-19
 1.820000e+05     5.922603e-19
 1.840000e+05     6.006820e-19
 1.860000e+05     6.102214e-19
 1.880000e+05     6.255777e-19
 1.900000e+05     6.374848e-19
 1.920000e+05     6.493307e-19
 1.940000e+05     6.616888e-19
 1.960000e+05     6.767400e-19
 1.980000e+05     6.926053e-19
 2.000000e+05     7.096692e-19
 2.020000e+05     7.282914e-19
 2.040000e+05     7.483378e-19
 2.060000e+05     7.682686e-19
 2.080000e+05     7.887822e-19
 2.100000e+05     8.114107e-19
 2.120000e+05     8.344126e-19
 2.140000e+05     8.570639e-19
 2.160000e+05     8.823150e-19
 2.180000e+05     9.088759e-19
 2.200000e+05     9.337299e-19
 2.220000e+05     9.595694e-19
 2.240000e+05     9.883811e-19
 2.260000e+05     1.016051e-18
 2.280000e+05     1.043311e-18
 2.300000e+05     1.073274e-18
 2.320000e+05     1.105146e-18
 2.340000e+05     1.137590e-18
 2.360000e+05     1.170846e-18
 2.380000e+05     1.205693e-18
 2.400000e+05     1.242953e-18
 2.420000e+05     1.281638e-18
 2.440000e+05     1.320763e-18
 2.460000e+05     1.361311e-18
 2.480000e+05     1.404340e-18
 2.500000e+05     1.449119e-18
 2.520000e+05     1.493889e-18
 2.540000e+05     1.539600e-18
 2.560000e+05     1.588132e-18
 2.580000e+05     1.639825e-18
 2.600000e+05     1.693244e-18
 2.620000e+05     1.746498e-18
 2.640000e+05     1.800721e-18
 2.660000e+05     1.857022e-18
 2.680000e+05     1.915721e-18
 2.700000e+05     1.975554e-18
 2.720000e+05     2.035352e-18
 2.740000e+05     2.095269e-18
 2.760000e+05     2.157332e-18
 2.780000e+05     2.222308e-18
 2.800000e+05     2.290086e-18
 2.820000e+05     2.359971e-18
 2.840000e+05     2.429622e-18
 2.860000e+05     2.498862e-18
 2.880000e+05     2.569532e-18
 2.900000e+05     2.642601e-18
 2.920000e+05     2.717441e-18
 2.940000e+05     2.793472e-18
 2.960000e+05     2.871475e-18
 2.980000e+05     2.949804e-18
 3.000000e+05     3.028064e-18
 3.020000e+05     3.108700e-18
 3.040000e+05     3.191503e-18
 3.060000e+05     3.274326e-18
 3.080000e+05     3.359026e-18
 3.100000e+05     3.444243e-18
 3.120000e+05     3.529083e-18
 3.140000e+05     3.615751e-18
 3.160000e+05     3.705432e-18
 3.180000e+05     3.796104e-18
 3.200000e+05     3.889455e-18
 3.220000e+05     3.984031e-18
 3.240000e+05     4.078704e-18
 3.260000e+05     4.176995e-18
 3.280000e+05     4.273913e-18
 3.300000e+05     4.370843e-18
 3.320000e+05     4.469433e-18
 3.340000e+05     4.577750e-18
 3.360000e+05     4.693282e-18
 3.380000e+05     4.802251e-18
 3.400000e+05     4.897370e-18
 3.420000e+05     4.998373e-18
 3.440000e+05     5.097921e-18
 3.460000e+05     5.192686e-18
 3.480000e+05     5.308164e-18
 3.500000e+05     5.436529e-18
 3.520000e+05     5.550016e-18
 3.540000e+05     5.653629e-18
 3.560000e+05     5.755288e-18
 3.580000e+05     5.854723e-18
 3.600000e+05     5.957400e-18
 3.620000e+05     6.060079e-18
 3.640000e+05     6.161620e-18
 3.660000e+05     6.264325e-18
 3.680000e+05     6.366814e-18
 3.700000e+05     6.470892e-18
 3.720000e+05     6.576610e-18
 3.740000e+05     6.684999e-18
 3.760000e+05     6.795223e-18
 3.780000e+05     6.903932e-18
 3.800000e+05     7.013193e-18
 3.820000e+05     7.125177e-18
 3.840000e+05     7.239464e-18
 3.860000e+05     7.355135e-18
 3.880000e+05     7.469915e-18
 3.900000e+05     7.585596e-18
 3.920000e+05     7.704411e-18
 4.320000e+05     1.024161e-17
 4.760000e+05     1.324466e-17
 5.250000e+05     1.659846e-17
 5.790000e+05     2.005692e-17
 6.390000e+05     2.342218e-17
 7.040000e+05     2.629343e-17
 7.760000e+05     2.844311e-17
 8.560000e+05     2.969058e-17
 9.430000e+05     2.996671e-17
 1.040000e+06     2.933810e-17
 1.147000e+06     2.794306e-17
 1.264000e+06     2.599406e-17
 1.394000e+06     2.367424e-17
 1.537000e+06     2.120517e-17
 1.694000e+06     1.874780e-17
 1.868000e+06     1.639977e-17
 2.059000e+06     1.425385e-17
 2.270000e+06     1.232968e-17
 2.503000e+06     1.063275e-17
 2.760000e+06     9.148334e-18
 3.043000e+06     7.852263e-18
 3.354000e+06     6.717317e-18
 3.698000e+06     5.712426e-18
 4.077000e+06     4.823579e-18
 4.495000e+06     4.036939e-18
 4.956000e+06     3.344476e-18
 5.464000e+06     2.741274e-18
 6.024000e+06     2.222510e-18
 6.641000e+06     1.783546e-18
 7.322000e+06     1.417903e-18
 8.073000e+06     1.119076e-18
 8.900000e+06     8.795690e-19
 9.813000e+06     6.905933e-19
 1.082000e+07     5.443084e-19
 1.193000e+07     4.331657e-19
 1.315000e+07     3.504427e-19
 1.450000e+07     2.896879e-19
 1.598000e+07     2.463948e-19
 1.762000e+07     2.160656e-19
 1.943000e+07     1.956743e-19
 2.142000e+07     1.827742e-19
 2.362000e+07     1.754046e-19
 2.604000e+07     1.721843e-19
 2.871000e+07     1.720949e-19
 3.165000e+07     1.744001e-19
 3.489000e+07     1.785577e-19
 3.847000e+07     1.842046e-19
 4.241000e+07     1.910586e-19
 4.676000e+07     1.989436e-19
 5.155000e+07     2.077074e-19
 5.683000e+07     2.172699e-19
 6.266000e+07     2.275879e-19
 6.908000e+07     2.386145e-19
 7.616000e+07     2.503481e-19
 8.397000e+07     2.627837e-19
 9.258000e+07     2.759253e-19
 1.020700e+08     2.897826e-19
 1.125300e+08     3.043826e-19
 1.240600e+08     3.197550e-19
 1.367800e+08     3.359499e-19
 1.508000e+08     3.529798e-19
 1.662500e+08     3.708726e-19
 1.833000e+08     3.897042e-19
 2.020800e+08     4.094945e-19
 2.228000e+08     4.303112e-19
 2.456300e+08     4.521844e-19
 2.708100e+08     4.751945e-19
 2.985700e+08     4.993866e-19
 3.291700e+08     5.248054e-19
 3.629100e+08     5.515363e-19
 4.001100e+08     5.796321e-19
 4.411200e+08     6.091720e-19
 4.863400e+08     6.402257e-19
 5.361900e+08     6.728821e-19
 5.911500e+08     7.072098e-19
 6.517400e+08     7.433050e-19
 7.185400e+08     7.812374e-19
 7.921900e+08     8.211232e-19
 8.733900e+08     8.630485e-19
 9.629200e+08     9.071274e-19
 1.000000e+09     9.247952e-19
