## for UVB models (QSO SED 1.8)
## Photoionization and photoheating rates; Units: Gamma (s^-1) & H (eV s^-1)
## z,      Gamma_HI,    Gamma_HeI,   Gamma_HeII,     H_HI     H_HeI     H_HeII
## ===========================================================================================
 0.00      4.058e-14      1.869e-14      6.262e-16      1.507e-13      1.494e-13      1.248e-14
 0.10      6.310e-14      3.041e-14      9.453e-16      2.381e-13      2.383e-13      1.857e-14
 0.20      9.353e-14      4.695e-14      1.378e-15      3.575e-13      3.640e-13      2.670e-14
 0.30      1.333e-13      6.919e-14      1.947e-15      5.141e-13      5.338e-13      3.721e-14
 0.40      1.836e-13      9.776e-14      2.670e-15      7.122e-13      7.543e-13      5.037e-14
 0.50      2.452e-13      1.332e-13      3.560e-15      9.542e-13      1.029e-12      6.636e-14
 0.60      3.182e-13      1.755e-13      4.618e-15      1.240e-12      1.361e-12      8.518e-14
 0.70      4.018e-13      2.241e-13      5.835e-15      1.568e-12      1.747e-12      1.066e-13
 0.80      4.946e-13      2.781e-13      7.184e-15      1.932e-12      2.181e-12      1.302e-13
 0.90      5.948e-13      3.359e-13      8.616e-15      2.323e-12      2.649e-12      1.552e-13
 1.00      6.991e-13      3.957e-13      1.006e-14      2.729e-12      3.138e-12      1.805e-13
 1.10      8.030e-13      4.556e-13      1.144e-14      3.133e-12      3.630e-12      2.047e-13
 1.20      9.020e-13      5.124e-13      1.264e-14      3.517e-12      4.101e-12      2.263e-13
 1.30      9.920e-13      5.644e-13      1.361e-14      3.868e-12      4.533e-12      2.441e-13
 1.40      1.070e-12      6.096e-13      1.437e-14      4.174e-12      4.912e-12      2.581e-13
 1.50      1.134e-12      6.467e-13      1.487e-14      4.423e-12      5.224e-12      2.676e-13
 1.60      1.181e-12      6.739e-13      1.509e-14      4.605e-12      5.455e-12      2.723e-13
 1.70      1.209e-12      6.911e-13      1.503e-14      4.718e-12      5.599e-12      2.720e-13
 1.80      1.220e-12      6.979e-13      1.471e-14      4.762e-12      5.657e-12      2.670e-13
 1.90      1.214e-12      6.954e-13      1.415e-14      4.738e-12      5.635e-12      2.576e-13
 2.00      1.192e-12      6.841e-13      1.337e-14      4.655e-12      5.537e-12      2.444e-13
 2.10      1.159e-12      6.661e-13      1.243e-14      4.525e-12      5.378e-12      2.280e-13
 2.20      1.118e-12      6.432e-13      1.138e-14      4.365e-12      5.175e-12      2.098e-13
 2.30      1.073e-12      6.176e-13      1.028e-14      4.190e-12      4.945e-12      1.903e-13
 2.40      1.026e-12      5.910e-13      9.147e-15      4.005e-12      4.707e-12      1.704e-13
 2.50      9.784e-13      5.645e-13      8.027e-15      3.821e-12      4.465e-12      1.504e-13
 2.60      9.340e-13      5.388e-13      6.942e-15      3.646e-12      4.228e-12      1.310e-13
 2.70      8.942e-13      5.154e-13      5.909e-15      3.489e-12      4.006e-12      1.124e-13
 2.80      8.596e-13      4.951e-13      4.947e-15      3.352e-12      3.808e-12      9.496e-14
 2.90      8.317e-13      4.780e-13      4.065e-15      3.239e-12      3.637e-12      7.887e-14
 3.00      8.109e-13      4.647e-13      3.271e-15      3.155e-12      3.495e-12      6.431e-14
 3.10      7.976e-13      4.554e-13      2.572e-15      3.099e-12      3.387e-12      5.138e-14
 3.20      7.913e-13      4.496e-13      1.968e-15      3.069e-12      3.308e-12      4.013e-14
 3.30      7.916e-13      4.474e-13      1.461e-15      3.065e-12      3.260e-12      3.059e-14
 3.40      7.975e-13      4.482e-13      1.049e-15      3.082e-12      3.239e-12      2.272e-14
 3.50      8.078e-13      4.514e-13      7.299e-16      3.117e-12      3.241e-12      1.646e-14
 3.60      8.209e-13      4.561e-13      4.939e-16      3.163e-12      3.259e-12      1.166e-14
 3.70      8.352e-13      4.616e-13      3.271e-16      3.213e-12      3.289e-12      8.124e-15
 3.80      8.488e-13      4.669e-13      2.145e-16      3.261e-12      3.322e-12      5.606e-15
 3.90      8.600e-13      4.713e-13      1.399e-16      3.300e-12      3.352e-12      3.852e-15
 4.00      8.674e-13      4.737e-13      9.171e-17      3.326e-12      3.370e-12      2.652e-15
 4.10      8.699e-13      4.737e-13      6.061e-17      3.333e-12      3.373e-12      1.837e-15
 4.20      8.667e-13      4.709e-13      4.052e-17      3.319e-12      3.358e-12      1.283e-15
 4.30      8.577e-13      4.653e-13      2.747e-17      3.283e-12      3.323e-12      9.050e-16
 4.40      8.428e-13      4.567e-13      1.890e-17      3.226e-12      3.268e-12      6.456e-16
 4.50      8.222e-13      4.454e-13      1.320e-17      3.147e-12      3.194e-12      4.659e-16
 4.60      7.962e-13      4.314e-13      9.362e-18      3.048e-12      3.102e-12      3.400e-16
 4.70      7.644e-13      4.149e-13      6.718e-18      2.929e-12      2.993e-12      2.499e-16
 4.80      7.283e-13      3.964e-13      4.645e-18      2.794e-12      2.870e-12      1.782e-16
 4.90      6.912e-13      3.774e-13      3.258e-18      2.655e-12      2.743e-12      1.285e-16
 5.00      6.540e-13      3.583e-13      2.317e-18      2.516e-12      2.614e-12      9.376e-17
 5.10      6.172e-13      3.393e-13      1.670e-18      2.378e-12      2.486e-12      6.911e-17
 5.20      5.813e-13      3.207e-13      1.218e-18      2.244e-12      2.359e-12      5.145e-17
 5.30      5.465e-13      3.027e-13      8.985e-19      2.113e-12      2.236e-12      3.866e-17
 5.40      5.132e-13      2.854e-13      6.698e-19      1.987e-12      2.117e-12      2.930e-17
 5.50      4.814e-13      2.688e-13      5.042e-19      1.867e-12      2.003e-12      2.240e-17
 5.60      4.512e-13      2.531e-13      3.830e-19      1.754e-12      1.894e-12      1.725e-17
 5.70      4.228e-13      2.383e-13      2.932e-19      1.646e-12      1.791e-12      1.337e-17
 5.80      3.960e-13      2.243e-13      2.262e-19      1.545e-12      1.696e-12      1.043e-17
 5.90      3.709e-13      2.114e-13      1.756e-19      1.451e-12      1.611e-12      8.178e-18
 6.00      3.475e-13      1.995e-13      1.370e-19      1.364e-12      1.544e-12      6.442e-18
 6.20      3.047e-13      1.763e-13      8.472e-20      1.201e-12      1.375e-12      4.049e-18
 6.40      2.674e-13      1.560e-13      5.322e-20      1.057e-12      1.225e-12      2.576e-18
 6.60      2.349e-13      1.382e-13      3.380e-20      9.320e-13      1.092e-12      1.655e-18
 6.80      2.066e-13      1.225e-13      2.164e-20      8.224e-13      9.744e-13      1.070e-18
 7.00      1.819e-13      1.087e-13      1.393e-20      7.269e-13      8.704e-13      6.944e-19
 7.20      1.605e-13      9.666e-14      9.003e-21      6.432e-13      7.783e-13      4.520e-19
 7.40      1.417e-13      8.603e-14      5.830e-21      5.700e-13      6.966e-13      2.947e-19
 7.60      1.254e-13      7.668e-14      3.783e-21      5.059e-13      6.243e-13      1.922e-19
 7.80      1.111e-13      6.845e-14      2.452e-21      4.497e-13      5.602e-13      1.254e-19
 8.00      9.867e-14      6.118e-14      1.590e-21      4.004e-13      5.031e-13      8.178e-20
 8.20      8.772e-14      5.476e-14      1.031e-21      3.570e-13      4.525e-13      5.329e-20
 8.40      7.811e-14      4.908e-14      6.682e-22      3.188e-13      4.074e-13      3.470e-20
 8.60      6.967e-14      4.406e-14      4.326e-22      2.851e-13      3.673e-13      2.257e-20
 8.80      6.224e-14      3.960e-14      2.798e-22      2.554e-13      3.315e-13      1.466e-20
 9.00      5.569e-14      3.565e-14      1.808e-22      2.291e-13      2.995e-13      9.516e-21
 9.20      4.991e-14      3.213e-14      1.167e-22      2.058e-13      2.709e-13      6.168e-21
 9.40      4.480e-14      2.900e-14      7.523e-23      1.852e-13      2.454e-13      3.993e-21
 9.60      4.027e-14      2.620e-14      4.845e-23      1.668e-13      2.225e-13      2.582e-21
 9.80      3.626e-14      2.371e-14      3.117e-23      1.505e-13      2.020e-13      1.667e-21
10.00      3.270e-14      2.150e-14      2.003e-23      1.361e-13      1.838e-13      1.075e-21
10.50      2.540e-14      1.689e-14      6.598e-24      1.062e-13      1.454e-13      3.573e-22
11.00      1.990e-14      1.338e-14      2.160e-24      8.357e-14      1.158e-13      1.180e-22
11.50      1.573e-14      1.067e-14      7.027e-25      6.630e-14      9.280e-14      3.872e-23
12.00      1.252e-14      8.570e-15      2.273e-25      5.299e-14      7.489e-14      1.263e-23
12.50      1.005e-14      6.930e-15      7.316e-26      4.265e-14      6.081e-14      4.096e-24
13.00      8.120e-15      5.639e-15      2.342e-26      3.457e-14      4.968e-14      1.322e-24
13.50      6.605e-15      4.617e-15      7.465e-27      2.820e-14      4.081e-14      4.241e-25
14.00      5.408e-15      3.802e-15      2.369e-27      2.314e-14      3.371e-14      1.352e-25
14.50      4.450e-15      3.161e-15      7.517e-28      1.913e-14      2.812e-14      4.258e-26
15.00      1.010e-15      9.401e-16      9.675e-29      5.139e-15      8.430e-15      6.545e-27
