## EBL from Khaire & Srianand 2018; Q19 Model with alpha=-1.9 
## Column1:wavelength (Angstrom);  Column2:EBL specific intensity J_nu (erg/s/cm^2/Hz/Sr)
## ===========================================================================================
 1.000000e-08     1.404030e-41
 1.122019e-08     2.042413e-41
 1.258925e-08     2.911407e-41
 1.412538e-08     4.060504e-41
 1.584893e-08     5.550811e-41
 1.778279e-08     7.453255e-41
 1.995263e-08     9.848935e-41
 2.238721e-08     1.283032e-40
 2.511887e-08     1.650303e-40
 2.818382e-08     2.098775e-40
 3.162278e-08     2.642287e-40
 3.548135e-08     3.296714e-40
 3.981071e-08     4.080317e-40
 4.466837e-08     5.014158e-40
 5.011870e-08     6.122511e-40
 5.623413e-08     7.433468e-40
 6.309576e-08     8.979480e-40
 7.079456e-08     1.079809e-39
 7.943284e-08     1.293285e-39
 8.912505e-08     1.543409e-39
 1.000000e-07     1.836024e-39
 1.122019e-07     2.177892e-39
 1.258925e-07     2.576853e-39
 1.412538e-07     3.042001e-39
 1.584892e-07     3.583857e-39
 1.778279e-07     4.214644e-39
 1.995263e-07     4.948509e-39
 2.238721e-07     5.801843e-39
 2.511887e-07     6.793667e-39
 2.818382e-07     7.946002e-39
 3.162278e-07     9.284400e-39
 3.548136e-07     1.083845e-38
 3.981071e-07     1.264242e-38
 4.466837e-07     1.473610e-38
 5.011870e-07     1.716551e-38
 5.623413e-07     1.998409e-38
 6.309576e-07     2.325367e-38
 7.079456e-07     2.704590e-38
 7.943284e-07     3.144394e-38
 8.912505e-07     3.654397e-38
 1.000000e-06     4.245766e-38
 1.122019e-06     4.931425e-38
 1.258925e-06     5.726346e-38
 1.412538e-06     6.647908e-38
 1.584893e-06     7.716211e-38
 1.778279e-06     8.954578e-38
 1.995263e-06     1.039003e-37
 2.238721e-06     1.205385e-37
 2.511887e-06     1.398234e-37
 2.818382e-06     1.621751e-37
 3.162278e-06     1.880810e-37
 3.548136e-06     2.181055e-37
 3.981071e-06     2.529021e-37
 4.466837e-06     2.932296e-37
 5.011870e-06     3.399656e-37
 5.623413e-06     3.941285e-37
 6.309576e-06     4.568974e-37
 7.079456e-06     5.296383e-37
 7.943284e-06     6.139361e-37
 8.912505e-06     7.116242e-37
 1.000000e-05     8.248309e-37
 1.122019e-05     9.560196e-37
 1.258925e-05     1.108044e-36
 1.412538e-05     1.284215e-36
 1.584893e-05     1.488365e-36
 1.778279e-05     1.724938e-36
 1.995263e-05     1.999083e-36
 2.238721e-05     2.316762e-36
 2.511887e-05     2.684892e-36
 2.818382e-05     3.111479e-36
 3.162278e-05     3.605813e-36
 3.548135e-05     4.178643e-36
 3.981071e-05     4.842431e-36
 4.466837e-05     5.611630e-36
 5.011870e-05     6.502962e-36
 5.623413e-05     7.535837e-36
 6.309577e-05     8.732723e-36
 7.079457e-05     1.011964e-35
 7.943284e-05     1.172680e-35
 8.912505e-05     1.358912e-35
 1.000000e-04     1.574718e-35
 1.122018e-04     1.824787e-35
 1.258926e-04     2.114128e-35
 1.412538e-04     2.440983e-35
 1.584893e-04     2.818234e-35
 1.778279e-04     3.256105e-35
 1.995262e-04     3.765289e-35
 2.238722e-04     4.358056e-35
 2.511887e-04     5.048800e-35
 2.818383e-04     5.854496e-35
 3.162278e-04     6.795185e-35
 3.548134e-04     7.894536e-35
 3.981073e-04     9.180541e-35
 4.466837e-04     1.068631e-34
 5.011873e-04     1.245106e-34
 5.623413e-04     1.452126e-34
 6.309572e-04     1.695199e-34
 7.079460e-04     1.980865e-34
 7.943284e-04     2.316881e-34
 8.912510e-04     2.712468e-34
 1.000000e-03     3.178584e-34
 1.122018e-03     3.728262e-34
 1.258926e-03     4.377019e-34
 1.412538e-03     5.143310e-34
 1.584893e-03     6.049133e-34
 1.778279e-03     7.120703e-34
 1.995262e-03     8.389275e-34
 2.238722e-03     9.892128e-34
 2.511887e-03     1.167373e-33
 2.818383e-03     1.378719e-33
 3.162278e-03     1.629592e-33
 3.548133e-03     1.927565e-33
 3.981073e-03     2.281694e-33
 4.466837e-03     2.702798e-33
 5.011873e-03     3.203826e-33
 5.623413e-03     3.800298e-33
 6.309573e-03     4.510869e-33
 7.079460e-03     5.358082e-33
 7.943284e-03     6.369374e-33
 8.912510e-03     7.578465e-33
 1.000000e-02     9.027141e-33
 1.122019e-02     1.076749e-32
 1.258925e-02     1.286444e-32
 1.412538e-02     1.539882e-32
 1.584894e-02     1.847011e-32
 1.778279e-02     2.219962e-32
 1.995263e-02     2.673368e-32
 2.238721e-02     3.224644e-32
 2.511887e-02     3.894380e-32
 2.818385e-02     4.706714e-32
 3.162277e-02     5.689843e-32
 3.548136e-02     6.876721e-32
 3.981071e-02     8.305759e-32
 4.466837e-02     1.002200e-31
 5.011876e-02     1.207826e-31
 5.623413e-02     1.453674e-31
 6.309576e-02     1.747106e-31
 7.079456e-02     2.096829e-31
 7.943284e-02     2.513201e-31
 8.912515e-02     3.008533e-31
 1.000000e-01     3.597488e-31
 1.122019e-01     4.298210e-31
 1.258925e-01     5.104385e-31
 1.412538e-01     5.982751e-31
 1.584894e-01     6.919438e-31
 1.778279e-01     7.905870e-31
 1.995263e-01     8.934815e-31
 2.238721e-01     9.999622e-31
 2.511887e-01     1.109432e-30
 2.818385e-01     1.221365e-30
 3.162278e-01     1.335315e-30
 3.548135e-01     1.450920e-30
 3.981071e-01     1.567891e-30
 4.466837e-01     1.686018e-30
 5.011876e-01     1.805149e-30
 5.623413e-01     1.925192e-30
 6.309576e-01     2.045585e-30
 7.079456e-01     2.166940e-30
 7.943284e-01     2.289049e-30
 8.912515e-01     2.411809e-30
 1.000000e+00     2.535108e-30
 1.122019e+00     2.658771e-30
 1.258925e+00     2.782491e-30
 1.412538e+00     2.905770e-30
 1.584894e+00     3.027804e-30
 1.778279e+00     3.147348e-30
 1.995263e+00     3.262514e-30
 2.238721e+00     3.370489e-30
 2.511887e+00     3.467177e-30
 2.818385e+00     3.546768e-30
 3.162278e+00     3.601314e-30
 3.548136e+00     3.620487e-30
 3.981071e+00     3.591857e-30
 4.466837e+00     3.502209e-30
 5.011876e+00     3.340381e-30
 5.623413e+00     3.101530e-30
 6.309576e+00     2.784146e-30
 7.079456e+00     2.397644e-30
 7.943284e+00     1.991615e-30
 8.912516e+00     1.612870e-30
 1.000000e+01     1.288928e-30
 1.122019e+01     1.021027e-30
 1.258925e+01     8.059279e-31
 1.412538e+01     6.372359e-31
 1.584894e+01     5.066805e-31
 1.778279e+01     4.061117e-31
 1.995263e+01     3.285353e-31
 2.238721e+01     2.684013e-31
 2.511887e+01     2.214346e-31
 2.818385e+01     1.843274e-31
 3.162278e+01     1.547484e-31
 3.548135e+01     1.308899e-31
 3.981071e+01     1.114663e-31
 4.466837e+01     9.551649e-32
 5.011876e+01     8.230250e-32
 5.623413e+01     7.128517e-32
 6.309576e+01     6.205301e-32
 7.079456e+01     5.427939e-32
 7.943284e+01     4.770933e-32
 8.912515e+01     4.214796e-32
 1.000000e+02     3.743222e-32
 1.120000e+02     3.348860e-32
 1.250000e+02     3.022741e-32
 1.400000e+02     2.736529e-32
 1.550000e+02     2.517616e-32
 1.650000e+02     2.399763e-32
 1.750000e+02     2.300593e-32
 1.850000e+02     2.222184e-32
 1.900000e+02     2.201232e-32
 1.950000e+02     2.209135e-32
 2.000000e+02     2.278823e-32
 2.050000e+02     2.479558e-32
 2.100000e+02     2.950938e-32
 2.150000e+02     3.963736e-32
 2.180000e+02     5.027790e-32
 2.210000e+02     6.634015e-32
 2.240000e+02     9.026372e-32
 2.260000e+02     1.122175e-31
 2.270000e+02     1.254656e-31
 2.275000e+02     1.327386e-31
 2.278400e+02     1.379492e-31
 2.380000e+02     3.256608e-24
 2.500000e+02     3.453023e-24
 2.700000e+02     3.624575e-24
 2.900000e+02     3.787909e-24
 3.035000e+02     3.893955e-24
 3.037800e+02     3.897737e-24
 3.045000e+02     3.902512e-24
 3.060000e+02     3.913451e-24
 3.080000e+02     3.928693e-24
 3.100000e+02     3.943857e-24
 3.120000e+02     3.958957e-24
 3.150000e+02     3.981626e-24
 3.200000e+02     4.019051e-24
 3.250000e+02     4.056112e-24
 3.300000e+02     4.092627e-24
 3.400000e+02     4.164393e-24
 3.600000e+02     4.303090e-24
 3.800000e+02     4.435680e-24
 4.050000e+02     4.593833e-24
 4.250000e+02     4.715537e-24
 4.500000e+02     4.861242e-24
 4.650000e+02     4.948551e-24
 4.750000e+02     5.005491e-24
 4.820000e+02     5.044682e-24
 4.870000e+02     5.072425e-24
 4.910000e+02     5.094459e-24
 4.950000e+02     5.116418e-24
 4.980000e+02     5.132770e-24
 5.000000e+02     5.143651e-24
 5.020000e+02     5.155151e-24
 5.039800e+02     5.166940e-24
 5.100000e+02     7.170601e-24
 5.250000e+02     7.273443e-24
 5.600000e+02     7.446555e-24
 6.000000e+02     7.666846e-24
 6.500000e+02     8.060671e-24
 7.000000e+02     8.656872e-24
 7.500000e+02     9.603634e-24
 8.000000e+02     1.100017e-23
 8.300000e+02     1.213529e-23
 8.600000e+02     1.352877e-23
 8.800000e+02     1.461628e-23
 8.900000e+02     1.521185e-23
 8.960000e+02     1.558588e-23
 9.000000e+02     1.584212e-23
 9.030000e+02     1.603842e-23
 9.060000e+02     1.623809e-23
 9.090000e+02     1.644242e-23
 9.117800e+02     1.663369e-23
 9.300000e+02     7.162903e-22
 9.500000e+02     2.044454e-21
 9.750000e+02     4.344729e-21
 9.900000e+02     5.177387e-21
 1.005000e+03     6.333934e-21
 1.025000e+03     8.055107e-21
 1.045000e+03     9.306637e-21
 1.065000e+03     1.121443e-20
 1.085000e+03     1.292387e-20
 1.105000e+03     1.446507e-20
 1.125000e+03     1.608093e-20
 1.145000e+03     1.741608e-20
 1.165000e+03     1.884558e-20
 1.185000e+03     2.002619e-20
 1.205000e+03     2.110295e-20
 1.215600e+03     2.160432e-20
 1.215670e+03     2.565020e-20
 1.216000e+03     2.565624e-20
 1.218000e+03     2.568495e-20
 1.221000e+03     2.572076e-20
 1.225000e+03     2.576664e-20
 1.230000e+03     2.598081e-20
 1.240000e+03     2.665148e-20
 1.250000e+03     2.673657e-20
 1.265000e+03     2.780910e-20
 1.285000e+03     2.875377e-20
 1.305000e+03     2.969178e-20
 1.325000e+03     3.067145e-20
 1.345000e+03     3.151016e-20
 1.365000e+03     3.209809e-20
 1.385000e+03     3.295771e-20
 1.405000e+03     3.347168e-20
 1.425000e+03     3.420386e-20
 1.442000e+03     3.427878e-20
 1.455000e+03     3.469597e-20
 1.475000e+03     3.490466e-20
 1.517000e+03     3.544907e-20
 1.595000e+03     3.530973e-20
 1.672000e+03     3.530395e-20
 1.745000e+03     3.513095e-20
 1.825000e+03     3.497104e-20
 1.905000e+03     3.328660e-20
 1.984000e+03     3.298522e-20
 2.065000e+03     3.258678e-20
 2.135000e+03     3.215745e-20
 2.215000e+03     3.170890e-20
 2.295000e+03     3.124343e-20
 2.375000e+03     3.076071e-20
 2.455000e+03     3.034063e-20
 2.525000e+03     2.990696e-20
 2.605000e+03     2.955043e-20
 2.685000e+03     2.933163e-20
 2.765000e+03     2.901035e-20
 2.845000e+03     2.866016e-20
 2.950000e+03     2.833027e-20
 3.110000e+03     2.785824e-20
 3.270000e+03     2.734717e-20
 3.430000e+03     2.684537e-20
 3.590000e+03     2.637654e-20
 3.730000e+03     2.627275e-20
 3.890000e+03     2.742298e-20
 4.050000e+03     2.861732e-20
 4.210000e+03     3.033795e-20
 4.370000e+03     3.182994e-20
 4.530000e+03     3.315623e-20
 4.690000e+03     3.423957e-20
 4.850000e+03     3.487190e-20
 5.010000e+03     3.541245e-20
 5.170000e+03     3.576590e-20
 5.330000e+03     3.607226e-20
 5.490000e+03     3.632151e-20
 5.650000e+03     3.651283e-20
 5.810000e+03     3.669575e-20
 5.970000e+03     3.668919e-20
 6.130000e+03     3.669813e-20
 6.290000e+03     3.664893e-20
 6.450000e+03     3.655406e-20
 6.610000e+03     3.645786e-20
 6.770000e+03     3.640920e-20
 6.930000e+03     3.633442e-20
 7.090000e+03     3.625064e-20
 7.250000e+03     3.617149e-20
 7.410000e+03     3.612851e-20
 7.570000e+03     3.612856e-20
 7.730000e+03     3.617811e-20
 7.890000e+03     3.621536e-20
 8.050000e+03     3.623856e-20
 8.210000e+03     3.628109e-20
 8.370000e+03     3.631498e-20
 8.530000e+03     3.636086e-20
 8.690000e+03     3.644505e-20
 8.850000e+03     3.659660e-20
 9.010000e+03     3.673912e-20
 9.170000e+03     3.687585e-20
 9.330000e+03     3.707209e-20
 9.490000e+03     3.727404e-20
 9.650000e+03     3.740885e-20
 9.810000e+03     3.759323e-20
 9.970000e+03     3.773161e-20
 1.050000e+04     3.805286e-20
 1.150000e+04     3.806020e-20
 1.250000e+04     3.784579e-20
 1.350000e+04     3.756289e-20
 1.450000e+04     3.741708e-20
 1.550000e+04     3.768750e-20
 1.650000e+04     3.768735e-20
 1.750000e+04     3.723791e-20
 1.850000e+04     3.652281e-20
 1.950000e+04     3.565828e-20
 2.050000e+04     3.474545e-20
 2.150000e+04     3.384922e-20
 2.250000e+04     3.302406e-20
 2.350000e+04     3.231385e-20
 2.450000e+04     3.175639e-20
 2.550000e+04     3.138607e-20
 2.650000e+04     3.122637e-20
 2.750000e+04     3.128951e-20
 2.850000e+04     3.158037e-20
 2.950000e+04     3.209884e-20
 3.050000e+04     3.284323e-20
 3.150000e+04     3.366321e-20
 3.250000e+04     3.438408e-20
 3.350000e+04     3.517531e-20
 3.450000e+04     3.600650e-20
 3.550000e+04     3.687605e-20
 3.650000e+04     3.777398e-20
 3.750000e+04     3.866305e-20
 3.850000e+04     3.955123e-20
 3.950000e+04     4.045189e-20
 4.050000e+04     4.136208e-20
 4.150000e+04     4.227557e-20
 4.250000e+04     4.319019e-20
 4.350000e+04     4.410074e-20
 4.450000e+04     4.500395e-20
 4.550000e+04     4.589836e-20
 4.650000e+04     4.678388e-20
 4.750000e+04     4.766039e-20
 4.850000e+04     4.852817e-20
 4.950000e+04     4.938972e-20
 5.050000e+04     5.024949e-20
 5.150000e+04     5.111089e-20
 5.250000e+04     5.197430e-20
 5.350000e+04     5.282461e-20
 5.450000e+04     5.342812e-20
 5.550000e+04     5.419851e-20
 5.650000e+04     5.508423e-20
 5.750000e+04     5.621768e-20
 5.850000e+04     5.705546e-20
 5.950000e+04     5.776572e-20
 6.050000e+04     5.916734e-20
 6.150000e+04     6.353932e-20
 6.250000e+04     7.196578e-20
 6.350000e+04     7.658985e-20
 6.450000e+04     7.732835e-20
 6.550000e+04     7.773453e-20
 6.650010e+04     7.818130e-20
 6.750010e+04     7.854077e-20
 6.850010e+04     7.910132e-20
 6.950010e+04     8.014887e-20
 7.020000e+04     8.155446e-20
 7.100000e+04     8.241274e-20
 7.180000e+04     8.371203e-20
 7.260000e+04     8.563480e-20
 7.340000e+04     8.807264e-20
 7.420000e+04     9.169316e-20
 7.500000e+04     9.684670e-20
 7.580000e+04     1.038077e-19
 7.660000e+04     1.114184e-19
 7.740000e+04     1.181904e-19
 7.820000e+04     1.240467e-19
 7.900000e+04     1.289498e-19
 7.980000e+04     1.326158e-19
 8.060000e+04     1.348902e-19
 8.140000e+04     1.359846e-19
 8.220000e+04     1.359195e-19
 8.300000e+04     1.355762e-19
 8.380000e+04     1.354476e-19
 8.460000e+04     1.354869e-19
 8.540000e+04     1.356840e-19
 8.620000e+04     1.363338e-19
 8.700000e+04     1.372233e-19
 8.780000e+04     1.371777e-19
 8.860000e+04     1.359245e-19
 8.940000e+04     1.338365e-19
 9.020000e+04     1.313131e-19
 9.100000e+04     1.285630e-19
 9.180000e+04     1.256494e-19
 9.260000e+04     1.226958e-19
 9.340000e+04     1.197303e-19
 9.420000e+04     1.168280e-19
 9.500000e+04     1.140426e-19
 9.580000e+04     1.114036e-19
 9.660000e+04     1.092809e-19
 9.740000e+04     1.073401e-19
 9.820000e+04     1.050970e-19
 9.900000e+04     1.028007e-19
 9.980000e+04     1.008325e-19
 1.006000e+05     9.888751e-20
 1.020000e+05     9.579486e-20
 1.040000e+05     9.209761e-20
 1.060000e+05     8.991078e-20
 1.080000e+05     8.847345e-20
 1.100000e+05     8.795378e-20
 1.120000e+05     9.469138e-20
 1.140000e+05     1.093127e-19
 1.160000e+05     1.122708e-19
 1.180000e+05     1.111692e-19
 1.200000e+05     1.119874e-19
 1.220000e+05     1.107058e-19
 1.240000e+05     1.118264e-19
 1.260000e+05     1.149757e-19
 1.280000e+05     1.205608e-19
 1.300000e+05     1.244448e-19
 1.320000e+05     1.210524e-19
 1.340000e+05     1.187109e-19
 1.360000e+05     1.173748e-19
 1.380000e+05     1.152385e-19
 1.400000e+05     1.130412e-19
 1.420000e+05     1.117067e-19
 1.440000e+05     1.098022e-19
 1.460000e+05     1.075139e-19
 1.480000e+05     1.056510e-19
 1.500000e+05     1.036508e-19
 1.520000e+05     1.019433e-19
 1.540000e+05     1.007173e-19
 1.560000e+05     1.014834e-19
 1.580000e+05     1.017601e-19
 1.600000e+05     1.008210e-19
 1.620000e+05     1.010185e-19
 1.640000e+05     1.021860e-19
 1.660000e+05     1.053391e-19
 1.680000e+05     1.068907e-19
 1.700000e+05     1.096328e-19
 1.720000e+05     1.131048e-19
 1.740000e+05     1.149728e-19
 1.760000e+05     1.161543e-19
 1.780000e+05     1.158008e-19
 1.800000e+05     1.159088e-19
 1.820000e+05     1.155345e-19
 1.840000e+05     1.150483e-19
 1.860000e+05     1.147540e-19
 1.880000e+05     1.178006e-19
 1.900000e+05     1.188740e-19
 1.920000e+05     1.181644e-19
 1.940000e+05     1.177241e-19
 1.960000e+05     1.169217e-19
 1.980000e+05     1.168577e-19
 2.000000e+05     1.168588e-19
 2.020000e+05     1.168605e-19
 2.040000e+05     1.169824e-19
 2.060000e+05     1.173245e-19
 2.080000e+05     1.179274e-19
 2.100000e+05     1.184874e-19
 2.120000e+05     1.191280e-19
 2.140000e+05     1.198995e-19
 2.160000e+05     1.207970e-19
 2.180000e+05     1.218160e-19
 2.200000e+05     1.228410e-19
 2.220000e+05     1.238886e-19
 2.240000e+05     1.250769e-19
 2.260000e+05     1.263635e-19
 2.280000e+05     1.277083e-19
 2.300000e+05     1.290317e-19
 2.320000e+05     1.304109e-19
 2.340000e+05     1.318769e-19
 2.360000e+05     1.333648e-19
 2.380000e+05     1.348388e-19
 2.400000e+05     1.363294e-19
 2.420000e+05     1.379025e-19
 2.440000e+05     1.395325e-19
 2.460000e+05     1.411613e-19
 2.480000e+05     1.427788e-19
 2.500000e+05     1.444187e-19
 2.520000e+05     1.460977e-19
 2.540000e+05     1.477955e-19
 2.560000e+05     1.495615e-19
 2.580000e+05     1.516997e-19
 2.600000e+05     1.543661e-19
 2.620000e+05     1.567623e-19
 2.640000e+05     1.586610e-19
 2.660000e+05     1.605576e-19
 2.680000e+05     1.626125e-19
 2.700000e+05     1.646543e-19
 2.720000e+05     1.668083e-19
 2.740000e+05     1.690827e-19
 2.760000e+05     1.714009e-19
 2.780000e+05     1.737599e-19
 2.800000e+05     1.762039e-19
 2.820000e+05     1.789799e-19
 2.840000e+05     1.818550e-19
 2.860000e+05     1.844724e-19
 2.880000e+05     1.869816e-19
 2.900000e+05     1.896315e-19
 2.920000e+05     1.923218e-19
 2.940000e+05     1.950046e-19
 2.960000e+05     1.978298e-19
 2.980000e+05     2.007460e-19
 3.000000e+05     2.037157e-19
 3.020000e+05     2.067491e-19
 3.040000e+05     2.098459e-19
 3.060000e+05     2.129611e-19
 3.080000e+05     2.161258e-19
 3.100000e+05     2.194217e-19
 3.120000e+05     2.228037e-19
 3.140000e+05     2.262567e-19
 3.160000e+05     2.297895e-19
 3.180000e+05     2.334040e-19
 3.200000e+05     2.371191e-19
 3.220000e+05     2.409896e-19
 3.240000e+05     2.450275e-19
 3.260000e+05     2.492339e-19
 3.280000e+05     2.536134e-19
 3.300000e+05     2.581637e-19
 3.320000e+05     2.630279e-19
 3.340000e+05     2.699880e-19
 3.360000e+05     2.798924e-19
 3.380000e+05     2.870424e-19
 3.400000e+05     2.917957e-19
 3.420000e+05     2.955716e-19
 3.440000e+05     2.994029e-19
 3.460000e+05     3.046135e-19
 3.480000e+05     3.142331e-19
 3.500000e+05     3.262656e-19
 3.520000e+05     3.329899e-19
 3.540000e+05     3.376989e-19
 3.560000e+05     3.404814e-19
 3.580000e+05     3.445537e-19
 3.600000e+05     3.494389e-19
 3.620000e+05     3.530866e-19
 3.640000e+05     3.567639e-19
 3.660000e+05     3.612772e-19
 3.680000e+05     3.659536e-19
 3.700000e+05     3.704943e-19
 3.720000e+05     3.750423e-19
 3.740000e+05     3.796930e-19
 3.760000e+05     3.843633e-19
 3.780000e+05     3.889916e-19
 3.800000e+05     3.936933e-19
 3.820000e+05     3.985588e-19
 3.840000e+05     4.035690e-19
 3.860000e+05     4.086312e-19
 3.880000e+05     4.137130e-19
 3.900000e+05     4.188834e-19
 3.920000e+05     4.240778e-19
 4.320000e+05     5.347904e-19
 4.760000e+05     6.666800e-19
 5.250000e+05     8.193147e-19
 5.790000e+05     9.905117e-19
 6.390000e+05     1.182512e-18
 7.040000e+05     1.392680e-18
 7.760000e+05     1.722610e-18
 8.560000e+05     2.215422e-18
 9.430000e+05     2.871800e-18
 1.040000e+06     3.672261e-18
 1.147000e+06     4.541141e-18
 1.264000e+06     5.372580e-18
 1.394000e+06     6.068918e-18
 1.537000e+06     6.533457e-18
 1.694000e+06     6.715282e-18
 1.868000e+06     6.607155e-18
 2.059000e+06     6.242533e-18
 2.270000e+06     5.680750e-18
 2.503000e+06     4.995090e-18
 2.760000e+06     4.257466e-18
 3.043000e+06     3.529193e-18
 3.354000e+06     2.853990e-18
 3.698000e+06     2.254601e-18
 4.077000e+06     1.745572e-18
 4.495000e+06     1.327144e-18
 4.956000e+06     9.928426e-19
 5.464000e+06     7.322979e-19
 6.024000e+06     5.332935e-19
 6.641000e+06     3.840592e-19
 7.322000e+06     2.737398e-19
 8.073000e+06     1.933588e-19
 8.900000e+06     1.355562e-19
 9.813000e+06     9.488279e-20
 1.082000e+07     6.645312e-20
 1.193000e+07     4.663117e-20
 1.315000e+07     3.282490e-20
 1.450000e+07     2.313806e-20
 1.598000e+07     1.637603e-20
 1.762000e+07     1.160457e-20
 1.943000e+07     8.255309e-21
 2.142000e+07     5.914831e-21
 2.362000e+07     4.273008e-21
 2.604000e+07     3.129049e-21
 2.871000e+07     2.329333e-21
 3.165000e+07     1.780825e-21
 3.489000e+07     1.401504e-21
 3.847000e+07     1.146448e-21
 4.241000e+07     9.796896e-22
 4.676000e+07     8.744108e-22
 5.155000e+07     8.131083e-22
 5.683000e+07     7.843076e-22
 6.266000e+07     7.832472e-22
 6.908000e+07     8.008732e-22
 7.616000e+07     8.329250e-22
 8.397000e+07     8.742892e-22
 9.258000e+07     9.295347e-22
 1.020700e+08     9.917869e-22
 1.125300e+08     1.063190e-21
 1.240600e+08     1.144477e-21
 1.367800e+08     1.231684e-21
 1.508000e+08     1.327988e-21
 1.662500e+08     1.436213e-21
 1.833000e+08     1.550951e-21
 2.020800e+08     1.676112e-21
 2.228000e+08     1.809453e-21
 2.456300e+08     1.955550e-21
 2.708100e+08     2.114976e-21
 2.985700e+08     2.285701e-21
 3.291700e+08     2.471189e-21
 3.629100e+08     2.670042e-21
 4.001100e+08     2.884980e-21
 4.411200e+08     3.118264e-21
 4.863400e+08     3.371024e-21
 5.361900e+08     3.643969e-21
 5.911500e+08     3.941692e-21
 6.517400e+08     4.262897e-21
 7.185400e+08     4.609557e-21
 7.921900e+08     4.983861e-21
 8.733900e+08     5.387316e-21
 9.629200e+08     5.823757e-21
 1.000000e+09     6.002221e-21
