## EBL from Khaire & Srianand 2018; Q19 Model with alpha=-1.9 
## Column1:wavelength (Angstrom);  Column2:EBL specific intensity J_nu (erg/s/cm^2/Hz/Sr)
## ===========================================================================================
 1.000000e-08     1.040536e-36
 1.122019e-08     1.514517e-36
 1.258925e-08     2.178149e-36
 1.412538e-08     3.079592e-36
 1.584893e-08     4.274627e-36
 1.778279e-08     5.827673e-36
 1.995263e-08     7.812789e-36
 2.238721e-08     1.031484e-35
 2.511887e-08     1.343100e-35
 2.818382e-08     1.727239e-35
 3.162278e-08     2.196631e-35
 3.548135e-08     2.765859e-35
 3.981071e-08     3.451668e-35
 4.466837e-08     4.273332e-35
 5.011870e-08     5.253032e-35
 5.623413e-08     6.416399e-35
 6.309576e-08     7.793006e-35
 7.079456e-08     9.417043e-35
 7.943284e-08     1.132812e-34
 8.912505e-08     1.357203e-34
 1.000000e-07     1.620188e-34
 1.122019e-07     1.927916e-34
 1.258925e-07     2.287507e-34
 1.412538e-07     2.707227e-34
 1.584892e-07     3.196633e-34
 1.778279e-07     3.766834e-34
 1.995263e-07     4.430680e-34
 2.238721e-07     5.203065e-34
 2.511887e-07     6.101272e-34
 2.818382e-07     7.145309e-34
 3.162278e-07     8.358392e-34
 3.548136e-07     9.767404e-34
 3.981071e-07     1.140349e-33
 4.466837e-07     1.330281e-33
 5.011870e-07     1.550717e-33
 5.623413e-07     1.806512e-33
 6.309576e-07     2.103287e-33
 7.079456e-07     2.447553e-33
 7.943284e-07     2.846866e-33
 8.912505e-07     3.309966e-33
 1.000000e-06     3.847002e-33
 1.122019e-06     4.469719e-33
 1.258925e-06     5.191722e-33
 1.412538e-06     6.028805e-33
 1.584893e-06     6.999234e-33
 1.778279e-06     8.124206e-33
 1.995263e-06     9.428275e-33
 2.238721e-06     1.093987e-32
 2.511887e-06     1.269199e-32
 2.818382e-06     1.472279e-32
 3.162278e-06     1.707659e-32
 3.548136e-06     1.980467e-32
 3.981071e-06     2.296644e-32
 4.466837e-06     2.663083e-32
 5.011870e-06     3.087759e-32
 5.623413e-06     3.579932e-32
 6.309576e-06     4.150313e-32
 7.079456e-06     4.811317e-32
 7.943284e-06     5.577349e-32
 8.912505e-06     6.465069e-32
 1.000000e-05     7.493821e-32
 1.122019e-05     8.685991e-32
 1.258925e-05     1.006751e-31
 1.412538e-05     1.166848e-31
 1.584893e-05     1.352371e-31
 1.778279e-05     1.567360e-31
 1.995263e-05     1.816496e-31
 2.238721e-05     2.105193e-31
 2.511887e-05     2.439742e-31
 2.818382e-05     2.827415e-31
 3.162278e-05     3.276656e-31
 3.548135e-05     3.797234e-31
 3.981071e-05     4.400475e-31
 4.466837e-05     5.099514e-31
 5.011870e-05     5.909547e-31
 5.623413e-05     6.848214e-31
 6.309577e-05     7.935934e-31
 7.079457e-05     9.196357e-31
 7.943284e-05     1.065693e-30
 8.912505e-05     1.234941e-30
 1.000000e-04     1.431063e-30
 1.122018e-04     1.658326e-30
 1.258926e-04     1.921544e-30
 1.412538e-04     2.222509e-30
 1.584893e-04     2.568415e-30
 1.778279e-04     2.967832e-30
 1.995262e-04     3.430584e-30
 2.238722e-04     3.967981e-30
 2.511887e-04     4.593137e-30
 2.818383e-04     5.321374e-30
 3.162278e-04     6.170670e-30
 3.548134e-04     7.162187e-30
 3.981073e-04     8.320900e-30
 4.466837e-04     9.676312e-30
 5.011873e-04     1.126333e-29
 5.623413e-04     1.312328e-29
 6.309572e-04     1.530512e-29
 7.079460e-04     1.786694e-29
 7.943284e-04     2.087757e-29
 8.912510e-04     2.441882e-29
 1.000000e-03     2.858782e-29
 1.122018e-03     3.350004e-29
 1.258926e-03     3.929287e-29
 1.412538e-03     4.612964e-29
 1.584893e-03     5.420493e-29
 1.778279e-03     6.375054e-29
 1.995262e-03     7.504264e-29
 2.238722e-03     8.841055e-29
 2.511887e-03     1.042469e-28
 2.818383e-03     1.230204e-28
 3.162278e-03     1.452905e-28
 3.548133e-03     1.717252e-28
 3.981073e-03     2.031227e-28
 4.466837e-03     2.404365e-28
 5.011873e-03     2.848073e-28
 5.623413e-03     3.376002e-28
 6.309573e-03     4.004533e-28
 7.079460e-03     4.753385e-28
 7.943284e-03     5.646433e-28
 8.912510e-03     6.712805e-28
 1.000000e-02     7.988323e-28
 1.122019e-02     9.517355e-28
 1.258925e-02     1.135503e-27
 1.412538e-02     1.356993e-27
 1.584894e-02     1.624685e-27
 1.778279e-02     1.948998e-27
 1.995263e-02     2.342608e-27
 2.238721e-02     2.820760e-27
 2.511887e-02     3.401647e-27
 2.818385e-02     4.106778e-27
 3.162277e-02     4.961427e-27
 3.548136e-02     5.995240e-27
 3.981071e-02     7.242830e-27
 4.466837e-02     8.744754e-27
 5.011876e-02     1.054849e-26
 5.623413e-02     1.270982e-26
 6.309576e-02     1.529449e-26
 7.079456e-02     1.838013e-26
 7.943284e-02     2.205877e-26
 8.912515e-02     2.643961e-26
 1.000000e-01     3.165246e-26
 1.122019e-01     3.785418e-26
 1.258925e-01     4.511562e-26
 1.412538e-01     5.331906e-26
 1.584894e-01     6.234189e-26
 1.778279e-01     7.206772e-26
 1.995263e-01     8.239091e-26
 2.238721e-01     9.321722e-26
 2.511887e-01     1.044643e-25
 2.818385e-01     1.160605e-25
 3.162278e-01     1.279447e-25
 3.548135e-01     1.400653e-25
 3.981071e-01     1.523802e-25
 4.466837e-01     1.648559e-25
 5.011876e-01     1.774669e-25
 5.623413e-01     1.901945e-25
 6.309576e-01     2.030268e-25
 7.079456e-01     2.159566e-25
 7.943284e-01     2.289820e-25
 8.912515e-01     2.421040e-25
 1.000000e+00     2.553263e-25
 1.122019e+00     2.686550e-25
 1.258925e+00     2.820968e-25
 1.412538e+00     2.956595e-25
 1.584894e+00     3.093504e-25
 1.778279e+00     3.231771e-25
 1.995263e+00     3.371467e-25
 2.238721e+00     3.512654e-25
 2.511887e+00     3.655399e-25
 2.818385e+00     3.799764e-25
 3.162278e+00     3.945823e-25
 3.548136e+00     4.093681e-25
 3.981071e+00     4.243471e-25
 4.466837e+00     4.395396e-25
 5.011876e+00     4.549741e-25
 5.623413e+00     4.706912e-25
 6.309576e+00     4.866244e-25
 7.079456e+00     5.004141e-25
 7.943284e+00     5.131492e-25
 8.912516e+00     5.267891e-25
 1.000000e+01     5.443170e-25
 1.122019e+01     5.678946e-25
 1.258925e+01     5.995679e-25
 1.412538e+01     6.414512e-25
 1.584894e+01     6.958603e-25
 1.778279e+01     7.653938e-25
 1.995263e+01     8.529493e-25
 2.238721e+01     9.616511e-25
 2.511887e+01     1.094672e-24
 2.818385e+01     1.254990e-24
 3.162278e+01     1.444859e-24
 3.548135e+01     1.663778e-24
 3.981071e+01     1.898575e-24
 4.466837e+01     2.186386e-24
 5.011876e+01     2.491352e-24
 5.623413e+01     2.841004e-24
 6.309576e+01     3.204855e-24
 7.079456e+01     3.619591e-24
 7.943284e+01     4.099971e-24
 8.912515e+01     4.642678e-24
 1.000000e+02     5.291901e-24
 1.120000e+02     6.038485e-24
 1.250000e+02     6.854347e-24
 1.400000e+02     7.768194e-24
 1.550000e+02     8.647811e-24
 1.650000e+02     9.208691e-24
 1.750000e+02     9.752119e-24
 1.850000e+02     1.027220e-23
 1.900000e+02     1.052790e-23
 1.950000e+02     1.079026e-23
 2.000000e+02     1.108523e-23
 2.050000e+02     1.143523e-23
 2.100000e+02     1.194645e-23
 2.150000e+02     1.279452e-23
 2.180000e+02     1.359209e-23
 2.210000e+02     1.477048e-23
 2.240000e+02     1.648335e-23
 2.260000e+02     1.806546e-23
 2.270000e+02     1.904629e-23
 2.275000e+02     1.956375e-23
 2.278400e+02     1.994778e-23
 2.380000e+02     2.638300e-23
 2.500000e+02     3.308106e-23
 2.700000e+02     4.327199e-23
 2.900000e+02     5.272022e-23
 3.035000e+02     5.909905e-23
 3.037800e+02     9.449209e-23
 3.045000e+02     9.445155e-23
 3.060000e+02     9.455444e-23
 3.080000e+02     9.467189e-23
 3.100000e+02     9.480700e-23
 3.120000e+02     9.495974e-23
 3.150000e+02     9.517201e-23
 3.200000e+02     9.568762e-23
 3.250000e+02     9.587258e-23
 3.300000e+02     9.599791e-23
 3.400000e+02     9.654508e-23
 3.600000e+02     9.854193e-23
 3.800000e+02     1.022226e-22
 4.050000e+02     1.087342e-22
 4.250000e+02     1.154361e-22
 4.500000e+02     1.250207e-22
 4.650000e+02     1.310141e-22
 4.750000e+02     1.359031e-22
 4.820000e+02     1.389355e-22
 4.870000e+02     1.409346e-22
 4.910000e+02     1.425631e-22
 4.950000e+02     1.450679e-22
 4.980000e+02     1.465114e-22
 5.000000e+02     1.474084e-22
 5.020000e+02     1.483061e-22
 5.039800e+02     1.491942e-22
 5.100000e+02     1.525926e-22
 5.250000e+02     1.612815e-22
 5.600000e+02     1.806297e-22
 6.000000e+02     2.034866e-22
 6.500000e+02     2.331419e-22
 7.000000e+02     2.638914e-22
 7.500000e+02     2.987887e-22
 8.000000e+02     3.370956e-22
 8.300000e+02     3.634866e-22
 8.600000e+02     3.928684e-22
 8.800000e+02     4.137130e-22
 8.900000e+02     4.240361e-22
 8.960000e+02     4.321433e-22
 9.000000e+02     4.367913e-22
 9.030000e+02     4.403057e-22
 9.060000e+02     4.438458e-22
 9.090000e+02     4.474118e-22
 9.117800e+02     4.518842e-22
 9.300000e+02     6.790381e-22
 9.500000e+02     8.227083e-22
 9.750000e+02     1.228812e-21
 9.900000e+02     1.400875e-21
 1.005000e+03     1.661774e-21
 1.025000e+03     2.034725e-21
 1.045000e+03     2.428800e-21
 1.065000e+03     2.922572e-21
 1.085000e+03     3.484922e-21
 1.105000e+03     4.021638e-21
 1.125000e+03     4.660956e-21
 1.145000e+03     5.245881e-21
 1.165000e+03     5.929729e-21
 1.185000e+03     6.556983e-21
 1.205000e+03     7.233540e-21
 1.215600e+03     7.529608e-21
 1.215670e+03     7.779950e-21
 1.216000e+03     7.789295e-21
 1.218000e+03     7.843664e-21
 1.221000e+03     7.925901e-21
 1.225000e+03     8.034191e-21
 1.230000e+03     8.167859e-21
 1.240000e+03     8.463544e-21
 1.250000e+03     8.806523e-21
 1.265000e+03     9.408731e-21
 1.285000e+03     1.020032e-20
 1.305000e+03     1.105767e-20
 1.325000e+03     1.190888e-20
 1.345000e+03     1.277680e-20
 1.365000e+03     1.365699e-20
 1.385000e+03     1.451355e-20
 1.405000e+03     1.537533e-20
 1.425000e+03     1.620017e-20
 1.442000e+03     1.690105e-20
 1.455000e+03     1.748401e-20
 1.475000e+03     1.832839e-20
 1.517000e+03     2.000346e-20
 1.595000e+03     2.284217e-20
 1.672000e+03     2.549867e-20
 1.745000e+03     2.786335e-20
 1.825000e+03     3.026194e-20
 1.905000e+03     3.230096e-20
 1.984000e+03     3.402788e-20
 2.065000e+03     3.553835e-20
 2.135000e+03     3.655958e-20
 2.215000e+03     3.752455e-20
 2.295000e+03     3.841083e-20
 2.375000e+03     3.929836e-20
 2.455000e+03     4.024480e-20
 2.525000e+03     4.104592e-20
 2.605000e+03     4.205357e-20
 2.685000e+03     4.319639e-20
 2.765000e+03     4.427719e-20
 2.845000e+03     4.515184e-20
 2.950000e+03     4.652356e-20
 3.110000e+03     4.862394e-20
 3.270000e+03     5.051938e-20
 3.430000e+03     5.233904e-20
 3.590000e+03     5.406609e-20
 3.730000e+03     5.576202e-20
 3.890000e+03     6.010913e-20
 4.050000e+03     6.430433e-20
 4.210000e+03     7.105707e-20
 4.370000e+03     7.720667e-20
 4.530000e+03     8.320658e-20
 4.690000e+03     8.913093e-20
 4.850000e+03     9.430661e-20
 5.010000e+03     9.881813e-20
 5.170000e+03     1.032362e-19
 5.330000e+03     1.074263e-19
 5.490000e+03     1.114438e-19
 5.650000e+03     1.153714e-19
 5.810000e+03     1.191926e-19
 5.970000e+03     1.225323e-19
 6.130000e+03     1.258377e-19
 6.290000e+03     1.287220e-19
 6.450000e+03     1.315023e-19
 6.610000e+03     1.340001e-19
 6.770000e+03     1.365345e-19
 6.930000e+03     1.388691e-19
 7.090000e+03     1.410109e-19
 7.250000e+03     1.430191e-19
 7.410000e+03     1.449434e-19
 7.570000e+03     1.468103e-19
 7.730000e+03     1.487674e-19
 7.890000e+03     1.505558e-19
 8.050000e+03     1.522507e-19
 8.210000e+03     1.538932e-19
 8.370000e+03     1.554695e-19
 8.530000e+03     1.569627e-19
 8.690000e+03     1.584043e-19
 8.850000e+03     1.600122e-19
 9.010000e+03     1.615543e-19
 9.170000e+03     1.630626e-19
 9.330000e+03     1.647395e-19
 9.490000e+03     1.663179e-19
 9.650000e+03     1.678682e-19
 9.810000e+03     1.693054e-19
 9.970000e+03     1.708688e-19
 1.050000e+04     1.750507e-19
 1.150000e+04     1.801851e-19
 1.250000e+04     1.840858e-19
 1.350000e+04     1.868692e-19
 1.450000e+04     1.893200e-19
 1.550000e+04     1.922477e-19
 1.650000e+04     1.946040e-19
 1.750000e+04     1.950088e-19
 1.850000e+04     1.934051e-19
 1.950000e+04     1.901449e-19
 2.050000e+04     1.861137e-19
 2.150000e+04     1.816223e-19
 2.250000e+04     1.765966e-19
 2.350000e+04     1.704692e-19
 2.450000e+04     1.631949e-19
 2.550000e+04     1.567951e-19
 2.650000e+04     1.505399e-19
 2.750000e+04     1.450651e-19
 2.850000e+04     1.400418e-19
 2.950000e+04     1.352973e-19
 3.050000e+04     1.307581e-19
 3.150000e+04     1.263836e-19
 3.250000e+04     1.221323e-19
 3.350000e+04     1.179932e-19
 3.450000e+04     1.139840e-19
 3.550000e+04     1.101429e-19
 3.650000e+04     1.064476e-19
 3.750000e+04     1.028913e-19
 3.850000e+04     9.958559e-20
 3.950000e+04     9.676765e-20
 4.050000e+04     9.374471e-20
 4.150000e+04     9.060943e-20
 4.250000e+04     8.754081e-20
 4.350000e+04     8.447995e-20
 4.450000e+04     8.149183e-20
 4.550000e+04     7.867634e-20
 4.650000e+04     7.608778e-20
 4.750000e+04     7.376650e-20
 4.850000e+04     7.176372e-20
 4.950000e+04     7.013364e-20
 5.050000e+04     6.891929e-20
 5.150000e+04     6.814455e-20
 5.250000e+04     6.782890e-20
 5.350000e+04     6.800131e-20
 5.450000e+04     6.837956e-20
 5.550000e+04     6.916835e-20
 5.650000e+04     7.078929e-20
 5.750000e+04     7.322604e-20
 5.850000e+04     7.501694e-20
 5.950000e+04     7.649172e-20
 6.050000e+04     7.969461e-20
 6.150000e+04     8.683668e-20
 6.250000e+04     1.045664e-19
 6.350000e+04     1.176022e-19
 6.450000e+04     1.231811e-19
 6.550000e+04     1.263265e-19
 6.650010e+04     1.298417e-19
 6.750010e+04     1.334216e-19
 6.850010e+04     1.365775e-19
 6.950010e+04     1.408269e-19
 7.020000e+04     1.454108e-19
 7.100000e+04     1.502677e-19
 7.180000e+04     1.551744e-19
 7.260000e+04     1.601494e-19
 7.340000e+04     1.669886e-19
 7.420000e+04     1.769911e-19
 7.500000e+04     1.907324e-19
 7.580000e+04     2.083748e-19
 7.660000e+04     2.281429e-19
 7.740000e+04     2.466893e-19
 7.820000e+04     2.642572e-19
 7.900000e+04     2.796626e-19
 7.980000e+04     2.914274e-19
 8.060000e+04     3.000866e-19
 8.140000e+04     3.055532e-19
 8.220000e+04     3.094510e-19
 8.300000e+04     3.126410e-19
 8.380000e+04     3.153571e-19
 8.460000e+04     3.179265e-19
 8.540000e+04     3.210978e-19
 8.620000e+04     3.246637e-19
 8.700000e+04     3.271886e-19
 8.780000e+04     3.271177e-19
 8.860000e+04     3.246230e-19
 8.940000e+04     3.211533e-19
 9.020000e+04     3.165278e-19
 9.100000e+04     3.117521e-19
 9.180000e+04     3.067241e-19
 9.260000e+04     3.014347e-19
 9.340000e+04     2.964477e-19
 9.420000e+04     2.913738e-19
 9.500000e+04     2.863704e-19
 9.580000e+04     2.816259e-19
 9.660000e+04     2.777591e-19
 9.740000e+04     2.740540e-19
 9.820000e+04     2.698579e-19
 9.900000e+04     2.656169e-19
 9.980000e+04     2.615444e-19
 1.006000e+05     2.575159e-19
 1.020000e+05     2.512416e-19
 1.040000e+05     2.432720e-19
 1.060000e+05     2.386320e-19
 1.080000e+05     2.363799e-19
 1.100000e+05     2.349690e-19
 1.120000e+05     2.459215e-19
 1.140000e+05     2.703306e-19
 1.160000e+05     2.784073e-19
 1.180000e+05     2.829685e-19
 1.200000e+05     2.886977e-19
 1.220000e+05     2.981245e-19
 1.240000e+05     3.102003e-19
 1.260000e+05     3.275358e-19
 1.280000e+05     3.553036e-19
 1.300000e+05     3.801908e-19
 1.320000e+05     3.905297e-19
 1.340000e+05     3.965409e-19
 1.360000e+05     4.082397e-19
 1.380000e+05     4.165007e-19
 1.400000e+05     4.259063e-19
 1.420000e+05     4.358405e-19
 1.440000e+05     4.450857e-19
 1.460000e+05     4.542881e-19
 1.480000e+05     4.629008e-19
 1.500000e+05     4.715839e-19
 1.520000e+05     4.800325e-19
 1.540000e+05     4.880990e-19
 1.560000e+05     4.991499e-19
 1.580000e+05     5.081274e-19
 1.600000e+05     5.168286e-19
 1.620000e+05     5.241269e-19
 1.640000e+05     5.354814e-19
 1.660000e+05     5.491748e-19
 1.680000e+05     5.616413e-19
 1.700000e+05     5.753922e-19
 1.720000e+05     5.919169e-19
 1.740000e+05     6.053492e-19
 1.760000e+05     6.158088e-19
 1.780000e+05     6.259708e-19
 1.800000e+05     6.357393e-19
 1.820000e+05     6.438958e-19
 1.840000e+05     6.534302e-19
 1.860000e+05     6.640650e-19
 1.880000e+05     6.805125e-19
 1.900000e+05     6.937856e-19
 1.920000e+05     7.066690e-19
 1.940000e+05     7.195387e-19
 1.960000e+05     7.351128e-19
 1.980000e+05     7.513586e-19
 2.000000e+05     7.686587e-19
 2.020000e+05     7.874194e-19
 2.040000e+05     8.075232e-19
 2.060000e+05     8.271989e-19
 2.080000e+05     8.474538e-19
 2.100000e+05     8.701197e-19
 2.120000e+05     8.928896e-19
 2.140000e+05     9.164900e-19
 2.160000e+05     9.433150e-19
 2.180000e+05     9.707319e-19
 2.200000e+05     9.978159e-19
 2.220000e+05     1.026372e-18
 2.240000e+05     1.057001e-18
 2.260000e+05     1.087467e-18
 2.280000e+05     1.118031e-18
 2.300000e+05     1.150178e-18
 2.320000e+05     1.184208e-18
 2.340000e+05     1.219671e-18
 2.360000e+05     1.255035e-18
 2.380000e+05     1.291174e-18
 2.400000e+05     1.330006e-18
 2.420000e+05     1.370304e-18
 2.440000e+05     1.410135e-18
 2.460000e+05     1.450767e-18
 2.480000e+05     1.494052e-18
 2.500000e+05     1.538836e-18
 2.520000e+05     1.582873e-18
 2.540000e+05     1.626697e-18
 2.560000e+05     1.673169e-18
 2.580000e+05     1.723051e-18
 2.600000e+05     1.774799e-18
 2.620000e+05     1.825448e-18
 2.640000e+05     1.876366e-18
 2.660000e+05     1.930035e-18
 2.680000e+05     1.986272e-18
 2.700000e+05     2.043982e-18
 2.720000e+05     2.102118e-18
 2.740000e+05     2.160588e-18
 2.760000e+05     2.221356e-18
 2.780000e+05     2.285451e-18
 2.800000e+05     2.352630e-18
 2.820000e+05     2.421931e-18
 2.840000e+05     2.491029e-18
 2.860000e+05     2.559393e-18
 2.880000e+05     2.629068e-18
 2.900000e+05     2.702239e-18
 2.920000e+05     2.776870e-18
 2.940000e+05     2.853851e-18
 2.960000e+05     2.932178e-18
 2.980000e+05     3.010683e-18
 3.000000e+05     3.089207e-18
 3.020000e+05     3.171160e-18
 3.040000e+05     3.254872e-18
 3.060000e+05     3.339685e-18
 3.080000e+05     3.426255e-18
 3.100000e+05     3.512807e-18
 3.120000e+05     3.599428e-18
 3.140000e+05     3.688585e-18
 3.160000e+05     3.780809e-18
 3.180000e+05     3.873986e-18
 3.200000e+05     3.969753e-18
 3.220000e+05     4.068476e-18
 3.240000e+05     4.167900e-18
 3.260000e+05     4.269102e-18
 3.280000e+05     4.370353e-18
 3.300000e+05     4.472959e-18
 3.320000e+05     4.577169e-18
 3.340000e+05     4.694032e-18
 3.360000e+05     4.816062e-18
 3.380000e+05     4.933086e-18
 3.400000e+05     5.041274e-18
 3.420000e+05     5.148543e-18
 3.440000e+05     5.260118e-18
 3.460000e+05     5.371674e-18
 3.480000e+05     5.495287e-18
 3.500000e+05     5.626451e-18
 3.520000e+05     5.745721e-18
 3.540000e+05     5.859015e-18
 3.560000e+05     5.971487e-18
 3.580000e+05     6.079615e-18
 3.600000e+05     6.189478e-18
 3.620000e+05     6.303868e-18
 3.640000e+05     6.417302e-18
 3.660000e+05     6.528927e-18
 3.680000e+05     6.642468e-18
 3.700000e+05     6.757644e-18
 3.720000e+05     6.871281e-18
 3.740000e+05     6.988268e-18
 3.760000e+05     7.108715e-18
 3.780000e+05     7.228205e-18
 3.800000e+05     7.349558e-18
 3.820000e+05     7.471855e-18
 3.840000e+05     7.592993e-18
 3.860000e+05     7.716519e-18
 3.880000e+05     7.842395e-18
 3.900000e+05     7.968175e-18
 3.920000e+05     8.095318e-18
 4.320000e+05     1.073180e-17
 4.760000e+05     1.384381e-17
 5.250000e+05     1.740346e-17
 5.790000e+05     2.121307e-17
 6.390000e+05     2.506638e-17
 7.040000e+05     2.849080e-17
 7.760000e+05     3.119691e-17
 8.560000e+05     3.294462e-17
 9.430000e+05     3.360854e-17
 1.040000e+06     3.322803e-17
 1.147000e+06     3.191694e-17
 1.264000e+06     2.988703e-17
 1.394000e+06     2.733021e-17
 1.537000e+06     2.449749e-17
 1.694000e+06     2.158824e-17
 1.868000e+06     1.873660e-17
 2.059000e+06     1.608245e-17
 2.270000e+06     1.367813e-17
 2.503000e+06     1.155793e-17
 2.760000e+06     9.725773e-18
 3.043000e+06     8.165415e-18
 3.354000e+06     6.847427e-18
 3.698000e+06     5.730200e-18
 4.077000e+06     4.786305e-18
 4.495000e+06     3.985792e-18
 4.956000e+06     3.305218e-18
 5.464000e+06     2.726689e-18
 6.024000e+06     2.235863e-18
 6.641000e+06     1.822083e-18
 7.322000e+06     1.475941e-18
 8.073000e+06     1.190128e-18
 8.900000e+06     9.577652e-19
 9.813000e+06     7.713607e-19
 1.082000e+07     6.245060e-19
 1.193000e+07     5.109614e-19
 1.315000e+07     4.250111e-19
 1.450000e+07     3.609178e-19
 1.598000e+07     3.146626e-19
 1.762000e+07     2.819889e-19
 1.943000e+07     2.600241e-19
 2.142000e+07     2.463471e-19
 2.362000e+07     2.389614e-19
 2.604000e+07     2.364176e-19
 2.871000e+07     2.376128e-19
 3.165000e+07     2.417227e-19
 3.489000e+07     2.481411e-19
 3.847000e+07     2.564517e-19
 4.241000e+07     2.663000e-19
 4.676000e+07     2.774978e-19
 5.155000e+07     2.898644e-19
 5.683000e+07     3.032951e-19
 6.266000e+07     3.177533e-19
 6.908000e+07     3.331725e-19
 7.616000e+07     3.495498e-19
 8.397000e+07     3.668974e-19
 9.258000e+07     3.852226e-19
 1.020700e+08     4.045290e-19
 1.125300e+08     4.248607e-19
 1.240600e+08     4.462636e-19
 1.367800e+08     4.688016e-19
 1.508000e+08     4.924927e-19
 1.662500e+08     5.173920e-19
 1.833000e+08     5.435824e-19
 2.020800e+08     5.710910e-19
 2.228000e+08     6.000296e-19
 2.456300e+08     6.304281e-19
 2.708100e+08     6.623898e-19
 2.985700e+08     6.959909e-19
 3.291700e+08     7.312954e-19
 3.629100e+08     7.684027e-19
 4.001100e+08     8.074022e-19
 4.411200e+08     8.483833e-19
 4.863400e+08     8.914660e-19
 5.361900e+08     9.367508e-19
 5.911500e+08     9.843457e-19
 6.517400e+08     1.034368e-18
 7.185400e+08     1.086914e-18
 7.921900e+08     1.142135e-18
 8.733900e+08     1.200156e-18
 9.629200e+08     1.261150e-18
 1.000000e+09     1.285592e-18
