## EBL from Khaire & Srianand 2018; Q19 Model with alpha=-1.9 
## Column1:wavelength (Angstrom);  Column2:EBL specific intensity J_nu (erg/s/cm^2/Hz/Sr)
## ===========================================================================================
 1.000000e-08     2.599909e-38
 1.122019e-08     3.779107e-38
 1.258925e-08     5.400525e-38
 1.412538e-08     7.561158e-38
 1.584893e-08     1.037804e-37
 1.778279e-08     1.398799e-37
 1.995263e-08     1.854845e-37
 2.238721e-08     2.423942e-37
 2.511887e-08     3.126667e-37
 2.818382e-08     3.986524e-37
 3.162278e-08     5.030457e-37
 3.548135e-08     6.289356e-37
 3.981071e-08     7.798745e-37
 4.466837e-08     9.599571e-37
 5.011870e-08     1.173901e-36
 5.623413e-08     1.427165e-36
 6.309576e-08     1.726052e-36
 7.079456e-08     2.077855e-36
 7.943284e-08     2.491028e-36
 8.912505e-08     2.975347e-36
 1.000000e-07     3.542157e-36
 1.122019e-07     4.204589e-36
 1.258925e-07     4.977856e-36
 1.412538e-07     5.879621e-36
 1.584892e-07     6.930308e-36
 1.778279e-07     8.153649e-36
 1.995263e-07     9.577106e-36
 2.238721e-07     1.123250e-35
 2.511887e-07     1.315678e-35
 2.818382e-07     1.539266e-35
 3.162278e-07     1.798979e-35
 3.548136e-07     2.100558e-35
 3.981071e-07     2.450659e-35
 4.466837e-07     2.857007e-35
 5.011870e-07     3.328537e-35
 5.623413e-07     3.875620e-35
 6.309576e-07     4.510266e-35
 7.079456e-07     5.246385e-35
 7.943284e-07     6.100122e-35
 8.912505e-07     7.090150e-35
 1.000000e-06     8.238152e-35
 1.122019e-06     9.569220e-35
 1.258925e-06     1.111242e-34
 1.412538e-06     1.290150e-34
 1.584893e-06     1.497548e-34
 1.778279e-06     1.737965e-34
 1.995263e-06     2.016647e-34
 2.238721e-06     2.339668e-34
 2.511887e-06     2.714073e-34
 2.818382e-06     3.148023e-34
 3.162278e-06     3.650981e-34
 3.548136e-06     4.233901e-34
 3.981071e-06     4.909477e-34
 4.466837e-06     5.692438e-34
 5.011870e-06     6.599821e-34
 5.623413e-06     7.651404e-34
 6.309576e-06     8.870079e-34
 7.079456e-06     1.028236e-33
 7.943284e-06     1.191904e-33
 8.912505e-06     1.381568e-33
 1.000000e-05     1.601364e-33
 1.122019e-05     1.856072e-33
 1.258925e-05     2.151234e-33
 1.412538e-05     2.493280e-33
 1.584893e-05     2.889648e-33
 1.778279e-05     3.348966e-33
 1.995263e-05     3.881234e-33
 2.238721e-05     4.498026e-33
 2.511887e-05     5.212772e-33
 2.818382e-05     6.041017e-33
 3.162278e-05     7.000794e-33
 3.548135e-05     8.112980e-33
 3.981071e-05     9.401767e-33
 4.466837e-05     1.089522e-32
 5.011870e-05     1.262579e-32
 5.623413e-05     1.463119e-32
 6.309577e-05     1.695502e-32
 7.079457e-05     1.964782e-32
 7.943284e-05     2.276822e-32
 8.912505e-05     2.638405e-32
 1.000000e-04     3.057405e-32
 1.122018e-04     3.542933e-32
 1.258926e-04     4.104684e-32
 1.412538e-04     4.742009e-32
 1.584893e-04     5.476016e-32
 1.778279e-04     6.326523e-32
 1.995262e-04     7.314707e-32
 2.238722e-04     8.464607e-32
 2.511887e-04     9.804193e-32
 2.818383e-04     1.136634e-31
 3.162278e-04     1.318981e-31
 3.548134e-04     1.532036e-31
 3.981073e-04     1.781212e-31
 4.466837e-04     2.072904e-31
 5.011873e-04     2.414693e-31
 5.623413e-04     2.815552e-31
 6.309572e-04     3.286125e-31
 7.079460e-04     3.839039e-31
 7.943284e-04     4.489274e-31
 8.912510e-04     5.254632e-31
 1.000000e-03     6.156272e-31
 1.122018e-03     7.219345e-31
 1.258926e-03     8.473802e-31
 1.412538e-03     9.955255e-31
 1.584893e-03     1.170615e-30
 1.778279e-03     1.377706e-30
 1.995262e-03     1.622829e-30
 2.238722e-03     1.913174e-30
 2.511887e-03     2.257318e-30
 2.818383e-03     2.665502e-30
 3.162278e-03     3.149957e-30
 3.548133e-03     3.725284e-30
 3.981073e-03     4.408945e-30
 4.466837e-03     5.221795e-30
 5.011873e-03     6.188801e-30
 5.623413e-03     7.339865e-30
 6.309573e-03     8.710922e-30
 7.079460e-03     1.034535e-29
 7.943284e-03     1.229586e-29
 8.912510e-03     1.462715e-29
 1.000000e-02     1.741921e-29
 1.122019e-02     2.077162e-29
 1.258925e-02     2.480843e-29
 1.412538e-02     2.968407e-29
 1.584894e-02     3.558893e-29
 1.778279e-02     4.275559e-29
 1.995263e-02     5.146524e-29
 2.238721e-02     6.205349e-29
 2.511887e-02     7.491787e-29
 2.818385e-02     9.052539e-29
 3.162277e-02     1.094223e-28
 3.548136e-02     1.322471e-28
 3.981071e-02     1.597446e-28
 4.466837e-02     1.927874e-28
 5.011876e-02     2.323985e-28
 5.623413e-02     2.797815e-28
 6.309576e-02     3.363597e-28
 7.079456e-02     4.038158e-28
 7.943284e-02     4.841498e-28
 8.912515e-02     5.797384e-28
 1.000000e-01     6.934110e-28
 1.122019e-01     8.286642e-28
 1.258925e-01     9.849330e-28
 1.412538e-01     1.157077e-27
 1.584894e-01     1.342055e-27
 1.778279e-01     1.537761e-27
 1.995263e-01     1.742529e-27
 2.238721e-01     1.954922e-27
 2.511887e-01     2.173678e-27
 2.818385e-01     2.397691e-27
 3.162278e-01     2.626015e-27
 3.548135e-01     2.857877e-27
 3.981071e-01     3.092651e-27
 4.466837e-01     3.329872e-27
 5.011876e-01     3.569202e-27
 5.623413e-01     3.810418e-27
 6.309576e-01     4.053249e-27
 7.079456e-01     4.297810e-27
 7.943284e-01     4.544098e-27
 8.912515e-01     4.792143e-27
 1.000000e+00     5.041991e-27
 1.122019e+00     5.293689e-27
 1.258925e+00     5.547232e-27
 1.412538e+00     5.802549e-27
 1.584894e+00     6.059435e-27
 1.778279e+00     6.317497e-27
 1.995263e+00     6.576066e-27
 2.238721e+00     6.834054e-27
 2.511887e+00     7.089779e-27
 2.818385e+00     7.340694e-27
 3.162278e+00     7.583006e-27
 3.548136e+00     7.811178e-27
 3.981071e+00     8.017262e-27
 4.466837e+00     8.190144e-27
 5.011876e+00     8.314793e-27
 5.623413e+00     8.371870e-27
 6.309576e+00     8.343072e-27
 7.079456e+00     8.034506e-27
 7.943284e+00     7.753654e-27
 8.912516e+00     7.217823e-27
 1.000000e+01     6.699935e-27
 1.122019e+01     6.150420e-27
 1.258925e+01     5.563138e-27
 1.412538e+01     4.964253e-27
 1.584894e+01     4.383676e-27
 1.778279e+01     3.832091e-27
 1.995263e+01     3.322606e-27
 2.238721e+01     2.867137e-27
 2.511887e+01     2.464366e-27
 2.818385e+01     2.115226e-27
 3.162278e+01     1.814556e-27
 3.548135e+01     1.558811e-27
 3.981071e+01     1.342607e-27
 4.466837e+01     1.160686e-27
 5.011876e+01     1.007265e-27
 5.623413e+01     8.777945e-28
 6.309576e+01     7.686128e-28
 7.079456e+01     6.762176e-28
 7.943284e+01     5.983037e-28
 8.912515e+01     5.325204e-28
 1.000000e+02     4.769933e-28
 1.120000e+02     4.308980e-28
 1.250000e+02     3.933939e-28
 1.400000e+02     3.611537e-28
 1.550000e+02     3.370771e-28
 1.650000e+02     3.245727e-28
 1.750000e+02     3.142773e-28
 1.850000e+02     3.064533e-28
 1.900000e+02     3.045889e-28
 1.950000e+02     3.059081e-28
 2.000000e+02     3.140296e-28
 2.050000e+02     3.366214e-28
 2.100000e+02     3.892305e-28
 2.150000e+02     5.022207e-28
 2.180000e+02     6.211515e-28
 2.210000e+02     8.010832e-28
 2.240000e+02     1.069766e-27
 2.260000e+02     1.316905e-27
 2.270000e+02     1.466257e-27
 2.275000e+02     1.548304e-27
 2.278400e+02     1.607110e-27
 2.380000e+02     1.119641e-23
 2.500000e+02     2.350852e-23
 2.700000e+02     3.138792e-23
 2.900000e+02     3.539913e-23
 3.035000e+02     3.751492e-23
 3.037800e+02     3.983124e-23
 3.045000e+02     3.969191e-23
 3.060000e+02     3.954512e-23
 3.080000e+02     3.942738e-23
 3.100000e+02     3.939639e-23
 3.120000e+02     3.943733e-23
 3.150000e+02     3.963399e-23
 3.200000e+02     4.009161e-23
 3.250000e+02     4.070390e-23
 3.300000e+02     4.134160e-23
 3.400000e+02     4.271314e-23
 3.600000e+02     4.550270e-23
 3.800000e+02     4.826751e-23
 4.050000e+02     5.170181e-23
 4.250000e+02     5.440871e-23
 4.500000e+02     5.774094e-23
 4.650000e+02     5.974786e-23
 4.750000e+02     6.106743e-23
 4.820000e+02     6.198808e-23
 4.870000e+02     6.264090e-23
 4.910000e+02     6.316996e-23
 4.950000e+02     6.368504e-23
 4.980000e+02     6.408744e-23
 5.000000e+02     6.433097e-23
 5.020000e+02     6.459163e-23
 5.039800e+02     6.485311e-23
 5.100000e+02     7.225866e-23
 5.250000e+02     8.085045e-23
 5.600000e+02     8.908396e-23
 6.000000e+02     9.581784e-23
 6.500000e+02     1.043330e-22
 7.000000e+02     1.144524e-22
 7.500000e+02     1.275389e-22
 8.000000e+02     1.451692e-22
 8.300000e+02     1.586219e-22
 8.600000e+02     1.749316e-22
 8.800000e+02     1.875332e-22
 8.900000e+02     1.944027e-22
 8.960000e+02     1.987032e-22
 9.000000e+02     2.016752e-22
 9.030000e+02     2.039123e-22
 9.060000e+02     2.062397e-22
 9.090000e+02     2.086071e-22
 9.117800e+02     2.107984e-22
 9.300000e+02     7.357680e-22
 9.500000e+02     1.737056e-21
 9.750000e+02     3.320276e-21
 9.900000e+02     4.144326e-21
 1.005000e+03     5.139738e-21
 1.025000e+03     6.722007e-21
 1.045000e+03     8.000317e-21
 1.065000e+03     9.801305e-21
 1.085000e+03     1.152934e-20
 1.105000e+03     1.315147e-20
 1.125000e+03     1.487971e-20
 1.145000e+03     1.638736e-20
 1.165000e+03     1.800984e-20
 1.185000e+03     1.939619e-20
 1.205000e+03     2.080247e-20
 1.215600e+03     2.136022e-20
 1.215670e+03     2.376112e-20
 1.216000e+03     2.376786e-20
 1.218000e+03     2.380848e-20
 1.221000e+03     2.386885e-20
 1.225000e+03     2.392822e-20
 1.230000e+03     2.398249e-20
 1.240000e+03     2.442193e-20
 1.250000e+03     2.505835e-20
 1.265000e+03     2.621031e-20
 1.285000e+03     2.778220e-20
 1.305000e+03     2.919766e-20
 1.325000e+03     3.047454e-20
 1.345000e+03     3.189958e-20
 1.365000e+03     3.305897e-20
 1.385000e+03     3.426682e-20
 1.405000e+03     3.546186e-20
 1.425000e+03     3.639146e-20
 1.442000e+03     3.733326e-20
 1.455000e+03     3.794905e-20
 1.475000e+03     3.896378e-20
 1.517000e+03     4.062032e-20
 1.595000e+03     4.304693e-20
 1.672000e+03     4.505918e-20
 1.745000e+03     4.669049e-20
 1.825000e+03     4.816406e-20
 1.905000e+03     4.912515e-20
 1.984000e+03     4.993592e-20
 2.065000e+03     5.039118e-20
 2.135000e+03     5.058663e-20
 2.215000e+03     5.067934e-20
 2.295000e+03     5.065966e-20
 2.375000e+03     5.058743e-20
 2.455000e+03     5.052266e-20
 2.525000e+03     5.038685e-20
 2.605000e+03     5.029408e-20
 2.685000e+03     5.044405e-20
 2.765000e+03     5.039205e-20
 2.845000e+03     5.023016e-20
 2.950000e+03     5.019793e-20
 3.110000e+03     4.989219e-20
 3.270000e+03     4.976544e-20
 3.430000e+03     4.956322e-20
 3.590000e+03     4.933424e-20
 3.730000e+03     4.961380e-20
 3.890000e+03     5.198711e-20
 4.050000e+03     5.525091e-20
 4.210000e+03     5.913582e-20
 4.370000e+03     6.216022e-20
 4.530000e+03     6.490926e-20
 4.690000e+03     6.743885e-20
 4.850000e+03     6.902154e-20
 5.010000e+03     7.063949e-20
 5.170000e+03     7.197087e-20
 5.330000e+03     7.322333e-20
 5.490000e+03     7.431697e-20
 5.650000e+03     7.532187e-20
 5.810000e+03     7.630456e-20
 5.970000e+03     7.698024e-20
 6.130000e+03     7.764432e-20
 6.290000e+03     7.821998e-20
 6.450000e+03     7.869417e-20
 6.610000e+03     7.911578e-20
 6.770000e+03     7.958172e-20
 6.930000e+03     7.994932e-20
 7.090000e+03     8.023287e-20
 7.250000e+03     8.049302e-20
 7.410000e+03     8.075597e-20
 7.570000e+03     8.108523e-20
 7.730000e+03     8.145595e-20
 7.890000e+03     8.179147e-20
 8.050000e+03     8.207413e-20
 8.210000e+03     8.235856e-20
 8.370000e+03     8.263757e-20
 8.530000e+03     8.290055e-20
 8.690000e+03     8.318566e-20
 8.850000e+03     8.361789e-20
 9.010000e+03     8.400920e-20
 9.170000e+03     8.444732e-20
 9.330000e+03     8.489926e-20
 9.490000e+03     8.538808e-20
 9.650000e+03     8.576300e-20
 9.810000e+03     8.616743e-20
 9.970000e+03     8.655054e-20
 1.050000e+04     8.741128e-20
 1.150000e+04     8.792848e-20
 1.250000e+04     8.794964e-20
 1.350000e+04     8.783849e-20
 1.450000e+04     8.790001e-20
 1.550000e+04     8.866929e-20
 1.650000e+04     8.900730e-20
 1.750000e+04     8.826740e-20
 1.850000e+04     8.646247e-20
 1.950000e+04     8.404892e-20
 2.050000e+04     8.180458e-20
 2.150000e+04     7.970880e-20
 2.250000e+04     7.763728e-20
 2.350000e+04     7.545466e-20
 2.450000e+04     7.388060e-20
 2.550000e+04     7.313366e-20
 2.650000e+04     7.279066e-20
 2.750000e+04     7.286667e-20
 2.850000e+04     7.337942e-20
 2.950000e+04     7.431667e-20
 3.050000e+04     7.568136e-20
 3.150000e+04     7.747351e-20
 3.250000e+04     7.966012e-20
 3.350000e+04     8.213132e-20
 3.450000e+04     8.467545e-20
 3.550000e+04     8.709577e-20
 3.650000e+04     8.936695e-20
 3.750000e+04     9.159312e-20
 3.850000e+04     9.386435e-20
 3.950000e+04     9.624315e-20
 4.050000e+04     9.860585e-20
 4.150000e+04     1.010354e-19
 4.250000e+04     1.032499e-19
 4.350000e+04     1.055069e-19
 4.450000e+04     1.079502e-19
 4.550000e+04     1.104184e-19
 4.650000e+04     1.128980e-19
 4.750000e+04     1.153859e-19
 4.850000e+04     1.178898e-19
 4.950000e+04     1.204088e-19
 5.050000e+04     1.230484e-19
 5.150000e+04     1.257713e-19
 5.250000e+04     1.289614e-19
 5.350000e+04     1.312590e-19
 5.450000e+04     1.320633e-19
 5.550000e+04     1.330102e-19
 5.650000e+04     1.344813e-19
 5.750000e+04     1.366598e-19
 5.850000e+04     1.393109e-19
 5.950000e+04     1.440100e-19
 6.050000e+04     1.519539e-19
 6.150000e+04     1.626121e-19
 6.250000e+04     1.778983e-19
 6.350000e+04     1.868311e-19
 6.450000e+04     1.923539e-19
 6.550000e+04     1.990043e-19
 6.650010e+04     2.062248e-19
 6.750010e+04     2.126204e-19
 6.850010e+04     2.181902e-19
 6.950010e+04     2.240256e-19
 7.020000e+04     2.291497e-19
 7.100000e+04     2.345293e-19
 7.180000e+04     2.411592e-19
 7.260000e+04     2.494943e-19
 7.340000e+04     2.602672e-19
 7.420000e+04     2.737118e-19
 7.500000e+04     2.897553e-19
 7.580000e+04     3.072756e-19
 7.660000e+04     3.246929e-19
 7.740000e+04     3.387341e-19
 7.820000e+04     3.501798e-19
 7.900000e+04     3.592717e-19
 7.980000e+04     3.651984e-19
 8.060000e+04     3.695825e-19
 8.140000e+04     3.728690e-19
 8.220000e+04     3.757631e-19
 8.300000e+04     3.791914e-19
 8.380000e+04     3.829119e-19
 8.460000e+04     3.861847e-19
 8.540000e+04     3.886543e-19
 8.620000e+04     3.899147e-19
 8.700000e+04     3.887419e-19
 8.780000e+04     3.849108e-19
 8.860000e+04     3.793382e-19
 8.940000e+04     3.732109e-19
 9.020000e+04     3.674237e-19
 9.100000e+04     3.618645e-19
 9.180000e+04     3.562747e-19
 9.260000e+04     3.504896e-19
 9.340000e+04     3.443259e-19
 9.420000e+04     3.379839e-19
 9.500000e+04     3.315140e-19
 9.580000e+04     3.250679e-19
 9.660000e+04     3.191948e-19
 9.740000e+04     3.136864e-19
 9.820000e+04     3.078482e-19
 9.900000e+04     3.022095e-19
 9.980000e+04     2.968969e-19
 1.006000e+05     2.922899e-19
 1.020000e+05     2.852699e-19
 1.040000e+05     2.774252e-19
 1.060000e+05     2.759695e-19
 1.080000e+05     2.788887e-19
 1.100000e+05     2.805047e-19
 1.120000e+05     2.904634e-19
 1.140000e+05     3.097658e-19
 1.160000e+05     3.188883e-19
 1.180000e+05     3.300120e-19
 1.200000e+05     3.449341e-19
 1.220000e+05     3.581134e-19
 1.240000e+05     3.679181e-19
 1.260000e+05     3.749495e-19
 1.280000e+05     3.843656e-19
 1.300000e+05     3.906553e-19
 1.320000e+05     3.886545e-19
 1.340000e+05     3.903570e-19
 1.360000e+05     3.908553e-19
 1.380000e+05     3.879183e-19
 1.400000e+05     3.824533e-19
 1.420000e+05     3.788331e-19
 1.440000e+05     3.728596e-19
 1.460000e+05     3.684229e-19
 1.480000e+05     3.628479e-19
 1.500000e+05     3.597028e-19
 1.520000e+05     3.563110e-19
 1.540000e+05     3.531864e-19
 1.560000e+05     3.525534e-19
 1.580000e+05     3.524054e-19
 1.600000e+05     3.528111e-19
 1.620000e+05     3.546853e-19
 1.640000e+05     3.600457e-19
 1.660000e+05     3.688625e-19
 1.680000e+05     3.742957e-19
 1.700000e+05     3.810824e-19
 1.720000e+05     3.891310e-19
 1.740000e+05     3.944941e-19
 1.760000e+05     3.991585e-19
 1.780000e+05     4.028363e-19
 1.800000e+05     4.075995e-19
 1.820000e+05     4.137450e-19
 1.840000e+05     4.185730e-19
 1.860000e+05     4.232051e-19
 1.880000e+05     4.327073e-19
 1.900000e+05     4.361806e-19
 1.920000e+05     4.382794e-19
 1.940000e+05     4.409305e-19
 1.960000e+05     4.441510e-19
 1.980000e+05     4.481054e-19
 2.000000e+05     4.522120e-19
 2.020000e+05     4.562342e-19
 2.040000e+05     4.601940e-19
 2.060000e+05     4.643266e-19
 2.080000e+05     4.682211e-19
 2.100000e+05     4.728037e-19
 2.120000e+05     4.782195e-19
 2.140000e+05     4.830724e-19
 2.160000e+05     4.889236e-19
 2.180000e+05     4.958434e-19
 2.200000e+05     5.021377e-19
 2.220000e+05     5.084984e-19
 2.240000e+05     5.163168e-19
 2.260000e+05     5.240671e-19
 2.280000e+05     5.312154e-19
 2.300000e+05     5.391562e-19
 2.320000e+05     5.479559e-19
 2.340000e+05     5.567908e-19
 2.360000e+05     5.652109e-19
 2.380000e+05     5.739639e-19
 2.400000e+05     5.835316e-19
 2.420000e+05     5.930595e-19
 2.440000e+05     6.022015e-19
 2.460000e+05     6.118514e-19
 2.480000e+05     6.221462e-19
 2.500000e+05     6.327542e-19
 2.520000e+05     6.432102e-19
 2.540000e+05     6.539009e-19
 2.560000e+05     6.650748e-19
 2.580000e+05     6.771752e-19
 2.600000e+05     6.900024e-19
 2.620000e+05     7.018133e-19
 2.640000e+05     7.131271e-19
 2.660000e+05     7.248618e-19
 2.680000e+05     7.372208e-19
 2.700000e+05     7.500237e-19
 2.720000e+05     7.628681e-19
 2.740000e+05     7.756195e-19
 2.760000e+05     7.888651e-19
 2.780000e+05     8.030065e-19
 2.800000e+05     8.174733e-19
 2.820000e+05     8.319673e-19
 2.840000e+05     8.461093e-19
 2.860000e+05     8.594335e-19
 2.880000e+05     8.729335e-19
 2.900000e+05     8.872513e-19
 2.920000e+05     9.015072e-19
 2.940000e+05     9.161223e-19
 2.960000e+05     9.312480e-19
 2.980000e+05     9.463821e-19
 3.000000e+05     9.611402e-19
 3.020000e+05     9.769791e-19
 3.040000e+05     9.930065e-19
 3.060000e+05     1.008854e-18
 3.080000e+05     1.025099e-18
 3.100000e+05     1.041413e-18
 3.120000e+05     1.057249e-18
 3.140000e+05     1.073677e-18
 3.160000e+05     1.091622e-18
 3.180000e+05     1.109444e-18
 3.200000e+05     1.127775e-18
 3.220000e+05     1.147046e-18
 3.240000e+05     1.166162e-18
 3.260000e+05     1.185852e-18
 3.280000e+05     1.207695e-18
 3.300000e+05     1.231514e-18
 3.320000e+05     1.255262e-18
 3.340000e+05     1.282011e-18
 3.360000e+05     1.312739e-18
 3.380000e+05     1.340076e-18
 3.400000e+05     1.359074e-18
 3.420000e+05     1.379518e-18
 3.440000e+05     1.404283e-18
 3.460000e+05     1.427585e-18
 3.480000e+05     1.456772e-18
 3.500000e+05     1.489682e-18
 3.520000e+05     1.512501e-18
 3.540000e+05     1.528774e-18
 3.560000e+05     1.545916e-18
 3.580000e+05     1.563450e-18
 3.600000e+05     1.580662e-18
 3.620000e+05     1.601432e-18
 3.640000e+05     1.620964e-18
 3.660000e+05     1.639013e-18
 3.680000e+05     1.659489e-18
 3.700000e+05     1.680566e-18
 3.720000e+05     1.701082e-18
 3.740000e+05     1.723004e-18
 3.760000e+05     1.744144e-18
 3.780000e+05     1.764419e-18
 3.800000e+05     1.785670e-18
 3.820000e+05     1.806796e-18
 3.840000e+05     1.828004e-18
 3.860000e+05     1.849944e-18
 3.880000e+05     1.871545e-18
 3.900000e+05     1.892742e-18
 3.920000e+05     1.914130e-18
 4.320000e+05     2.364642e-18
 4.760000e+05     2.889510e-18
 5.250000e+05     3.500845e-18
 5.790000e+05     4.183755e-18
 6.390000e+05     4.940031e-18
 7.040000e+05     5.735238e-18
 7.760000e+05     6.673025e-18
 8.560000e+05     7.779893e-18
 9.430000e+05     9.034752e-18
 1.040000e+06     1.043390e-17
 1.147000e+06     1.189141e-17
 1.264000e+06     1.328201e-17
 1.394000e+06     1.448529e-17
 1.537000e+06     1.534785e-17
 1.694000e+06     1.576266e-17
 1.868000e+06     1.567947e-17
 2.059000e+06     1.510840e-17
 2.270000e+06     1.411274e-17
 2.503000e+06     1.279641e-17
 2.760000e+06     1.128216e-17
 3.043000e+06     9.691871e-18
 3.354000e+06     8.129619e-18
 3.698000e+06     6.662965e-18
 4.077000e+06     5.349253e-18
 4.495000e+06     4.212918e-18
 4.956000e+06     3.260176e-18
 5.464000e+06     2.483262e-18
 6.024000e+06     1.864251e-18
 6.641000e+06     1.381471e-18
 7.322000e+06     1.011317e-18
 8.073000e+06     7.324958e-19
 8.900000e+06     5.258021e-19
 9.813000e+06     3.746235e-19
 1.082000e+07     2.661171e-19
 1.193000e+07     1.888537e-19
 1.315000e+07     1.343070e-19
 1.450000e+07     9.569857e-20
 1.598000e+07     6.869974e-20
 1.762000e+07     4.967610e-20
 1.943000e+07     3.638370e-20
 2.142000e+07     2.715591e-20
 2.362000e+07     2.074510e-20
 2.604000e+07     1.634151e-20
 2.871000e+07     1.333382e-20
 3.165000e+07     1.131884e-20
 3.489000e+07     1.000036e-20
 3.847000e+07     9.175427e-21
 4.241000e+07     8.706757e-21
 4.676000e+07     8.496722e-21
 5.155000e+07     8.480439e-21
 5.683000e+07     8.605928e-21
 6.266000e+07     8.839681e-21
 6.908000e+07     9.164646e-21
 7.616000e+07     9.563181e-21
 8.397000e+07     1.002530e-20
 9.258000e+07     1.054417e-20
 1.020700e+08     1.111353e-20
 1.125300e+08     1.173026e-20
 1.240600e+08     1.239718e-20
 1.367800e+08     1.311308e-20
 1.508000e+08     1.387817e-20
 1.662500e+08     1.469819e-20
 1.833000e+08     1.557247e-20
 2.020800e+08     1.650122e-20
 2.228000e+08     1.749235e-20
 2.456300e+08     1.854581e-20
 2.708100e+08     1.966890e-20
 2.985700e+08     2.086397e-20
 3.291700e+08     2.213632e-20
 3.629100e+08     2.349234e-20
 4.001100e+08     2.493463e-20
 4.411200e+08     2.646849e-20
 4.863400e+08     2.810588e-20
 5.361900e+08     2.984884e-20
 5.911500e+08     3.170640e-20
 6.517400e+08     3.368932e-20
 7.185400e+08     3.580143e-20
 7.921900e+08     3.805475e-20
 8.733900e+08     4.045897e-20
 9.629200e+08     4.302166e-20
 1.000000e+09     4.405914e-20
