## EBL from Khaire & Srianand 2018; Q19 Model with alpha=-1.9 
## Column1:wavelength (Angstrom);  Column2:EBL specific intensity J_nu (erg/s/cm^2/Hz/Sr)
## ===========================================================================================
 1.000000e-08     9.097967e-37
 1.122019e-08     1.323763e-36
 1.258925e-08     1.901036e-36
 1.412538e-08     2.681509e-36
 1.584893e-08     3.711684e-36
 1.778279e-08     5.045423e-36
 1.995263e-08     6.744710e-36
 2.238721e-08     8.880568e-36
 2.511887e-08     1.153432e-35
 2.818382e-08     1.479891e-35
 3.162278e-08     1.878087e-35
 3.548135e-08     2.360220e-35
 3.981071e-08     2.940310e-35
 4.466837e-08     3.634497e-35
 5.011870e-08     4.461363e-35
 5.623413e-08     5.442384e-35
 6.309576e-08     6.602348e-35
 7.079456e-08     7.969919e-35
 7.943284e-08     9.578313e-35
 8.912505e-08     1.146592e-34
 1.000000e-07     1.367731e-34
 1.122019e-07     1.626403e-34
 1.258925e-07     1.928580e-34
 1.412538e-07     2.281196e-34
 1.584892e-07     2.692269e-34
 1.778279e-07     3.171116e-34
 1.995263e-07     3.728517e-34
 2.238721e-07     4.376965e-34
 2.511887e-07     5.130959e-34
 2.818382e-07     6.007278e-34
 3.162278e-07     7.025400e-34
 3.548136e-07     8.207873e-34
 3.981071e-07     9.580824e-34
 4.466837e-07     1.117458e-33
 5.011870e-07     1.302421e-33
 5.623413e-07     1.517045e-33
 6.309576e-07     1.766043e-33
 7.079456e-07     2.054877e-33
 7.943284e-07     2.389885e-33
 8.912505e-07     2.778400e-33
 1.000000e-06     3.228932e-33
 1.122019e-06     3.751333e-33
 1.258925e-06     4.357016e-33
 1.412538e-06     5.059230e-33
 1.584893e-06     5.873294e-33
 1.778279e-06     6.816988e-33
 1.995263e-06     7.910909e-33
 2.238721e-06     9.178905e-33
 2.511887e-06     1.064864e-32
 2.818382e-06     1.235215e-32
 3.162278e-06     1.432658e-32
 3.548136e-06     1.661496e-32
 3.981071e-06     1.926710e-32
 4.466837e-06     2.234084e-32
 5.011870e-06     2.590309e-32
 5.623413e-06     3.003147e-32
 6.309576e-06     3.481586e-32
 7.079456e-06     4.036039e-32
 7.943284e-06     4.678588e-32
 8.912505e-06     5.423207e-32
 1.000000e-05     6.286123e-32
 1.122019e-05     7.286111e-32
 1.258925e-05     8.444923e-32
 1.412538e-05     9.787809e-32
 1.584893e-05     1.134396e-31
 1.778279e-05     1.314728e-31
 1.995263e-05     1.523700e-31
 2.238721e-05     1.765858e-31
 2.511887e-05     2.046474e-31
 2.818382e-05     2.371650e-31
 3.162278e-05     2.748468e-31
 3.548135e-05     3.185124e-31
 3.981071e-05     3.691115e-31
 4.466837e-05     4.277461e-31
 5.011870e-05     4.956906e-31
 5.623413e-05     5.744250e-31
 6.309577e-05     6.656615e-31
 7.079457e-05     7.713841e-31
 7.943284e-05     8.938950e-31
 8.912505e-05     1.035858e-30
 1.000000e-04     1.200363e-30
 1.122018e-04     1.390988e-30
 1.258926e-04     1.611740e-30
 1.412538e-04     1.863692e-30
 1.584893e-04     2.153314e-30
 1.778279e-04     2.487979e-30
 1.995262e-04     2.875994e-30
 2.238722e-04     3.326857e-30
 2.511887e-04     3.851573e-30
 2.818383e-04     4.463006e-30
 3.162278e-04     5.176270e-30
 3.548134e-04     6.009166e-30
 3.981073e-04     6.982719e-30
 4.466837e-04     8.121770e-30
 5.011873e-04     9.455723e-30
 5.623413e-04     1.101939e-29
 6.309572e-04     1.285403e-29
 7.079460e-04     1.500859e-29
 7.943284e-04     1.754109e-29
 8.912510e-04     2.052048e-29
 1.000000e-03     2.402866e-29
 1.122018e-03     2.816297e-29
 1.258926e-03     3.303930e-29
 1.412538e-03     3.879537e-29
 1.584893e-03     4.559530e-29
 1.778279e-03     5.363462e-29
 1.995262e-03     6.314632e-29
 2.238722e-03     7.440823e-29
 2.511887e-03     8.775164e-29
 2.818383e-03     1.035721e-28
 3.162278e-03     1.223416e-28
 3.548133e-03     1.446241e-28
 3.981073e-03     1.710932e-28
 4.466837e-03     2.025538e-28
 5.011873e-03     2.399689e-28
 5.623413e-03     2.844910e-28
 6.309573e-03     3.375037e-28
 7.079460e-03     4.006740e-28
 7.943284e-03     4.760213e-28
 8.912510e-03     5.660134e-28
 1.000000e-02     6.736895e-28
 1.122019e-02     8.028188e-28
 1.258925e-02     9.580884e-28
 1.412538e-02     1.145332e-27
 1.584894e-02     1.371759e-27
 1.778279e-02     1.646214e-27
 1.995263e-02     1.979440e-27
 2.238721e-02     2.384337e-27
 2.511887e-02     2.876266e-27
 2.818385e-02     3.473356e-27
 3.162277e-02     4.196884e-27
 3.548136e-02     5.071778e-27
 3.981071e-02     6.127131e-27
 4.466837e-02     7.397030e-27
 5.011876e-02     8.921389e-27
 5.623413e-02     1.074710e-26
 6.309576e-02     1.292953e-26
 7.079456e-02     1.553399e-26
 7.943284e-02     1.863806e-26
 8.912515e-02     2.233374e-26
 1.000000e-01     2.673049e-26
 1.122019e-01     3.196110e-26
 1.258925e-01     3.806912e-26
 1.412538e-01     4.492924e-26
 1.584894e-01     5.242947e-26
 1.778279e-01     6.047234e-26
 1.995263e-01     6.897354e-26
 2.238721e-01     7.785959e-26
 2.511887e-01     8.706693e-26
 2.818385e-01     9.654049e-26
 3.162278e-01     1.062332e-25
 3.548135e-01     1.161059e-25
 3.981071e-01     1.261263e-25
 4.466837e-01     1.362695e-25
 5.011876e-01     1.465164e-25
 5.623413e-01     1.568536e-25
 6.309576e-01     1.672728e-25
 7.079456e-01     1.777694e-25
 7.943284e-01     1.883428e-25
 8.912515e-01     1.989947e-25
 1.000000e+00     2.097286e-25
 1.122019e+00     2.205501e-25
 1.258925e+00     2.314646e-25
 1.412538e+00     2.424787e-25
 1.584894e+00     2.535985e-25
 1.778279e+00     2.648297e-25
 1.995263e+00     2.761781e-25
 2.238721e+00     2.876485e-25
 2.511887e+00     2.992456e-25
 2.818385e+00     3.109745e-25
 3.162278e+00     3.228408e-25
 3.548136e+00     3.348523e-25
 3.981071e+00     3.470195e-25
 4.466837e+00     3.593580e-25
 5.011876e+00     3.718898e-25
 5.623413e+00     3.846458e-25
 6.309576e+00     3.975377e-25
 7.079456e+00     4.083418e-25
 7.943284e+00     4.182924e-25
 8.912516e+00     4.292357e-25
 1.000000e+01     4.437717e-25
 1.122019e+01     4.635898e-25
 1.258925e+01     4.902633e-25
 1.412538e+01     5.254231e-25
 1.584894e+01     5.708532e-25
 1.778279e+01     6.285273e-25
 1.995263e+01     7.005670e-25
 2.238721e+01     7.891135e-25
 2.511887e+01     8.960323e-25
 2.818385e+01     1.023092e-24
 3.162278e+01     1.170126e-24
 3.548135e+01     1.326174e-24
 3.981071e+01     1.513786e-24
 4.466837e+01     1.722858e-24
 5.011876e+01     1.949032e-24
 5.623413e+01     2.171767e-24
 6.309576e+01     2.424374e-24
 7.079456e+01     2.688544e-24
 7.943284e+01     2.994235e-24
 8.912515e+01     3.357418e-24
 1.000000e+02     3.768437e-24
 1.120000e+02     4.226690e-24
 1.250000e+02     4.721437e-24
 1.400000e+02     5.264755e-24
 1.550000e+02     5.773039e-24
 1.650000e+02     6.093386e-24
 1.750000e+02     6.397532e-24
 1.850000e+02     6.689338e-24
 1.900000e+02     6.836330e-24
 1.950000e+02     6.987692e-24
 2.000000e+02     7.167967e-24
 2.050000e+02     7.414411e-24
 2.100000e+02     7.816146e-24
 2.150000e+02     8.540943e-24
 2.180000e+02     9.272668e-24
 2.210000e+02     1.033992e-23
 2.240000e+02     1.195475e-23
 2.260000e+02     1.344782e-23
 2.270000e+02     1.434640e-23
 2.275000e+02     1.483698e-23
 2.278400e+02     1.520612e-23
 2.380000e+02     2.187531e-23
 2.500000e+02     2.845510e-23
 2.700000e+02     3.822824e-23
 2.900000e+02     4.699685e-23
 3.035000e+02     5.277464e-23
 3.037800e+02     9.464476e-23
 3.045000e+02     9.427223e-23
 3.060000e+02     9.371675e-23
 3.080000e+02     9.291925e-23
 3.100000e+02     9.225529e-23
 3.120000e+02     9.164435e-23
 3.150000e+02     9.062822e-23
 3.200000e+02     8.941204e-23
 3.250000e+02     8.813445e-23
 3.300000e+02     8.727879e-23
 3.400000e+02     8.603278e-23
 3.600000e+02     8.580924e-23
 3.800000e+02     8.813004e-23
 4.050000e+02     9.376139e-23
 4.250000e+02     9.981340e-23
 4.500000e+02     1.086761e-22
 4.650000e+02     1.143279e-22
 4.750000e+02     1.179400e-22
 4.820000e+02     1.208043e-22
 4.870000e+02     1.225658e-22
 4.910000e+02     1.240386e-22
 4.950000e+02     1.255736e-22
 4.980000e+02     1.270262e-22
 5.000000e+02     1.277201e-22
 5.020000e+02     1.284251e-22
 5.039800e+02     1.291436e-22
 5.100000e+02     1.324338e-22
 5.250000e+02     1.397134e-22
 5.600000e+02     1.573933e-22
 6.000000e+02     1.764719e-22
 6.500000e+02     2.013607e-22
 7.000000e+02     2.273206e-22
 7.500000e+02     2.563922e-22
 8.000000e+02     2.895252e-22
 8.300000e+02     3.130897e-22
 8.600000e+02     3.391879e-22
 8.800000e+02     3.580465e-22
 8.900000e+02     3.685622e-22
 8.960000e+02     3.755456e-22
 9.000000e+02     3.797616e-22
 9.030000e+02     3.829526e-22
 9.060000e+02     3.869447e-22
 9.090000e+02     3.902855e-22
 9.117800e+02     3.934033e-22
 9.300000e+02     7.208497e-22
 9.500000e+02     9.300908e-22
 9.750000e+02     1.481905e-21
 9.900000e+02     1.744704e-21
 1.005000e+03     2.104070e-21
 1.025000e+03     2.656221e-21
 1.045000e+03     3.177218e-21
 1.065000e+03     3.890407e-21
 1.085000e+03     4.667164e-21
 1.105000e+03     5.416072e-21
 1.125000e+03     6.275017e-21
 1.145000e+03     7.070501e-21
 1.165000e+03     7.983079e-21
 1.185000e+03     8.810274e-21
 1.205000e+03     9.682306e-21
 1.215600e+03     1.007359e-20
 1.215670e+03     1.048838e-20
 1.216000e+03     1.050128e-20
 1.218000e+03     1.057791e-20
 1.221000e+03     1.069082e-20
 1.225000e+03     1.082081e-20
 1.230000e+03     1.097335e-20
 1.240000e+03     1.136979e-20
 1.250000e+03     1.180470e-20
 1.265000e+03     1.258140e-20
 1.285000e+03     1.358410e-20
 1.305000e+03     1.464357e-20
 1.325000e+03     1.567296e-20
 1.345000e+03     1.673050e-20
 1.365000e+03     1.780408e-20
 1.385000e+03     1.891076e-20
 1.405000e+03     1.993380e-20
 1.425000e+03     2.091457e-20
 1.442000e+03     2.172525e-20
 1.455000e+03     2.241048e-20
 1.475000e+03     2.338944e-20
 1.517000e+03     2.531222e-20
 1.595000e+03     2.844755e-20
 1.672000e+03     3.138183e-20
 1.745000e+03     3.385041e-20
 1.825000e+03     3.639197e-20
 1.905000e+03     3.845038e-20
 1.984000e+03     4.019083e-20
 2.065000e+03     4.165107e-20
 2.135000e+03     4.257683e-20
 2.215000e+03     4.341680e-20
 2.295000e+03     4.423791e-20
 2.375000e+03     4.500539e-20
 2.455000e+03     4.587933e-20
 2.525000e+03     4.662266e-20
 2.605000e+03     4.753047e-20
 2.685000e+03     4.865444e-20
 2.765000e+03     4.965646e-20
 2.845000e+03     5.045999e-20
 2.950000e+03     5.172301e-20
 3.110000e+03     5.364348e-20
 3.270000e+03     5.532713e-20
 3.430000e+03     5.689829e-20
 3.590000e+03     5.838326e-20
 3.730000e+03     5.994443e-20
 3.890000e+03     6.450622e-20
 4.050000e+03     6.888776e-20
 4.210000e+03     7.581085e-20
 4.370000e+03     8.196542e-20
 4.530000e+03     8.790562e-20
 4.690000e+03     9.365281e-20
 4.850000e+03     9.845509e-20
 5.010000e+03     1.026802e-19
 5.170000e+03     1.066891e-19
 5.330000e+03     1.104850e-19
 5.490000e+03     1.140584e-19
 5.650000e+03     1.175238e-19
 5.810000e+03     1.208601e-19
 5.970000e+03     1.237365e-19
 6.130000e+03     1.265803e-19
 6.290000e+03     1.290350e-19
 6.450000e+03     1.313509e-19
 6.610000e+03     1.334449e-19
 6.770000e+03     1.355569e-19
 6.930000e+03     1.374840e-19
 7.090000e+03     1.392345e-19
 7.250000e+03     1.408615e-19
 7.410000e+03     1.424201e-19
 7.570000e+03     1.439390e-19
 7.730000e+03     1.455630e-19
 7.890000e+03     1.470337e-19
 8.050000e+03     1.483984e-19
 8.210000e+03     1.497572e-19
 8.370000e+03     1.510382e-19
 8.530000e+03     1.522559e-19
 8.690000e+03     1.534553e-19
 8.850000e+03     1.548410e-19
 9.010000e+03     1.561603e-19
 9.170000e+03     1.574359e-19
 9.330000e+03     1.589892e-19
 9.490000e+03     1.603259e-19
 9.650000e+03     1.616726e-19
 9.810000e+03     1.629208e-19
 9.970000e+03     1.642782e-19
 1.050000e+04     1.678070e-19
 1.150000e+04     1.718631e-19
 1.250000e+04     1.747735e-19
 1.350000e+04     1.767584e-19
 1.450000e+04     1.785530e-19
 1.550000e+04     1.809921e-19
 1.650000e+04     1.828757e-19
 1.750000e+04     1.828557e-19
 1.850000e+04     1.809057e-19
 1.950000e+04     1.773855e-19
 2.050000e+04     1.732463e-19
 2.150000e+04     1.687162e-19
 2.250000e+04     1.637066e-19
 2.350000e+04     1.575666e-19
 2.450000e+04     1.503657e-19
 2.550000e+04     1.441670e-19
 2.650000e+04     1.381463e-19
 2.750000e+04     1.329693e-19
 2.850000e+04     1.282309e-19
 2.950000e+04     1.237689e-19
 3.050000e+04     1.195040e-19
 3.150000e+04     1.153981e-19
 3.250000e+04     1.114092e-19
 3.350000e+04     1.075297e-19
 3.450000e+04     1.037798e-19
 3.550000e+04     1.001952e-19
 3.650000e+04     9.675866e-20
 3.750000e+04     9.346440e-20
 3.850000e+04     9.033571e-20
 3.950000e+04     8.750298e-20
 4.050000e+04     8.509852e-20
 4.150000e+04     8.241606e-20
 4.250000e+04     7.962450e-20
 4.350000e+04     7.676532e-20
 4.450000e+04     7.405201e-20
 4.550000e+04     7.147277e-20
 4.650000e+04     6.905556e-20
 4.750000e+04     6.687690e-20
 4.850000e+04     6.503820e-20
 4.950000e+04     6.360513e-20
 5.050000e+04     6.259788e-20
 5.150000e+04     6.203238e-20
 5.250000e+04     6.193568e-20
 5.350000e+04     6.233847e-20
 5.450000e+04     6.327067e-20
 5.550000e+04     6.460118e-20
 5.650000e+04     6.646317e-20
 5.750000e+04     6.905784e-20
 5.850000e+04     7.096577e-20
 5.950000e+04     7.249448e-20
 6.050000e+04     7.550438e-20
 6.150000e+04     8.226066e-20
 6.250000e+04     9.868286e-20
 6.350000e+04     1.104958e-19
 6.450000e+04     1.151466e-19
 6.550000e+04     1.189029e-19
 6.650010e+04     1.212196e-19
 6.750010e+04     1.246866e-19
 6.850010e+04     1.270968e-19
 6.950010e+04     1.314761e-19
 7.020000e+04     1.358700e-19
 7.100000e+04     1.409207e-19
 7.180000e+04     1.456324e-19
 7.260000e+04     1.499105e-19
 7.340000e+04     1.562735e-19
 7.420000e+04     1.654001e-19
 7.500000e+04     1.781663e-19
 7.580000e+04     1.944388e-19
 7.660000e+04     2.124528e-19
 7.740000e+04     2.298059e-19
 7.820000e+04     2.460141e-19
 7.900000e+04     2.602331e-19
 7.980000e+04     2.714347e-19
 8.060000e+04     2.791382e-19
 8.140000e+04     2.840088e-19
 8.220000e+04     2.876996e-19
 8.300000e+04     2.901090e-19
 8.380000e+04     2.921208e-19
 8.460000e+04     2.943014e-19
 8.540000e+04     2.968715e-19
 8.620000e+04     2.999958e-19
 8.700000e+04     3.023321e-19
 8.780000e+04     3.023026e-19
 8.860000e+04     3.003208e-19
 8.940000e+04     2.975187e-19
 9.020000e+04     2.933801e-19
 9.100000e+04     2.891756e-19
 9.180000e+04     2.848118e-19
 9.260000e+04     2.801336e-19
 9.340000e+04     2.756584e-19
 9.420000e+04     2.710950e-19
 9.500000e+04     2.668223e-19
 9.580000e+04     2.629241e-19
 9.660000e+04     2.596378e-19
 9.740000e+04     2.566499e-19
 9.820000e+04     2.531495e-19
 9.900000e+04     2.495140e-19
 9.980000e+04     2.455987e-19
 1.006000e+05     2.420120e-19
 1.020000e+05     2.364967e-19
 1.040000e+05     2.292662e-19
 1.060000e+05     2.253647e-19
 1.080000e+05     2.235020e-19
 1.100000e+05     2.223157e-19
 1.120000e+05     2.324154e-19
 1.140000e+05     2.559751e-19
 1.160000e+05     2.638659e-19
 1.180000e+05     2.700325e-19
 1.200000e+05     2.775012e-19
 1.220000e+05     2.883984e-19
 1.240000e+05     3.020732e-19
 1.260000e+05     3.209629e-19
 1.280000e+05     3.501680e-19
 1.300000e+05     3.773779e-19
 1.320000e+05     3.861032e-19
 1.340000e+05     3.992463e-19
 1.360000e+05     4.068643e-19
 1.380000e+05     4.188472e-19
 1.400000e+05     4.250482e-19
 1.420000e+05     4.365358e-19
 1.440000e+05     4.435569e-19
 1.460000e+05     4.533592e-19
 1.480000e+05     4.597190e-19
 1.500000e+05     4.680711e-19
 1.520000e+05     4.742994e-19
 1.540000e+05     4.813412e-19
 1.560000e+05     4.903527e-19
 1.580000e+05     4.979220e-19
 1.600000e+05     5.041395e-19
 1.620000e+05     5.094493e-19
 1.640000e+05     5.181220e-19
 1.660000e+05     5.288339e-19
 1.680000e+05     5.395084e-19
 1.700000e+05     5.506220e-19
 1.720000e+05     5.653022e-19
 1.740000e+05     5.771385e-19
 1.760000e+05     5.852365e-19
 1.780000e+05     5.945321e-19
 1.800000e+05     6.024047e-19
 1.820000e+05     6.099771e-19
 1.840000e+05     6.184003e-19
 1.860000e+05     6.278343e-19
 1.880000e+05     6.436751e-19
 1.900000e+05     6.562376e-19
 1.920000e+05     6.687785e-19
 1.940000e+05     6.817823e-19
 1.960000e+05     6.975935e-19
 1.980000e+05     7.142017e-19
 2.000000e+05     7.315643e-19
 2.020000e+05     7.509327e-19
 2.040000e+05     7.714948e-19
 2.060000e+05     7.916504e-19
 2.080000e+05     8.127969e-19
 2.100000e+05     8.358132e-19
 2.120000e+05     8.589812e-19
 2.140000e+05     8.825302e-19
 2.160000e+05     9.087562e-19
 2.180000e+05     9.360598e-19
 2.200000e+05     9.625684e-19
 2.220000e+05     9.901807e-19
 2.240000e+05     1.020461e-18
 2.260000e+05     1.050352e-18
 2.280000e+05     1.079761e-18
 2.300000e+05     1.111017e-18
 2.320000e+05     1.144419e-18
 2.340000e+05     1.178529e-18
 2.360000e+05     1.212656e-18
 2.380000e+05     1.248110e-18
 2.400000e+05     1.286221e-18
 2.420000e+05     1.325632e-18
 2.440000e+05     1.365258e-18
 2.460000e+05     1.406171e-18
 2.480000e+05     1.449526e-18
 2.500000e+05     1.494596e-18
 2.520000e+05     1.539446e-18
 2.540000e+05     1.584758e-18
 2.560000e+05     1.632963e-18
 2.580000e+05     1.684705e-18
 2.600000e+05     1.738405e-18
 2.620000e+05     1.791666e-18
 2.640000e+05     1.845820e-18
 2.660000e+05     1.902426e-18
 2.680000e+05     1.961649e-18
 2.700000e+05     2.022226e-18
 2.720000e+05     2.083003e-18
 2.740000e+05     2.144072e-18
 2.760000e+05     2.207242e-18
 2.780000e+05     2.273698e-18
 2.800000e+05     2.342966e-18
 2.820000e+05     2.414204e-18
 2.840000e+05     2.485208e-18
 2.860000e+05     2.555973e-18
 2.880000e+05     2.628238e-18
 2.900000e+05     2.703322e-18
 2.920000e+05     2.779735e-18
 2.940000e+05     2.858103e-18
 2.960000e+05     2.938287e-18
 2.980000e+05     3.018939e-18
 3.000000e+05     3.098960e-18
 3.020000e+05     3.182209e-18
 3.040000e+05     3.267088e-18
 3.060000e+05     3.352708e-18
 3.080000e+05     3.439986e-18
 3.100000e+05     3.527901e-18
 3.120000e+05     3.615294e-18
 3.140000e+05     3.704770e-18
 3.160000e+05     3.797330e-18
 3.180000e+05     3.890742e-18
 3.200000e+05     3.987138e-18
 3.220000e+05     4.085579e-18
 3.240000e+05     4.183611e-18
 3.260000e+05     4.285076e-18
 3.280000e+05     4.385796e-18
 3.300000e+05     4.486973e-18
 3.320000e+05     4.590242e-18
 3.340000e+05     4.703525e-18
 3.360000e+05     4.823929e-18
 3.380000e+05     4.937765e-18
 3.400000e+05     5.039975e-18
 3.420000e+05     5.144944e-18
 3.440000e+05     5.250047e-18
 3.460000e+05     5.355044e-18
 3.480000e+05     5.475278e-18
 3.500000e+05     5.604000e-18
 3.520000e+05     5.722640e-18
 3.540000e+05     5.830298e-18
 3.560000e+05     5.936946e-18
 3.580000e+05     6.042763e-18
 3.600000e+05     6.149495e-18
 3.620000e+05     6.258318e-18
 3.640000e+05     6.365264e-18
 3.660000e+05     6.471097e-18
 3.680000e+05     6.580816e-18
 3.700000e+05     6.692577e-18
 3.720000e+05     6.802973e-18
 3.740000e+05     6.914964e-18
 3.760000e+05     7.028302e-18
 3.780000e+05     7.143249e-18
 3.800000e+05     7.259482e-18
 3.820000e+05     7.376110e-18
 3.840000e+05     7.493704e-18
 3.860000e+05     7.613133e-18
 3.880000e+05     7.733540e-18
 3.900000e+05     7.854484e-18
 3.920000e+05     7.976550e-18
 4.320000e+05     1.058489e-17
 4.760000e+05     1.367818e-17
 5.250000e+05     1.716202e-17
 5.790000e+05     2.079192e-17
 6.390000e+05     2.435816e-17
 7.040000e+05     2.742997e-17
 7.760000e+05     2.976093e-17
 8.560000e+05     3.115325e-17
 9.430000e+05     3.152319e-17
 1.040000e+06     3.093159e-17
 1.147000e+06     2.951253e-17
 1.264000e+06     2.748237e-17
 1.394000e+06     2.502996e-17
 1.537000e+06     2.239061e-17
 1.694000e+06     1.974061e-17
 1.868000e+06     1.719117e-17
 2.059000e+06     1.485174e-17
 2.270000e+06     1.275240e-17
 2.503000e+06     1.090735e-17
 2.760000e+06     9.306526e-18
 3.043000e+06     7.926538e-18
 3.354000e+06     6.737476e-18
 3.698000e+06     5.703051e-18
 4.077000e+06     4.803321e-18
 4.495000e+06     4.018160e-18
 4.956000e+06     3.333979e-18
 5.464000e+06     2.741553e-18
 6.024000e+06     2.233196e-18
 6.641000e+06     1.802691e-18
 7.322000e+06     1.443008e-18
 8.073000e+06     1.147715e-18
 8.900000e+06     9.097617e-19
 9.813000e+06     7.209240e-19
 1.082000e+07     5.738978e-19
 1.193000e+07     4.615752e-19
 1.315000e+07     3.775486e-19
 1.450000e+07     3.155737e-19
 1.598000e+07     2.712775e-19
 1.762000e+07     2.402187e-19
 1.943000e+07     2.194024e-19
 2.142000e+07     2.063741e-19
 2.362000e+07     1.991504e-19
 2.604000e+07     1.963179e-19
 2.871000e+07     1.968269e-19
 3.165000e+07     1.999087e-19
 3.489000e+07     2.049987e-19
 3.847000e+07     2.117164e-19
 4.241000e+07     2.197560e-19
 4.676000e+07     2.289398e-19
 5.155000e+07     2.391064e-19
 5.683000e+07     2.501664e-19
 6.266000e+07     2.620822e-19
 6.908000e+07     2.747995e-19
 7.616000e+07     2.883185e-19
 8.397000e+07     3.026403e-19
 9.258000e+07     3.177701e-19
 1.020700e+08     3.337164e-19
 1.125300e+08     3.505140e-19
 1.240600e+08     3.681971e-19
 1.367800e+08     3.868224e-19
 1.508000e+08     4.064048e-19
 1.662500e+08     4.269808e-19
 1.833000e+08     4.486305e-19
 2.020800e+08     4.713779e-19
 2.228000e+08     4.953055e-19
 2.456300e+08     5.204445e-19
 2.708100e+08     5.468837e-19
 2.985700e+08     5.746808e-19
 3.291700e+08     6.038859e-19
 3.629100e+08     6.345912e-19
 4.001100e+08     6.668636e-19
 4.411200e+08     7.007867e-19
 4.863400e+08     7.364497e-19
 5.361900e+08     7.739446e-19
 5.911500e+08     8.133552e-19
 6.517400e+08     8.547869e-19
 7.185400e+08     8.983188e-19
 7.921900e+08     9.440844e-19
 8.733900e+08     9.921821e-19
 9.629200e+08     1.042749e-18
 1.000000e+09     1.063015e-18
