## EBL from Khaire & Srianand 2018; Q19 Model with alpha=-1.9 
## Column1:wavelength (Angstrom);  Column2:EBL specific intensity J_nu (erg/s/cm^2/Hz/Sr)
## ===========================================================================================
 1.000000e-08     5.087428e-37
 1.122019e-08     7.414225e-37
 1.258925e-08     1.072766e-36
 1.412538e-08     1.533425e-36
 1.584893e-08     2.159196e-36
 1.778279e-08     2.991384e-36
 1.995263e-08     4.077336e-36
 2.238721e-08     5.471187e-36
 2.511887e-08     7.234865e-36
 2.818382e-08     9.439146e-36
 3.162278e-08     1.216507e-35
 3.548135e-08     1.550538e-35
 3.981071e-08     1.956642e-35
 4.466837e-08     2.447037e-35
 5.011870e-08     3.035753e-35
 5.623413e-08     3.738969e-35
 6.309576e-08     4.575325e-35
 7.079456e-08     5.566336e-35
 7.943284e-08     6.736898e-35
 8.912505e-08     8.115760e-35
 1.000000e-07     9.736256e-35
 1.122019e-07     1.163693e-34
 1.258925e-07     1.386244e-34
 1.412538e-07     1.646457e-34
 1.584892e-07     1.950324e-34
 1.778279e-07     2.304803e-34
 1.995263e-07     2.717945e-34
 2.238721e-07     3.199083e-34
 2.511887e-07     3.759045e-34
 2.818382e-07     4.410365e-34
 3.162278e-07     5.167592e-34
 3.548136e-07     6.047567e-34
 3.981071e-07     7.069807e-34
 4.466837e-07     8.256962e-34
 5.011870e-07     9.635239e-34
 5.623413e-07     1.123506e-33
 6.309576e-07     1.309165e-33
 7.079456e-07     1.524579e-33
 7.943284e-07     1.774485e-33
 8.912505e-07     2.064359e-33
 1.000000e-06     2.400561e-33
 1.122019e-06     2.790452e-33
 1.258925e-06     3.242558e-33
 1.412538e-06     3.766777e-33
 1.584893e-06     4.374555e-33
 1.778279e-06     5.079177e-33
 1.995263e-06     5.896031e-33
 2.238721e-06     6.842935e-33
 2.511887e-06     7.940562e-33
 2.818382e-06     9.212836e-33
 3.162278e-06     1.068753e-32
 3.548136e-06     1.239676e-32
 3.981071e-06     1.437778e-32
 4.466837e-06     1.667380e-32
 5.011870e-06     1.933478e-32
 5.623413e-06     2.241875e-32
 6.309576e-06     2.599286e-32
 7.079456e-06     3.013490e-32
 7.943284e-06     3.493515e-32
 8.912505e-06     4.049802e-32
 1.000000e-05     4.694474e-32
 1.122019e-05     5.441561e-32
 1.258925e-05     6.307315e-32
 1.412538e-05     7.310602e-32
 1.584893e-05     8.473238e-32
 1.778279e-05     9.820537e-32
 1.995263e-05     1.138183e-31
 2.238721e-05     1.319107e-31
 2.511887e-05     1.528767e-31
 2.818382e-05     1.771720e-31
 3.162278e-05     2.053259e-31
 3.548135e-05     2.379506e-31
 3.981071e-05     2.757559e-31
 4.466837e-05     3.195650e-31
 5.011870e-05     3.703302e-31
 5.623413e-05     4.291572e-31
 6.309577e-05     4.973256e-31
 7.079457e-05     5.763175e-31
 7.943284e-05     6.678532e-31
 8.912505e-05     7.739226e-31
 1.000000e-04     8.968354e-31
 1.122018e-04     1.039264e-30
 1.258926e-04     1.204283e-30
 1.412538e-04     1.394317e-30
 1.584893e-04     1.613084e-30
 1.778279e-04     1.865260e-30
 1.995262e-04     2.156522e-30
 2.238722e-04     2.493670e-30
 2.511887e-04     2.884755e-30
 2.818383e-04     3.339256e-30
 3.162278e-04     3.868292e-30
 3.548134e-04     4.484923e-30
 3.981073e-04     5.204510e-30
 4.466837e-04     6.045148e-30
 5.011873e-04     7.028206e-30
 5.623413e-04     8.178940e-30
 6.309572e-04     9.527236e-30
 7.079460e-04     1.110850e-29
 7.943284e-04     1.296468e-29
 8.912510e-04     1.514556e-29
 1.000000e-03     1.771021e-29
 1.122018e-03     2.072882e-29
 1.258926e-03     2.428482e-29
 1.412538e-03     2.847732e-29
 1.584893e-03     3.342433e-29
 1.778279e-03     3.926634e-29
 1.995262e-03     4.617062e-29
 2.238722e-03     5.433655e-29
 2.511887e-03     6.400166e-29
 2.818383e-03     7.544939e-29
 3.162278e-03     8.901793e-29
 3.548133e-03     1.051108e-28
 3.981073e-03     1.242100e-28
 4.466837e-03     1.468910e-28
 5.011873e-03     1.738417e-28
 5.623413e-03     2.058851e-28
 6.309573e-03     2.440065e-28
 7.079460e-03     2.893891e-28
 7.943284e-03     3.434581e-28
 8.912510e-03     4.079412e-28
 1.000000e-02     4.849460e-28
 1.122019e-02     5.770620e-28
 1.258925e-02     6.874853e-28
 1.412538e-02     8.201800e-28
 1.584894e-02     9.800498e-28
 1.778279e-02     1.173146e-27
 1.995263e-02     1.406889e-27
 2.238721e-02     1.690292e-27
 2.511887e-02     2.034229e-27
 2.818385e-02     2.451688e-27
 3.162277e-02     2.958074e-27
 3.548136e-02     3.571583e-27
 3.981071e-02     4.313567e-27
 4.466837e-02     5.209100e-27
 5.011876e-02     6.287543e-27
 5.623413e-02     7.583331e-27
 6.309576e-02     9.136973e-27
 7.079456e-02     1.099612e-26
 7.943284e-02     1.321711e-26
 8.912515e-02     1.586655e-26
 1.000000e-01     1.902343e-26
 1.122019e-01     2.278214e-26
 1.258925e-01     2.722534e-26
 1.412538e-01     3.237154e-26
 1.584894e-01     3.820612e-26
 1.778279e-01     4.468748e-26
 1.995263e-01     5.175552e-26
 2.238721e-01     5.934048e-26
 2.511887e-01     6.737104e-26
 2.818385e-01     7.577924e-26
 3.162278e-01     8.450343e-26
 3.548135e-01     9.348991e-26
 3.981071e-01     1.026927e-25
 4.466837e-01     1.120735e-25
 5.011876e-01     1.216015e-25
 5.623413e-01     1.312520e-25
 6.309576e-01     1.410071e-25
 7.079456e-01     1.508534e-25
 7.943284e-01     1.607824e-25
 8.912515e-01     1.707895e-25
 1.000000e+00     1.808730e-25
 1.122019e+00     1.910343e-25
 1.258925e+00     2.012759e-25
 1.412538e+00     2.116023e-25
 1.584894e+00     2.220185e-25
 1.778279e+00     2.325297e-25
 1.995263e+00     2.431419e-25
 2.238721e+00     2.538601e-25
 2.511887e+00     2.646900e-25
 2.818385e+00     2.756368e-25
 3.162278e+00     2.867059e-25
 3.548136e+00     2.979042e-25
 3.981071e+00     3.092397e-25
 4.466837e+00     3.207239e-25
 5.011876e+00     3.323723e-25
 5.623413e+00     3.442073e-25
 6.309576e+00     3.562357e-25
 7.079456e+00     3.677472e-25
 7.943284e+00     3.787040e-25
 8.912516e+00     3.895430e-25
 1.000000e+01     4.014055e-25
 1.122019e+01     4.155971e-25
 1.258925e+01     4.335914e-25
 1.412538e+01     4.569769e-25
 1.584894e+01     4.874557e-25
 1.778279e+01     5.268818e-25
 1.995263e+01     5.773116e-25
 2.238721e+01     6.410367e-25
 2.511887e+01     7.205855e-25
 2.818385e+01     8.186582e-25
 3.162278e+01     9.379850e-25
 3.548135e+01     1.081095e-24
 3.981071e+01     1.249976e-24
 4.466837e+01     1.445762e-24
 5.011876e+01     1.666745e-24
 5.623413e+01     1.913145e-24
 6.309576e+01     2.190452e-24
 7.079456e+01     2.502301e-24
 7.943284e+01     2.872176e-24
 8.912515e+01     3.291012e-24
 1.000000e+02     3.788981e-24
 1.120000e+02     4.381524e-24
 1.250000e+02     5.038836e-24
 1.400000e+02     5.834711e-24
 1.550000e+02     6.636893e-24
 1.650000e+02     7.166973e-24
 1.750000e+02     7.685652e-24
 1.850000e+02     8.210476e-24
 1.900000e+02     8.469097e-24
 1.950000e+02     8.726987e-24
 2.000000e+02     8.975947e-24
 2.050000e+02     9.238901e-24
 2.100000e+02     9.548146e-24
 2.150000e+02     9.941837e-24
 2.180000e+02     1.026815e-23
 2.210000e+02     1.067479e-23
 2.240000e+02     1.123885e-23
 2.260000e+02     1.172441e-23
 2.270000e+02     1.201897e-23
 2.275000e+02     1.219297e-23
 2.278400e+02     1.230541e-23
 2.380000e+02     1.451876e-23
 2.500000e+02     1.698411e-23
 2.700000e+02     2.178523e-23
 2.900000e+02     2.663486e-23
 3.035000e+02     3.015590e-23
 3.037800e+02     3.799352e-23
 3.045000e+02     3.819717e-23
 3.060000e+02     3.858416e-23
 3.080000e+02     3.909842e-23
 3.100000e+02     3.962124e-23
 3.120000e+02     4.035669e-23
 3.150000e+02     4.114034e-23
 3.200000e+02     4.245197e-23
 3.250000e+02     4.373633e-23
 3.300000e+02     4.504428e-23
 3.400000e+02     4.789849e-23
 3.600000e+02     5.348875e-23
 3.800000e+02     5.865436e-23
 4.050000e+02     6.478866e-23
 4.250000e+02     6.959747e-23
 4.500000e+02     7.556664e-23
 4.650000e+02     7.933614e-23
 4.750000e+02     8.170107e-23
 4.820000e+02     8.339493e-23
 4.870000e+02     8.462662e-23
 4.910000e+02     8.568248e-23
 4.950000e+02     8.678380e-23
 4.980000e+02     8.761759e-23
 5.000000e+02     8.811900e-23
 5.020000e+02     8.858729e-23
 5.039800e+02     8.905654e-23
 5.100000e+02     9.083297e-23
 5.250000e+02     9.468775e-23
 5.600000e+02     1.056496e-22
 6.000000e+02     1.185120e-22
 6.500000e+02     1.357200e-22
 7.000000e+02     1.541860e-22
 7.500000e+02     1.741655e-22
 8.000000e+02     1.957639e-22
 8.300000e+02     2.101826e-22
 8.600000e+02     2.258838e-22
 8.800000e+02     2.374356e-22
 8.900000e+02     2.430790e-22
 8.960000e+02     2.465129e-22
 9.000000e+02     2.488224e-22
 9.030000e+02     2.505653e-22
 9.060000e+02     2.523013e-22
 9.090000e+02     2.540464e-22
 9.117800e+02     2.556719e-22
 9.300000e+02     3.329479e-22
 9.500000e+02     4.088990e-22
 9.750000e+02     4.890303e-22
 9.900000e+02     5.533875e-22
 1.005000e+03     6.213039e-22
 1.025000e+03     7.361381e-22
 1.045000e+03     8.212064e-22
 1.065000e+03     9.604429e-22
 1.085000e+03     1.114294e-21
 1.105000e+03     1.284216e-21
 1.125000e+03     1.462541e-21
 1.145000e+03     1.638393e-21
 1.165000e+03     1.831720e-21
 1.185000e+03     2.019382e-21
 1.205000e+03     2.224175e-21
 1.215600e+03     2.322370e-21
 1.215670e+03     2.370101e-21
 1.216000e+03     2.373077e-21
 1.218000e+03     2.390945e-21
 1.221000e+03     2.417353e-21
 1.225000e+03     2.449321e-21
 1.230000e+03     2.488800e-21
 1.240000e+03     2.587427e-21
 1.250000e+03     2.706099e-21
 1.265000e+03     2.895575e-21
 1.285000e+03     3.153937e-21
 1.305000e+03     3.439540e-21
 1.325000e+03     3.718863e-21
 1.345000e+03     4.021043e-21
 1.365000e+03     4.326803e-21
 1.385000e+03     4.639787e-21
 1.405000e+03     4.942009e-21
 1.425000e+03     5.255439e-21
 1.442000e+03     5.522622e-21
 1.455000e+03     5.741272e-21
 1.475000e+03     6.072194e-21
 1.517000e+03     6.743535e-21
 1.595000e+03     7.965689e-21
 1.672000e+03     9.202257e-21
 1.745000e+03     1.034312e-20
 1.825000e+03     1.158483e-20
 1.905000e+03     1.275029e-20
 1.984000e+03     1.383617e-20
 2.065000e+03     1.484166e-20
 2.135000e+03     1.560460e-20
 2.215000e+03     1.640426e-20
 2.295000e+03     1.716312e-20
 2.375000e+03     1.793595e-20
 2.455000e+03     1.869459e-20
 2.525000e+03     1.936006e-20
 2.605000e+03     2.012295e-20
 2.685000e+03     2.097729e-20
 2.765000e+03     2.179332e-20
 2.845000e+03     2.250456e-20
 2.950000e+03     2.356659e-20
 3.110000e+03     2.522110e-20
 3.270000e+03     2.681841e-20
 3.430000e+03     2.840896e-20
 3.590000e+03     2.996073e-20
 3.730000e+03     3.137416e-20
 3.890000e+03     3.393211e-20
 4.050000e+03     3.649773e-20
 4.210000e+03     4.073410e-20
 4.370000e+03     4.448065e-20
 4.530000e+03     4.845850e-20
 4.690000e+03     5.257019e-20
 4.850000e+03     5.647918e-20
 5.010000e+03     6.004589e-20
 5.170000e+03     6.378834e-20
 5.330000e+03     6.732498e-20
 5.490000e+03     7.097946e-20
 5.650000e+03     7.452743e-20
 5.810000e+03     7.812585e-20
 5.970000e+03     8.144525e-20
 6.130000e+03     8.473511e-20
 6.290000e+03     8.785581e-20
 6.450000e+03     9.084810e-20
 6.610000e+03     9.370410e-20
 6.770000e+03     9.653778e-20
 6.930000e+03     9.920764e-20
 7.090000e+03     1.017682e-19
 7.250000e+03     1.042020e-19
 7.410000e+03     1.065570e-19
 7.570000e+03     1.088385e-19
 7.730000e+03     1.110961e-19
 7.890000e+03     1.133003e-19
 8.050000e+03     1.153473e-19
 8.210000e+03     1.173608e-19
 8.370000e+03     1.193112e-19
 8.530000e+03     1.211460e-19
 8.690000e+03     1.229464e-19
 8.850000e+03     1.247749e-19
 9.010000e+03     1.265266e-19
 9.170000e+03     1.282517e-19
 9.330000e+03     1.299862e-19
 9.490000e+03     1.317668e-19
 9.650000e+03     1.333535e-19
 9.810000e+03     1.349737e-19
 9.970000e+03     1.366327e-19
 1.050000e+04     1.414476e-19
 1.150000e+04     1.482341e-19
 1.250000e+04     1.538877e-19
 1.350000e+04     1.583149e-19
 1.450000e+04     1.621125e-19
 1.550000e+04     1.657446e-19
 1.650000e+04     1.688658e-19
 1.750000e+04     1.706344e-19
 1.850000e+04     1.708729e-19
 1.950000e+04     1.697718e-19
 2.050000e+04     1.677467e-19
 2.150000e+04     1.651929e-19
 2.250000e+04     1.620708e-19
 2.350000e+04     1.581684e-19
 2.450000e+04     1.533098e-19
 2.550000e+04     1.486930e-19
 2.650000e+04     1.439862e-19
 2.750000e+04     1.395670e-19
 2.850000e+04     1.353773e-19
 2.950000e+04     1.312626e-19
 3.050000e+04     1.275266e-19
 3.150000e+04     1.240323e-19
 3.250000e+04     1.206351e-19
 3.350000e+04     1.174376e-19
 3.450000e+04     1.146149e-19
 3.550000e+04     1.120738e-19
 3.650000e+04     1.097384e-19
 3.750000e+04     1.075653e-19
 3.850000e+04     1.055520e-19
 3.950000e+04     1.037081e-19
 4.050000e+04     1.019659e-19
 4.150000e+04     1.002782e-19
 4.250000e+04     9.877237e-20
 4.350000e+04     9.739020e-20
 4.450000e+04     9.592746e-20
 4.550000e+04     9.437037e-20
 4.650000e+04     9.303415e-20
 4.750000e+04     9.184491e-20
 4.850000e+04     9.070095e-20
 4.950000e+04     8.954652e-20
 5.050000e+04     8.846789e-20
 5.150000e+04     8.755323e-20
 5.250000e+04     8.697230e-20
 5.350000e+04     8.573689e-20
 5.450000e+04     8.473307e-20
 5.550000e+04     8.446424e-20
 5.650000e+04     8.536057e-20
 5.750000e+04     8.752826e-20
 5.850000e+04     9.065646e-20
 5.950000e+04     9.635479e-20
 6.050000e+04     1.047528e-19
 6.150000e+04     1.147151e-19
 6.250000e+04     1.284858e-19
 6.350000e+04     1.387256e-19
 6.450000e+04     1.452710e-19
 6.550000e+04     1.500080e-19
 6.650010e+04     1.547673e-19
 6.750010e+04     1.609359e-19
 6.850010e+04     1.668098e-19
 6.950010e+04     1.737199e-19
 7.020000e+04     1.796207e-19
 7.100000e+04     1.860358e-19
 7.180000e+04     1.932840e-19
 7.260000e+04     2.029927e-19
 7.340000e+04     2.143839e-19
 7.420000e+04     2.278220e-19
 7.500000e+04     2.433817e-19
 7.580000e+04     2.612452e-19
 7.660000e+04     2.796625e-19
 7.740000e+04     2.954559e-19
 7.820000e+04     3.089043e-19
 7.900000e+04     3.202693e-19
 7.980000e+04     3.289969e-19
 8.060000e+04     3.359426e-19
 8.140000e+04     3.416010e-19
 8.220000e+04     3.462227e-19
 8.300000e+04     3.511273e-19
 8.380000e+04     3.561048e-19
 8.460000e+04     3.607207e-19
 8.540000e+04     3.651086e-19
 8.620000e+04     3.687703e-19
 8.700000e+04     3.709077e-19
 8.780000e+04     3.711483e-19
 8.860000e+04     3.698174e-19
 8.940000e+04     3.675264e-19
 9.020000e+04     3.645292e-19
 9.100000e+04     3.608852e-19
 9.180000e+04     3.568777e-19
 9.260000e+04     3.527668e-19
 9.340000e+04     3.487135e-19
 9.420000e+04     3.447386e-19
 9.500000e+04     3.406618e-19
 9.580000e+04     3.365389e-19
 9.660000e+04     3.328842e-19
 9.740000e+04     3.294750e-19
 9.820000e+04     3.256727e-19
 9.900000e+04     3.217721e-19
 9.980000e+04     3.181149e-19
 1.006000e+05     3.149787e-19
 1.020000e+05     3.099417e-19
 1.040000e+05     3.037432e-19
 1.060000e+05     3.031231e-19
 1.080000e+05     3.069061e-19
 1.100000e+05     3.087410e-19
 1.120000e+05     3.166654e-19
 1.140000e+05     3.368611e-19
 1.160000e+05     3.477425e-19
 1.180000e+05     3.510118e-19
 1.200000e+05     3.591685e-19
 1.220000e+05     3.717023e-19
 1.240000e+05     3.799302e-19
 1.260000e+05     3.889054e-19
 1.280000e+05     4.038826e-19
 1.300000e+05     4.128335e-19
 1.320000e+05     4.162727e-19
 1.340000e+05     4.201439e-19
 1.360000e+05     4.200055e-19
 1.380000e+05     4.236606e-19
 1.400000e+05     4.258772e-19
 1.420000e+05     4.277263e-19
 1.440000e+05     4.301571e-19
 1.460000e+05     4.325020e-19
 1.480000e+05     4.345939e-19
 1.500000e+05     4.385822e-19
 1.520000e+05     4.420202e-19
 1.540000e+05     4.447833e-19
 1.560000e+05     4.516888e-19
 1.580000e+05     4.582101e-19
 1.600000e+05     4.645004e-19
 1.620000e+05     4.719630e-19
 1.640000e+05     4.823637e-19
 1.660000e+05     4.950020e-19
 1.680000e+05     5.056151e-19
 1.700000e+05     5.182830e-19
 1.720000e+05     5.306666e-19
 1.740000e+05     5.408237e-19
 1.760000e+05     5.503488e-19
 1.780000e+05     5.594980e-19
 1.800000e+05     5.668895e-19
 1.820000e+05     5.772515e-19
 1.840000e+05     5.859174e-19
 1.860000e+05     5.953738e-19
 1.880000e+05     6.088200e-19
 1.900000e+05     6.189078e-19
 1.920000e+05     6.285529e-19
 1.940000e+05     6.386511e-19
 1.960000e+05     6.488107e-19
 1.980000e+05     6.582742e-19
 2.000000e+05     6.695244e-19
 2.020000e+05     6.809903e-19
 2.040000e+05     6.928198e-19
 2.060000e+05     7.045637e-19
 2.080000e+05     7.165533e-19
 2.100000e+05     7.298858e-19
 2.120000e+05     7.439694e-19
 2.140000e+05     7.578045e-19
 2.160000e+05     7.718555e-19
 2.180000e+05     7.874198e-19
 2.200000e+05     8.033737e-19
 2.220000e+05     8.189661e-19
 2.240000e+05     8.357067e-19
 2.260000e+05     8.532937e-19
 2.280000e+05     8.708256e-19
 2.300000e+05     8.889152e-19
 2.320000e+05     9.079757e-19
 2.340000e+05     9.275099e-19
 2.360000e+05     9.471023e-19
 2.380000e+05     9.674375e-19
 2.400000e+05     9.886120e-19
 2.420000e+05     1.010035e-18
 2.440000e+05     1.031769e-18
 2.460000e+05     1.054028e-18
 2.480000e+05     1.077003e-18
 2.500000e+05     1.100879e-18
 2.520000e+05     1.125183e-18
 2.540000e+05     1.149926e-18
 2.560000e+05     1.175293e-18
 2.580000e+05     1.201617e-18
 2.600000e+05     1.229019e-18
 2.620000e+05     1.256296e-18
 2.640000e+05     1.283635e-18
 2.660000e+05     1.311644e-18
 2.680000e+05     1.340270e-18
 2.700000e+05     1.369684e-18
 2.720000e+05     1.399501e-18
 2.740000e+05     1.429965e-18
 2.760000e+05     1.461373e-18
 2.780000e+05     1.493539e-18
 2.800000e+05     1.526312e-18
 2.820000e+05     1.559984e-18
 2.840000e+05     1.594289e-18
 2.860000e+05     1.628480e-18
 2.880000e+05     1.663305e-18
 2.900000e+05     1.699039e-18
 2.920000e+05     1.735184e-18
 2.940000e+05     1.772114e-18
 2.960000e+05     1.810011e-18
 2.980000e+05     1.848289e-18
 3.000000e+05     1.887067e-18
 3.020000e+05     1.926979e-18
 3.040000e+05     1.967412e-18
 3.060000e+05     2.008297e-18
 3.080000e+05     2.050274e-18
 3.100000e+05     2.092658e-18
 3.120000e+05     2.135182e-18
 3.140000e+05     2.178961e-18
 3.160000e+05     2.224239e-18
 3.180000e+05     2.269907e-18
 3.200000e+05     2.316582e-18
 3.220000e+05     2.364221e-18
 3.240000e+05     2.412102e-18
 3.260000e+05     2.461488e-18
 3.280000e+05     2.514041e-18
 3.300000e+05     2.569475e-18
 3.320000e+05     2.623639e-18
 3.340000e+05     2.679944e-18
 3.360000e+05     2.740479e-18
 3.380000e+05     2.798052e-18
 3.400000e+05     2.852273e-18
 3.420000e+05     2.908972e-18
 3.440000e+05     2.968856e-18
 3.460000e+05     3.026218e-18
 3.480000e+05     3.088479e-18
 3.500000e+05     3.155006e-18
 3.520000e+05     3.212827e-18
 3.540000e+05     3.268450e-18
 3.560000e+05     3.325340e-18
 3.580000e+05     3.381953e-18
 3.600000e+05     3.438801e-18
 3.620000e+05     3.496425e-18
 3.640000e+05     3.555104e-18
 3.660000e+05     3.612010e-18
 3.680000e+05     3.669793e-18
 3.700000e+05     3.729513e-18
 3.720000e+05     3.789136e-18
 3.740000e+05     3.848946e-18
 3.760000e+05     3.909703e-18
 3.780000e+05     3.970100e-18
 3.800000e+05     4.031069e-18
 3.820000e+05     4.094031e-18
 3.840000e+05     4.154608e-18
 3.860000e+05     4.216076e-18
 3.880000e+05     4.279522e-18
 3.900000e+05     4.343067e-18
 3.920000e+05     4.406986e-18
 4.320000e+05     5.749604e-18
 4.760000e+05     7.396114e-18
 5.250000e+05     9.411523e-18
 5.790000e+05     1.180416e-17
 6.390000e+05     1.455061e-17
 7.040000e+05     1.746000e-17
 7.760000e+05     2.042873e-17
 8.560000e+05     2.320013e-17
 9.430000e+05     2.545778e-17
 1.040000e+06     2.703165e-17
 1.147000e+06     2.776980e-17
 1.264000e+06     2.765002e-17
 1.394000e+06     2.672704e-17
 1.537000e+06     2.514144e-17
 1.694000e+06     2.307156e-17
 1.868000e+06     2.068201e-17
 2.059000e+06     1.817166e-17
 2.270000e+06     1.567307e-17
 2.503000e+06     1.330192e-17
 2.760000e+06     1.113697e-17
 3.043000e+06     9.223511e-18
 3.354000e+06     7.576281e-18
 3.698000e+06     6.178356e-18
 4.077000e+06     5.016590e-18
 4.495000e+06     4.062108e-18
 4.956000e+06     3.285006e-18
 5.464000e+06     2.656303e-18
 6.024000e+06     2.148763e-18
 6.641000e+06     1.739460e-18
 7.322000e+06     1.408698e-18
 8.073000e+06     1.141540e-18
 8.900000e+06     9.261632e-19
 9.813000e+06     7.526201e-19
 1.082000e+07     6.140894e-19
 1.193000e+07     5.040533e-19
 1.315000e+07     4.176590e-19
 1.450000e+07     3.502318e-19
 1.598000e+07     2.988492e-19
 1.762000e+07     2.600424e-19
 1.943000e+07     2.315757e-19
 2.142000e+07     2.114286e-19
 2.362000e+07     1.977882e-19
 2.604000e+07     1.893470e-19
 2.871000e+07     1.849780e-19
 3.165000e+07     1.838419e-19
 3.489000e+07     1.852723e-19
 3.847000e+07     1.887728e-19
 4.241000e+07     1.939463e-19
 4.676000e+07     2.005236e-19
 5.155000e+07     2.082726e-19
 5.683000e+07     2.170437e-19
 6.266000e+07     2.267402e-19
 6.908000e+07     2.372653e-19
 7.616000e+07     2.485809e-19
 8.397000e+07     2.606652e-19
 9.258000e+07     2.735037e-19
 1.020700e+08     2.870930e-19
 1.125300e+08     3.014422e-19
 1.240600e+08     3.165750e-19
 1.367800e+08     3.325275e-19
 1.508000e+08     3.493166e-19
 1.662500e+08     3.669745e-19
 1.833000e+08     3.855658e-19
 2.020800e+08     4.050993e-19
 2.228000e+08     4.256537e-19
 2.456300e+08     4.472498e-19
 2.708100e+08     4.699659e-19
 2.985700e+08     4.938434e-19
 3.291700e+08     5.189382e-19
 3.629100e+08     5.453254e-19
 4.001100e+08     5.730675e-19
 4.411200e+08     6.022278e-19
 4.863400e+08     6.328896e-19
 5.361900e+08     6.651144e-19
 5.911500e+08     6.989905e-19
 6.517400e+08     7.346030e-19
 7.185400e+08     7.720444e-19
 7.921900e+08     8.114155e-19
 8.733900e+08     8.528063e-19
 9.629200e+08     8.963247e-19
 1.000000e+09     9.137671e-19
