## EBL from Khaire & Srianand 2018; Q19 Model with alpha=-1.9 
## Column1:wavelength (Angstrom);  Column2:EBL specific intensity J_nu (erg/s/cm^2/Hz/Sr)
## ===========================================================================================
 1.000000e-08     9.860138e-38
 1.122019e-08     1.433198e-37
 1.258925e-08     2.049857e-37
 1.412538e-08     2.873896e-37
 1.584893e-08     3.950645e-37
 1.778279e-08     5.332991e-37
 1.995263e-08     7.081817e-37
 2.238721e-08     9.266789e-37
 2.511887e-08     1.196758e-36
 2.818382e-08     1.527523e-36
 3.162278e-08     1.929407e-36
 3.548135e-08     2.414372e-36
 3.981071e-08     2.996168e-36
 4.466837e-08     3.690644e-36
 5.011870e-08     4.516058e-36
 5.623413e-08     5.493529e-36
 6.309576e-08     6.647444e-36
 7.079456e-08     8.006016e-36
 7.943284e-08     9.601948e-36
 8.912505e-08     1.147306e-35
 1.000000e-07     1.366322e-35
 1.122019e-07     1.622324e-35
 1.258925e-07     1.921195e-35
 1.412538e-07     2.269768e-35
 1.584892e-07     2.675942e-35
 1.778279e-07     3.148896e-35
 1.995263e-07     3.699252e-35
 2.238721e-07     4.339321e-35
 2.511887e-07     5.083387e-35
 2.818382e-07     5.947983e-35
 3.162278e-07     6.952300e-35
 3.548136e-07     8.118556e-35
 3.981071e-07     9.472491e-35
 4.466837e-07     1.104398e-34
 5.011870e-07     1.286759e-34
 5.623413e-07     1.498343e-34
 6.309576e-07     1.743796e-34
 7.079456e-07     2.028498e-34
 7.943284e-07     2.358694e-34
 8.912505e-07     2.741608e-34
 1.000000e-06     3.185624e-34
 1.122019e-06     3.700448e-34
 1.258925e-06     4.297327e-34
 1.412538e-06     4.989310e-34
 1.584893e-06     5.791492e-34
 1.778279e-06     6.721390e-34
 1.995263e-06     7.799294e-34
 2.238721e-06     9.048699e-34
 2.511887e-06     1.049687e-33
 2.818382e-06     1.217534e-33
 3.162278e-06     1.412074e-33
 3.548136e-06     1.637543e-33
 3.981071e-06     1.898852e-33
 4.466837e-06     2.201697e-33
 5.011870e-06     2.552669e-33
 5.623413e-06     2.959417e-33
 6.309576e-06     3.430795e-33
 7.079456e-06     3.977062e-33
 7.943284e-06     4.610120e-33
 8.912505e-06     5.343739e-33
 1.000000e-05     6.193902e-33
 1.122019e-05     7.179110e-33
 1.258925e-05     8.320789e-33
 1.412538e-05     9.643818e-33
 1.584893e-05     1.117696e-32
 1.778279e-05     1.295360e-32
 1.995263e-05     1.501240e-32
 2.238721e-05     1.739815e-32
 2.511887e-05     2.016279e-32
 2.818382e-05     2.336643e-32
 3.162278e-05     2.707884e-32
 3.548135e-05     3.138076e-32
 3.981071e-05     3.636579e-32
 4.466837e-05     4.214244e-32
 5.011870e-05     4.883631e-32
 5.623413e-05     5.659317e-32
 6.309577e-05     6.558176e-32
 7.079457e-05     7.599747e-32
 7.943284e-05     8.806717e-32
 8.912505e-05     1.020532e-31
 1.000000e-04     1.182602e-31
 1.122018e-04     1.370404e-31
 1.258926e-04     1.587735e-31
 1.412538e-04     1.834581e-31
 1.584893e-04     2.118735e-31
 1.778279e-04     2.447813e-31
 1.995262e-04     2.830017e-31
 2.238722e-04     3.274667e-31
 2.511887e-04     3.792587e-31
 2.818383e-04     4.396485e-31
 3.162278e-04     5.101336e-31
 3.548134e-04     5.924811e-31
 3.981073e-04     6.887799e-31
 4.466837e-04     8.015003e-31
 5.011873e-04     9.335671e-31
 5.623413e-04     1.088445e-30
 6.309572e-04     1.270241e-30
 7.079460e-04     1.483830e-30
 7.943284e-04     1.734991e-30
 8.912510e-04     2.030596e-30
 1.000000e-03     2.378806e-30
 1.122018e-03     2.789329e-30
 1.258926e-03     3.273719e-30
 1.412538e-03     3.845716e-30
 1.584893e-03     4.521693e-30
 1.778279e-03     5.321163e-30
 1.995262e-03     6.267385e-30
 2.238722e-03     7.388098e-30
 2.511887e-03     8.716381e-30
 2.818383e-03     1.029174e-29
 3.162278e-03     1.216134e-29
 3.548133e-03     1.438150e-29
 3.981073e-03     1.701956e-29
 4.466837e-03     2.015594e-29
 5.011873e-03     2.388694e-29
 5.623413e-03     2.832785e-29
 6.309573e-03     3.361718e-29
 7.079460e-03     3.992210e-29
 7.943284e-03     4.744567e-29
 8.912510e-03     5.643679e-29
 1.000000e-02     6.720314e-29
 1.122019e-02     8.012739e-29
 1.258925e-02     9.568624e-29
 1.412538e-02     1.144730e-28
 1.584894e-02     1.372196e-28
 1.778279e-02     1.648209e-28
 1.995263e-02     1.983597e-28
 2.238721e-02     2.391294e-28
 2.511887e-02     2.886642e-28
 2.818385e-02     3.487672e-28
 3.162277e-02     4.215485e-28
 3.548136e-02     5.094765e-28
 3.981071e-02     6.154290e-28
 4.466837e-02     7.427789e-28
 5.011876e-02     8.954785e-28
 5.623413e-02     1.078178e-27
 6.309576e-02     1.296372e-27
 7.079456e-02     1.556556e-27
 7.943284e-02     1.866452e-27
 8.912515e-02     2.235228e-27
 1.000000e-01     2.673802e-27
 1.122019e-01     3.195624e-27
 1.258925e-01     3.799803e-27
 1.412538e-01     4.467789e-27
 1.584894e-01     5.187758e-27
 1.778279e-01     5.951184e-27
 1.995263e-01     6.751237e-27
 2.238721e-01     7.582046e-27
 2.511887e-01     8.438510e-27
 2.818385e-01     9.316177e-27
 3.162278e-01     1.021125e-26
 3.548135e-01     1.112059e-26
 3.981071e-01     1.204169e-26
 4.466837e-01     1.297263e-26
 5.011876e-01     1.391202e-26
 5.623413e-01     1.485893e-26
 6.309576e-01     1.581270e-26
 7.079456e-01     1.677329e-26
 7.943284e-01     1.774077e-26
 8.912515e-01     1.871539e-26
 1.000000e+00     1.969749e-26
 1.122019e+00     2.068752e-26
 1.258925e+00     2.168580e-26
 1.412538e+00     2.269268e-26
 1.584894e+00     2.370822e-26
 1.778279e+00     2.473226e-26
 1.995263e+00     2.576420e-26
 2.238721e+00     2.680287e-26
 2.511887e+00     2.784627e-26
 2.818385e+00     2.889120e-26
 3.162278e+00     2.993282e-26
 3.548136e+00     3.096382e-26
 3.981071e+00     3.197349e-26
 4.466837e+00     3.294632e-26
 5.011876e+00     3.386011e-26
 5.623413e+00     3.468402e-26
 6.309576e+00     3.535210e-26
 7.079456e+00     3.552686e-26
 7.943284e+00     3.538435e-26
 8.912516e+00     3.510137e-26
 1.000000e+01     3.482036e-26
 1.122019e+01     3.426997e-26
 1.258925e+01     3.386475e-26
 1.412538e+01     3.352082e-26
 1.584894e+01     3.291823e-26
 1.778279e+01     3.222573e-26
 1.995263e+01     3.125600e-26
 2.238721e+01     2.985138e-26
 2.511887e+01     2.822274e-26
 2.818385e+01     2.632707e-26
 3.162278e+01     2.422404e-26
 3.548135e+01     2.201308e-26
 3.981071e+01     1.980547e-26
 4.466837e+01     1.768875e-26
 5.011876e+01     1.572447e-26
 5.623413e+01     1.396519e-26
 6.309576e+01     1.241961e-26
 7.079456e+01     1.109238e-26
 7.943284e+01     9.956739e-27
 8.912515e+01     8.997279e-27
 1.000000e+02     8.190740e-27
 1.120000e+02     7.525674e-27
 1.250000e+02     6.990429e-27
 1.400000e+02     6.542013e-27
 1.550000e+02     6.216393e-27
 1.650000e+02     6.050808e-27
 1.750000e+02     5.920622e-27
 1.850000e+02     5.828530e-27
 1.900000e+02     5.814735e-27
 1.950000e+02     5.854103e-27
 2.000000e+02     6.008435e-27
 2.050000e+02     6.412485e-27
 2.100000e+02     7.329290e-27
 2.150000e+02     9.287465e-27
 2.180000e+02     1.134709e-26
 2.210000e+02     1.446476e-26
 2.240000e+02     1.912403e-26
 2.260000e+02     2.341455e-26
 2.270000e+02     2.600913e-26
 2.275000e+02     2.743454e-26
 2.278400e+02     2.845656e-26
 2.380000e+02     1.300209e-23
 2.500000e+02     2.924881e-23
 2.700000e+02     4.341802e-23
 2.900000e+02     5.158294e-23
 3.035000e+02     5.576041e-23
 3.037800e+02     6.633756e-23
 3.045000e+02     6.584322e-23
 3.060000e+02     6.505079e-23
 3.080000e+02     6.415927e-23
 3.100000e+02     6.353636e-23
 3.120000e+02     6.302435e-23
 3.150000e+02     6.255717e-23
 3.200000e+02     6.238076e-23
 3.250000e+02     6.271852e-23
 3.300000e+02     6.340927e-23
 3.400000e+02     6.532648e-23
 3.600000e+02     6.988512e-23
 3.800000e+02     7.470181e-23
 4.050000e+02     8.067794e-23
 4.250000e+02     8.549280e-23
 4.500000e+02     9.150338e-23
 4.650000e+02     9.508191e-23
 4.750000e+02     9.750632e-23
 4.820000e+02     9.916883e-23
 4.870000e+02     1.004022e-22
 4.910000e+02     1.013562e-22
 4.950000e+02     1.022854e-22
 4.980000e+02     1.030185e-22
 5.000000e+02     1.035205e-22
 5.020000e+02     1.039731e-22
 5.039800e+02     1.044706e-22
 5.100000e+02     1.116179e-22
 5.250000e+02     1.232480e-22
 5.600000e+02     1.388513e-22
 6.000000e+02     1.521274e-22
 6.500000e+02     1.677087e-22
 7.000000e+02     1.852589e-22
 7.500000e+02     2.067431e-22
 8.000000e+02     2.345800e-22
 8.300000e+02     2.552452e-22
 8.600000e+02     2.801834e-22
 8.800000e+02     2.991476e-22
 8.900000e+02     3.095655e-22
 8.960000e+02     3.160422e-22
 9.000000e+02     3.205520e-22
 9.030000e+02     3.240106e-22
 9.060000e+02     3.275123e-22
 9.090000e+02     3.310484e-22
 9.117800e+02     3.342733e-22
 9.300000e+02     7.782720e-22
 9.500000e+02     1.615539e-21
 9.750000e+02     2.997353e-21
 9.900000e+02     3.680345e-21
 1.005000e+03     4.495024e-21
 1.025000e+03     5.846206e-21
 1.045000e+03     6.990606e-21
 1.065000e+03     8.580294e-21
 1.085000e+03     1.014120e-20
 1.105000e+03     1.166152e-20
 1.125000e+03     1.326190e-20
 1.145000e+03     1.468290e-20
 1.165000e+03     1.626415e-20
 1.185000e+03     1.764394e-20
 1.205000e+03     1.900038e-20
 1.215600e+03     1.960749e-20
 1.215670e+03     2.122695e-20
 1.216000e+03     2.123996e-20
 1.218000e+03     2.131253e-20
 1.221000e+03     2.142007e-20
 1.225000e+03     2.156322e-20
 1.230000e+03     2.174738e-20
 1.240000e+03     2.226857e-20
 1.250000e+03     2.293208e-20
 1.265000e+03     2.409692e-20
 1.285000e+03     2.548938e-20
 1.305000e+03     2.690367e-20
 1.325000e+03     2.832945e-20
 1.345000e+03     2.980510e-20
 1.365000e+03     3.098493e-20
 1.385000e+03     3.224548e-20
 1.405000e+03     3.353918e-20
 1.425000e+03     3.462192e-20
 1.442000e+03     3.547137e-20
 1.455000e+03     3.620242e-20
 1.475000e+03     3.736571e-20
 1.517000e+03     3.933427e-20
 1.595000e+03     4.209851e-20
 1.672000e+03     4.454669e-20
 1.745000e+03     4.648394e-20
 1.825000e+03     4.830938e-20
 1.905000e+03     4.968662e-20
 1.984000e+03     5.065536e-20
 2.065000e+03     5.141804e-20
 2.135000e+03     5.171859e-20
 2.215000e+03     5.200175e-20
 2.295000e+03     5.226842e-20
 2.375000e+03     5.238566e-20
 2.455000e+03     5.261035e-20
 2.525000e+03     5.270623e-20
 2.605000e+03     5.298895e-20
 2.685000e+03     5.341861e-20
 2.765000e+03     5.366141e-20
 2.845000e+03     5.371665e-20
 2.950000e+03     5.403098e-20
 3.110000e+03     5.439003e-20
 3.270000e+03     5.460983e-20
 3.430000e+03     5.471222e-20
 3.590000e+03     5.460417e-20
 3.730000e+03     5.512925e-20
 3.890000e+03     5.815167e-20
 4.050000e+03     6.186636e-20
 4.210000e+03     6.669890e-20
 4.370000e+03     7.063751e-20
 4.530000e+03     7.425097e-20
 4.690000e+03     7.751353e-20
 4.850000e+03     7.965990e-20
 5.010000e+03     8.171450e-20
 5.170000e+03     8.342679e-20
 5.330000e+03     8.505512e-20
 5.490000e+03     8.653594e-20
 5.650000e+03     8.796260e-20
 5.810000e+03     8.938768e-20
 5.970000e+03     9.044419e-20
 6.130000e+03     9.150547e-20
 6.290000e+03     9.241781e-20
 6.450000e+03     9.318978e-20
 6.610000e+03     9.386716e-20
 6.770000e+03     9.458734e-20
 6.930000e+03     9.518751e-20
 7.090000e+03     9.568168e-20
 7.250000e+03     9.612957e-20
 7.410000e+03     9.656758e-20
 7.570000e+03     9.705618e-20
 7.730000e+03     9.759776e-20
 7.890000e+03     9.809325e-20
 8.050000e+03     9.851938e-20
 8.210000e+03     9.895452e-20
 8.370000e+03     9.937623e-20
 8.530000e+03     9.976669e-20
 8.690000e+03     1.001858e-19
 8.850000e+03     1.007747e-19
 9.010000e+03     1.013237e-19
 9.170000e+03     1.018657e-19
 9.330000e+03     1.025156e-19
 9.490000e+03     1.031942e-19
 9.650000e+03     1.037316e-19
 9.810000e+03     1.043053e-19
 9.970000e+03     1.048661e-19
 1.050000e+04     1.061495e-19
 1.150000e+04     1.071144e-19
 1.250000e+04     1.074325e-19
 1.350000e+04     1.074986e-19
 1.450000e+04     1.077048e-19
 1.550000e+04     1.086808e-19
 1.650000e+04     1.092555e-19
 1.750000e+04     1.086681e-19
 1.850000e+04     1.068599e-19
 1.950000e+04     1.040623e-19
 2.050000e+04     1.010452e-19
 2.150000e+04     9.786616e-20
 2.250000e+04     9.448137e-20
 2.350000e+04     9.029739e-20
 2.450000e+04     8.579832e-20
 2.550000e+04     8.219120e-20
 2.650000e+04     7.903714e-20
 2.750000e+04     7.676003e-20
 2.850000e+04     7.498471e-20
 2.950000e+04     7.356009e-20
 3.050000e+04     7.236811e-20
 3.150000e+04     7.134914e-20
 3.250000e+04     7.047452e-20
 3.350000e+04     6.976150e-20
 3.450000e+04     6.925445e-20
 3.550000e+04     6.899960e-20
 3.650000e+04     6.900500e-20
 3.750000e+04     6.930630e-20
 3.850000e+04     7.010560e-20
 3.950000e+04     7.106776e-20
 4.050000e+04     7.162760e-20
 4.150000e+04     7.214592e-20
 4.250000e+04     7.274471e-20
 4.350000e+04     7.344015e-20
 4.450000e+04     7.425176e-20
 4.550000e+04     7.519329e-20
 4.650000e+04     7.626244e-20
 4.750000e+04     7.744058e-20
 4.850000e+04     7.870320e-20
 4.950000e+04     8.004199e-20
 5.050000e+04     8.148582e-20
 5.150000e+04     8.308511e-20
 5.250000e+04     8.486193e-20
 5.350000e+04     8.685407e-20
 5.450000e+04     8.921568e-20
 5.550000e+04     9.209730e-20
 5.650000e+04     9.573707e-20
 5.750000e+04     9.985812e-20
 5.850000e+04     1.039286e-19
 5.950000e+04     1.078020e-19
 6.050000e+04     1.126189e-19
 6.150000e+04     1.196223e-19
 6.250000e+04     1.338965e-19
 6.350000e+04     1.444559e-19
 6.450000e+04     1.501786e-19
 6.550000e+04     1.547093e-19
 6.650010e+04     1.590371e-19
 6.750010e+04     1.637754e-19
 6.850010e+04     1.685710e-19
 6.950010e+04     1.742563e-19
 7.020000e+04     1.795700e-19
 7.100000e+04     1.849800e-19
 7.180000e+04     1.897723e-19
 7.260000e+04     1.944484e-19
 7.340000e+04     2.001644e-19
 7.420000e+04     2.084594e-19
 7.500000e+04     2.202225e-19
 7.580000e+04     2.351921e-19
 7.660000e+04     2.523952e-19
 7.740000e+04     2.693060e-19
 7.820000e+04     2.855481e-19
 7.900000e+04     3.006553e-19
 7.980000e+04     3.130804e-19
 8.060000e+04     3.230991e-19
 8.140000e+04     3.308827e-19
 8.220000e+04     3.374678e-19
 8.300000e+04     3.431937e-19
 8.380000e+04     3.483660e-19
 8.460000e+04     3.532719e-19
 8.540000e+04     3.583003e-19
 8.620000e+04     3.632152e-19
 8.700000e+04     3.668665e-19
 8.780000e+04     3.681211e-19
 8.860000e+04     3.671043e-19
 8.940000e+04     3.647629e-19
 9.020000e+04     3.608566e-19
 9.100000e+04     3.563968e-19
 9.180000e+04     3.517575e-19
 9.260000e+04     3.470153e-19
 9.340000e+04     3.424336e-19
 9.420000e+04     3.381703e-19
 9.500000e+04     3.343421e-19
 9.580000e+04     3.308512e-19
 9.660000e+04     3.277627e-19
 9.740000e+04     3.246969e-19
 9.820000e+04     3.209964e-19
 9.900000e+04     3.166540e-19
 9.980000e+04     3.118954e-19
 1.006000e+05     3.067502e-19
 1.020000e+05     2.976633e-19
 1.040000e+05     2.856670e-19
 1.060000e+05     2.779007e-19
 1.080000e+05     2.721096e-19
 1.100000e+05     2.670549e-19
 1.120000e+05     2.703360e-19
 1.140000e+05     2.853955e-19
 1.160000e+05     2.925795e-19
 1.180000e+05     2.983626e-19
 1.200000e+05     3.063676e-19
 1.220000e+05     3.163875e-19
 1.240000e+05     3.288456e-19
 1.260000e+05     3.433232e-19
 1.280000e+05     3.645009e-19
 1.300000e+05     3.830585e-19
 1.320000e+05     3.872208e-19
 1.340000e+05     3.935802e-19
 1.360000e+05     4.008957e-19
 1.380000e+05     4.087213e-19
 1.400000e+05     4.153747e-19
 1.420000e+05     4.202468e-19
 1.440000e+05     4.224553e-19
 1.460000e+05     4.221767e-19
 1.480000e+05     4.206967e-19
 1.500000e+05     4.188171e-19
 1.520000e+05     4.176713e-19
 1.540000e+05     4.174381e-19
 1.560000e+05     4.195134e-19
 1.580000e+05     4.206707e-19
 1.600000e+05     4.200142e-19
 1.620000e+05     4.197311e-19
 1.640000e+05     4.212466e-19
 1.660000e+05     4.255786e-19
 1.680000e+05     4.290869e-19
 1.700000e+05     4.349497e-19
 1.720000e+05     4.434950e-19
 1.740000e+05     4.493888e-19
 1.760000e+05     4.554261e-19
 1.780000e+05     4.599905e-19
 1.800000e+05     4.652754e-19
 1.820000e+05     4.696770e-19
 1.840000e+05     4.745581e-19
 1.860000e+05     4.804927e-19
 1.880000e+05     4.912473e-19
 1.900000e+05     4.989905e-19
 1.920000e+05     5.060987e-19
 1.940000e+05     5.141570e-19
 1.960000e+05     5.225737e-19
 1.980000e+05     5.319735e-19
 2.000000e+05     5.416783e-19
 2.020000e+05     5.525079e-19
 2.040000e+05     5.641645e-19
 2.060000e+05     5.760201e-19
 2.080000e+05     5.877518e-19
 2.100000e+05     6.012592e-19
 2.120000e+05     6.142333e-19
 2.140000e+05     6.269351e-19
 2.160000e+05     6.412332e-19
 2.180000e+05     6.556592e-19
 2.200000e+05     6.685530e-19
 2.220000e+05     6.821104e-19
 2.240000e+05     6.975266e-19
 2.260000e+05     7.125191e-19
 2.280000e+05     7.269910e-19
 2.300000e+05     7.430924e-19
 2.320000e+05     7.608284e-19
 2.340000e+05     7.784385e-19
 2.360000e+05     7.953238e-19
 2.380000e+05     8.132434e-19
 2.400000e+05     8.327185e-19
 2.420000e+05     8.522794e-19
 2.440000e+05     8.711649e-19
 2.460000e+05     8.909521e-19
 2.480000e+05     9.122861e-19
 2.500000e+05     9.339451e-19
 2.520000e+05     9.549483e-19
 2.540000e+05     9.760242e-19
 2.560000e+05     9.989229e-19
 2.580000e+05     1.023945e-18
 2.600000e+05     1.049989e-18
 2.620000e+05     1.075275e-18
 2.640000e+05     1.100296e-18
 2.660000e+05     1.126743e-18
 2.680000e+05     1.154789e-18
 2.700000e+05     1.183241e-18
 2.720000e+05     1.211238e-18
 2.740000e+05     1.238608e-18
 2.760000e+05     1.266939e-18
 2.780000e+05     1.297253e-18
 2.800000e+05     1.329055e-18
 2.820000e+05     1.361348e-18
 2.840000e+05     1.392615e-18
 2.860000e+05     1.423040e-18
 2.880000e+05     1.453727e-18
 2.900000e+05     1.486560e-18
 2.920000e+05     1.519645e-18
 2.940000e+05     1.553361e-18
 2.960000e+05     1.587498e-18
 2.980000e+05     1.621611e-18
 3.000000e+05     1.654831e-18
 3.020000e+05     1.689591e-18
 3.040000e+05     1.725214e-18
 3.060000e+05     1.760732e-18
 3.080000e+05     1.796921e-18
 3.100000e+05     1.833095e-18
 3.120000e+05     1.868185e-18
 3.140000e+05     1.904310e-18
 3.160000e+05     1.942483e-18
 3.180000e+05     1.980713e-18
 3.200000e+05     2.020062e-18
 3.220000e+05     2.061118e-18
 3.240000e+05     2.102059e-18
 3.260000e+05     2.143361e-18
 3.280000e+05     2.184584e-18
 3.300000e+05     2.226031e-18
 3.320000e+05     2.268110e-18
 3.340000e+05     2.318576e-18
 3.360000e+05     2.372661e-18
 3.380000e+05     2.421909e-18
 3.400000e+05     2.465557e-18
 3.420000e+05     2.507669e-18
 3.440000e+05     2.551621e-18
 3.460000e+05     2.598387e-18
 3.480000e+05     2.652858e-18
 3.500000e+05     2.710621e-18
 3.520000e+05     2.759813e-18
 3.540000e+05     2.804984e-18
 3.560000e+05     2.848225e-18
 3.580000e+05     2.889094e-18
 3.600000e+05     2.932815e-18
 3.620000e+05     2.976375e-18
 3.640000e+05     3.018553e-18
 3.660000e+05     3.060470e-18
 3.680000e+05     3.101936e-18
 3.700000e+05     3.145053e-18
 3.720000e+05     3.188043e-18
 3.740000e+05     3.231094e-18
 3.760000e+05     3.274658e-18
 3.780000e+05     3.318685e-18
 3.800000e+05     3.362919e-18
 3.820000e+05     3.407778e-18
 3.840000e+05     3.453048e-18
 3.860000e+05     3.498604e-18
 3.880000e+05     3.544709e-18
 3.900000e+05     3.591200e-18
 3.920000e+05     3.637919e-18
 4.320000e+05     4.660113e-18
 4.760000e+05     5.845455e-18
 5.250000e+05     7.179715e-18
 5.790000e+05     8.601565e-18
 6.390000e+05     1.006731e-17
 7.040000e+05     1.138334e-17
 7.760000e+05     1.247123e-17
 8.560000e+05     1.330276e-17
 9.430000e+05     1.388202e-17
 1.040000e+06     1.427160e-17
 1.147000e+06     1.451313e-17
 1.264000e+06     1.463950e-17
 1.394000e+06     1.466830e-17
 1.537000e+06     1.458326e-17
 1.694000e+06     1.434916e-17
 1.868000e+06     1.392704e-17
 2.059000e+06     1.329390e-17
 2.270000e+06     1.244406e-17
 2.503000e+06     1.140218e-17
 2.760000e+06     1.021709e-17
 3.043000e+06     8.953085e-18
 3.354000e+06     7.677287e-18
 3.698000e+06     6.440229e-18
 4.077000e+06     5.293907e-18
 4.495000e+06     4.268332e-18
 4.956000e+06     3.379941e-18
 5.464000e+06     2.632716e-18
 6.024000e+06     2.019798e-18
 6.641000e+06     1.528592e-18
 7.322000e+06     1.142306e-18
 8.073000e+06     8.443976e-19
 8.900000e+06     6.187121e-19
 9.813000e+06     4.499845e-19
 1.082000e+07     3.259641e-19
 1.193000e+07     2.361372e-19
 1.315000e+07     1.719168e-19
 1.450000e+07     1.260937e-19
 1.598000e+07     9.389926e-20
 1.762000e+07     7.118834e-20
 1.943000e+07     5.536335e-20
 2.142000e+07     4.446799e-20
 2.362000e+07     3.701209e-20
 2.604000e+07     3.202205e-20
 2.871000e+07     2.877400e-20
 3.165000e+07     2.677523e-20
 3.489000e+07     2.567109e-20
 3.847000e+07     2.522110e-20
 4.241000e+07     2.525758e-20
 4.676000e+07     2.566117e-20
 5.155000e+07     2.634605e-20
 5.683000e+07     2.725464e-20
 6.266000e+07     2.835074e-20
 6.908000e+07     2.960766e-20
 7.616000e+07     3.099955e-20
 8.397000e+07     3.252318e-20
 9.258000e+07     3.417038e-20
 1.020700e+08     3.592813e-20
 1.125300e+08     3.780020e-20
 1.240600e+08     3.979387e-20
 1.367800e+08     4.191070e-20
 1.508000e+08     4.414335e-20
 1.662500e+08     4.650443e-20
 1.833000e+08     4.900248e-20
 2.020800e+08     5.164225e-20
 2.228000e+08     5.443291e-20
 2.456300e+08     5.737596e-20
 2.708100e+08     6.048332e-20
 2.985700e+08     6.377075e-20
 3.291700e+08     6.723915e-20
 3.629100e+08     7.090459e-20
 4.001100e+08     7.477661e-20
 4.411200e+08     7.886236e-20
 4.863400e+08     8.317547e-20
 5.361900e+08     8.773467e-20
 5.911500e+08     9.255195e-20
 6.517400e+08     9.764292e-20
 7.185400e+08     1.030160e-19
 7.921900e+08     1.086948e-19
 8.733900e+08     1.146935e-19
 9.629200e+08     1.210413e-19
 1.000000e+09     1.235939e-19
