## EBL from Khaire & Srianand 2018; Q19 Model with alpha=-1.9 
## Column1:wavelength (Angstrom);  Column2:EBL specific intensity J_nu (erg/s/cm^2/Hz/Sr)
## ===========================================================================================
 1.000000e-08     2.074497e-41
 1.122019e-08     3.016895e-41
 1.258925e-08     4.300511e-41
 1.412538e-08     5.998597e-41
 1.584893e-08     8.201326e-41
 1.778279e-08     1.101355e-40
 1.995263e-08     1.455523e-40
 2.238721e-08     1.896317e-40
 2.511887e-08     2.439364e-40
 2.818382e-08     3.102516e-40
 3.162278e-08     3.906248e-40
 3.548135e-08     4.874044e-40
 3.981071e-08     6.032920e-40
 4.466837e-08     7.414032e-40
 5.011870e-08     9.053291e-40
 5.623413e-08     1.099225e-39
 6.309576e-08     1.327892e-39
 7.079456e-08     1.596883e-39
 7.943284e-08     1.912640e-39
 8.912505e-08     2.282610e-39
 1.000000e-07     2.715436e-39
 1.122019e-07     3.221120e-39
 1.258925e-07     3.811259e-39
 1.412538e-07     4.499306e-39
 1.584892e-07     5.300825e-39
 1.778279e-07     6.233898e-39
 1.995263e-07     7.319449e-39
 2.238721e-07     8.581727e-39
 2.511887e-07     1.004887e-38
 2.818382e-07     1.175345e-38
 3.162278e-07     1.373327e-38
 3.548136e-07     1.603209e-38
 3.981071e-07     1.870061e-38
 4.466837e-07     2.179770e-38
 5.011870e-07     2.539141e-38
 5.623413e-07     2.956081e-38
 6.309576e-07     3.439736e-38
 7.079456e-07     4.000706e-38
 7.943284e-07     4.651290e-38
 8.912505e-07     5.405718e-38
 1.000000e-06     6.280509e-38
 1.122019e-06     7.294779e-38
 1.258925e-06     8.470677e-38
 1.412538e-06     9.833912e-38
 1.584893e-06     1.141422e-37
 1.778279e-06     1.324609e-37
 1.995263e-06     1.536951e-37
 2.238721e-06     1.783074e-37
 2.511887e-06     2.068349e-37
 2.818382e-06     2.398990e-37
 3.162278e-06     2.782208e-37
 3.548136e-06     3.226350e-37
 3.981071e-06     3.741086e-37
 4.466837e-06     4.337638e-37
 5.011870e-06     5.028989e-37
 5.623413e-06     5.830204e-37
 6.309576e-06     6.758725e-37
 7.079456e-06     7.834758e-37
 7.943284e-06     9.081750e-37
 8.912505e-06     1.052682e-36
 1.000000e-05     1.220145e-36
 1.122019e-05     1.414209e-36
 1.258925e-05     1.639093e-36
 1.412538e-05     1.899698e-36
 1.584893e-05     2.201691e-36
 1.778279e-05     2.551646e-36
 1.995263e-05     2.957181e-36
 2.238721e-05     3.427114e-36
 2.511887e-05     3.971677e-36
 2.818382e-05     4.602715e-36
 3.162278e-05     5.333967e-36
 3.548135e-05     6.181338e-36
 3.981071e-05     7.163259e-36
 4.466837e-05     8.301112e-36
 5.011870e-05     9.619633e-36
 5.623413e-05     1.114753e-35
 6.309577e-05     1.291805e-35
 7.079457e-05     1.496968e-35
 7.943284e-05     1.734710e-35
 8.912505e-05     2.010198e-35
 1.000000e-04     2.329433e-35
 1.122018e-04     2.699353e-35
 1.258926e-04     3.127339e-35
 1.412538e-04     3.610915e-35
 1.584893e-04     4.169033e-35
 1.778279e-04     4.816783e-35
 1.995262e-04     5.569997e-35
 2.238722e-04     6.446841e-35
 2.511887e-04     7.468608e-35
 2.818383e-04     8.660409e-35
 3.162278e-04     1.005188e-34
 3.548134e-04     1.167804e-34
 3.981073e-04     1.358029e-34
 4.466837e-04     1.580760e-34
 5.011873e-04     1.841796e-34
 5.623413e-04     2.148012e-34
 6.309572e-04     2.507555e-34
 7.079460e-04     2.930096e-34
 7.943284e-04     3.427109e-34
 8.912510e-04     4.012232e-34
 1.000000e-03     4.701673e-34
 1.122018e-03     5.514707e-34
 1.258926e-03     6.474286e-34
 1.412538e-03     7.607702e-34
 1.584893e-03     8.947491e-34
 1.778279e-03     1.053243e-33
 1.995262e-03     1.240874e-33
 2.238722e-03     1.463155e-33
 2.511887e-03     1.726664e-33
 2.818383e-03     2.039256e-33
 3.162278e-03     2.410308e-33
 3.548133e-03     2.851021e-33
 3.981073e-03     3.374789e-33
 4.466837e-03     3.997613e-33
 5.011873e-03     4.738644e-33
 5.623413e-03     5.620835e-33
 6.309573e-03     6.671777e-33
 7.079460e-03     7.924808e-33
 7.943284e-03     9.420507e-33
 8.912510e-03     1.120874e-32
 1.000000e-02     1.335129e-32
 1.122019e-02     1.592519e-32
 1.258925e-02     1.902644e-32
 1.412538e-02     2.277453e-32
 1.584894e-02     2.731656e-32
 1.778279e-02     3.283193e-32
 1.995263e-02     3.953698e-32
 2.238721e-02     4.768929e-32
 2.511887e-02     5.759335e-32
 2.818385e-02     6.960621e-32
 3.162277e-02     8.414494e-32
 3.548136e-02     1.016970e-31
 3.981071e-02     1.228306e-31
 4.466837e-02     1.482119e-31
 5.011876e-02     1.786223e-31
 5.623413e-02     2.149819e-31
 6.309576e-02     2.583793e-31
 7.079456e-02     3.101027e-31
 7.943284e-02     3.716839e-31
 8.912515e-02     4.449438e-31
 1.000000e-01     5.320511e-31
 1.122019e-01     6.356935e-31
 1.258925e-01     7.549020e-31
 1.412538e-01     8.848462e-31
 1.584894e-01     1.023471e-30
 1.778279e-01     1.169483e-30
 1.995263e-01     1.321801e-30
 2.238721e-01     1.479437e-30
 2.511887e-01     1.641508e-30
 2.818385e-01     1.807233e-30
 3.162278e-01     1.975950e-30
 3.548135e-01     2.147122e-30
 3.981071e-01     2.320322e-30
 4.466837e-01     2.495234e-30
 5.011876e-01     2.671636e-30
 5.623413e-01     2.849389e-30
 6.309576e-01     3.027706e-30
 7.079456e-01     3.207429e-30
 7.943284e-01     3.388280e-30
 8.912515e-01     3.570115e-30
 1.000000e+00     3.752783e-30
 1.122019e+00     3.936039e-30
 1.258925e+00     4.119457e-30
 1.412538e+00     4.302340e-30
 1.584894e+00     4.483558e-30
 1.778279e+00     4.661360e-30
 1.995263e+00     4.833082e-30
 2.238721e+00     4.994746e-30
 2.511887e+00     5.140548e-30
 2.818385e+00     5.262226e-30
 3.162278e+00     5.348422e-30
 3.548136e+00     5.384263e-30
 3.981071e+00     5.351639e-30
 4.466837e+00     5.230903e-30
 5.011876e+00     5.004758e-30
 5.623413e+00     4.664352e-30
 6.309576e+00     4.206049e-30
 7.079456e+00     3.629759e-30
 7.943284e+00     3.027397e-30
 8.912516e+00     2.468231e-30
 1.000000e+01     1.979252e-30
 1.122019e+01     1.571468e-30
 1.258925e+01     1.243259e-30
 1.412538e+01     9.847919e-31
 1.584894e+01     7.841405e-31
 1.778279e+01     6.291498e-31
 1.995263e+01     5.093912e-31
 2.238721e+01     4.163312e-31
 2.511887e+01     3.435798e-31
 2.818385e+01     2.861359e-31
 3.162278e+01     2.402583e-31
 3.548135e+01     2.032498e-31
 3.981071e+01     1.731173e-31
 4.466837e+01     1.483490e-31
 5.011876e+01     1.278298e-31
 5.623413e+01     1.107225e-31
 6.309576e+01     9.638814e-32
 7.079456e+01     8.433224e-32
 7.943284e+01     7.413180e-32
 8.912515e+01     6.549874e-32
 1.000000e+02     5.817988e-32
 1.120000e+02     5.206103e-32
 1.250000e+02     4.700291e-32
 1.400000e+02     4.256607e-32
 1.550000e+02     3.917498e-32
 1.650000e+02     3.734511e-32
 1.750000e+02     3.581681e-32
 1.850000e+02     3.460484e-32
 1.900000e+02     3.428105e-32
 1.950000e+02     3.440289e-32
 2.000000e+02     3.547870e-32
 2.050000e+02     3.857791e-32
 2.100000e+02     4.585640e-32
 2.150000e+02     6.149681e-32
 2.180000e+02     7.793059e-32
 2.210000e+02     1.027403e-31
 2.240000e+02     1.396964e-31
 2.260000e+02     1.736126e-31
 2.270000e+02     1.940805e-31
 2.275000e+02     2.053174e-31
 2.278400e+02     2.133680e-31
 2.380000e+02     3.549775e-24
 2.500000e+02     3.791998e-24
 2.700000e+02     3.986671e-24
 2.900000e+02     4.171955e-24
 3.035000e+02     4.292269e-24
 3.037800e+02     4.297045e-24
 3.045000e+02     4.302311e-24
 3.060000e+02     4.314668e-24
 3.080000e+02     4.331818e-24
 3.100000e+02     4.348943e-24
 3.120000e+02     4.366229e-24
 3.150000e+02     4.391890e-24
 3.200000e+02     4.434475e-24
 3.250000e+02     4.476409e-24
 3.300000e+02     4.517982e-24
 3.400000e+02     4.599496e-24
 3.600000e+02     4.757369e-24
 3.800000e+02     4.908224e-24
 4.050000e+02     5.088464e-24
 4.250000e+02     5.227136e-24
 4.500000e+02     5.393168e-24
 4.650000e+02     5.492460e-24
 4.750000e+02     5.557375e-24
 4.820000e+02     5.602165e-24
 4.870000e+02     5.633660e-24
 4.910000e+02     5.658667e-24
 4.950000e+02     5.683892e-24
 4.980000e+02     5.702461e-24
 5.000000e+02     5.714817e-24
 5.020000e+02     5.727806e-24
 5.039800e+02     5.741149e-24
 5.100000e+02     7.925926e-24
 5.250000e+02     8.069083e-24
 5.600000e+02     8.270364e-24
 6.000000e+02     8.523607e-24
 6.500000e+02     8.969833e-24
 7.000000e+02     9.639072e-24
 7.500000e+02     1.069521e-23
 8.000000e+02     1.224956e-23
 8.300000e+02     1.351051e-23
 8.600000e+02     1.505911e-23
 8.800000e+02     1.626790e-23
 8.900000e+02     1.692935e-23
 8.960000e+02     1.734473e-23
 9.000000e+02     1.763050e-23
 9.030000e+02     1.784853e-23
 9.060000e+02     1.807030e-23
 9.090000e+02     1.829588e-23
 9.117800e+02     1.850830e-23
 9.300000e+02     7.396367e-22
 9.500000e+02     2.035185e-21
 9.750000e+02     4.096663e-21
 9.900000e+02     5.164927e-21
 1.005000e+03     6.234345e-21
 1.025000e+03     8.016361e-21
 1.045000e+03     9.407356e-21
 1.065000e+03     1.115234e-20
 1.085000e+03     1.295372e-20
 1.105000e+03     1.453151e-20
 1.125000e+03     1.612243e-20
 1.145000e+03     1.745085e-20
 1.165000e+03     1.893844e-20
 1.185000e+03     2.007076e-20
 1.205000e+03     2.121964e-20
 1.215600e+03     2.171058e-20
 1.215670e+03     2.626032e-20
 1.216000e+03     2.625024e-20
 1.218000e+03     2.618037e-20
 1.221000e+03     2.606413e-20
 1.225000e+03     2.590738e-20
 1.230000e+03     2.588885e-20
 1.240000e+03     2.627924e-20
 1.250000e+03     2.665559e-20
 1.265000e+03     2.787200e-20
 1.285000e+03     2.889861e-20
 1.305000e+03     2.983247e-20
 1.325000e+03     3.069342e-20
 1.345000e+03     3.152324e-20
 1.365000e+03     3.241485e-20
 1.385000e+03     3.322303e-20
 1.405000e+03     3.377487e-20
 1.425000e+03     3.428961e-20
 1.442000e+03     3.486708e-20
 1.455000e+03     3.525237e-20
 1.475000e+03     3.549940e-20
 1.517000e+03     3.601547e-20
 1.595000e+03     3.605410e-20
 1.672000e+03     3.631338e-20
 1.745000e+03     3.615568e-20
 1.825000e+03     3.591787e-20
 1.905000e+03     3.426290e-20
 1.984000e+03     3.399675e-20
 2.065000e+03     3.363177e-20
 2.135000e+03     3.320984e-20
 2.215000e+03     3.275484e-20
 2.295000e+03     3.227580e-20
 2.375000e+03     3.177955e-20
 2.455000e+03     3.135331e-20
 2.525000e+03     3.091889e-20
 2.605000e+03     3.056100e-20
 2.685000e+03     3.034675e-20
 2.765000e+03     3.002853e-20
 2.845000e+03     2.966307e-20
 2.950000e+03     2.933115e-20
 3.110000e+03     2.885877e-20
 3.270000e+03     2.834356e-20
 3.430000e+03     2.783586e-20
 3.590000e+03     2.735792e-20
 3.730000e+03     2.726590e-20
 3.890000e+03     2.847542e-20
 4.050000e+03     2.974494e-20
 4.210000e+03     3.152462e-20
 4.370000e+03     3.296346e-20
 4.530000e+03     3.430052e-20
 4.690000e+03     3.545678e-20
 4.850000e+03     3.610882e-20
 5.010000e+03     3.666824e-20
 5.170000e+03     3.706958e-20
 5.330000e+03     3.740376e-20
 5.490000e+03     3.766859e-20
 5.650000e+03     3.790842e-20
 5.810000e+03     3.812749e-20
 5.970000e+03     3.816426e-20
 6.130000e+03     3.820411e-20
 6.290000e+03     3.817986e-20
 6.450000e+03     3.811267e-20
 6.610000e+03     3.802830e-20
 6.770000e+03     3.798026e-20
 6.930000e+03     3.791247e-20
 7.090000e+03     3.782153e-20
 7.250000e+03     3.773947e-20
 7.410000e+03     3.768751e-20
 7.570000e+03     3.768921e-20
 7.730000e+03     3.773692e-20
 7.890000e+03     3.778042e-20
 8.050000e+03     3.779956e-20
 8.210000e+03     3.784407e-20
 8.370000e+03     3.788947e-20
 8.530000e+03     3.793312e-20
 8.690000e+03     3.801293e-20
 8.850000e+03     3.818628e-20
 9.010000e+03     3.832055e-20
 9.170000e+03     3.845333e-20
 9.330000e+03     3.866300e-20
 9.490000e+03     3.886826e-20
 9.650000e+03     3.902515e-20
 9.810000e+03     3.917444e-20
 9.970000e+03     3.935974e-20
 1.050000e+04     3.967041e-20
 1.150000e+04     3.969641e-20
 1.250000e+04     3.948668e-20
 1.350000e+04     3.921510e-20
 1.450000e+04     3.907744e-20
 1.550000e+04     3.936459e-20
 1.650000e+04     3.931862e-20
 1.750000e+04     3.884203e-20
 1.850000e+04     3.811908e-20
 1.950000e+04     3.725460e-20
 2.050000e+04     3.634346e-20
 2.150000e+04     3.545524e-20
 2.250000e+04     3.464195e-20
 2.350000e+04     3.394630e-20
 2.450000e+04     3.340424e-20
 2.550000e+04     3.304755e-20
 2.650000e+04     3.290141e-20
 2.750000e+04     3.298157e-20
 2.850000e+04     3.329556e-20
 2.950000e+04     3.384557e-20
 3.050000e+04     3.463106e-20
 3.150000e+04     3.545867e-20
 3.250000e+04     3.620763e-20
 3.350000e+04     3.701115e-20
 3.450000e+04     3.786827e-20
 3.550000e+04     3.876071e-20
 3.650000e+04     3.968468e-20
 3.750000e+04     4.062390e-20
 3.850000e+04     4.155677e-20
 3.950000e+04     4.249160e-20
 4.050000e+04     4.343680e-20
 4.150000e+04     4.438910e-20
 4.250000e+04     4.534359e-20
 4.350000e+04     4.629795e-20
 4.450000e+04     4.724782e-20
 4.550000e+04     4.819045e-20
 4.650000e+04     4.912478e-20
 4.750000e+04     5.005085e-20
 4.850000e+04     5.096832e-20
 4.950000e+04     5.187777e-20
 5.050000e+04     5.278154e-20
 5.150000e+04     5.368343e-20
 5.250000e+04     5.458663e-20
 5.350000e+04     5.547646e-20
 5.450000e+04     5.611024e-20
 5.550000e+04     5.692833e-20
 5.650000e+04     5.785827e-20
 5.750000e+04     5.906515e-20
 5.850000e+04     5.990143e-20
 5.950000e+04     6.066549e-20
 6.050000e+04     6.214227e-20
 6.150000e+04     6.674804e-20
 6.250000e+04     7.554365e-20
 6.350000e+04     8.018170e-20
 6.450000e+04     8.106073e-20
 6.550000e+04     8.133834e-20
 6.650010e+04     8.175854e-20
 6.750010e+04     8.238838e-20
 6.850010e+04     8.285774e-20
 6.950010e+04     8.402758e-20
 7.020000e+04     8.565364e-20
 7.100000e+04     8.662505e-20
 7.180000e+04     8.776045e-20
 7.260000e+04     8.965418e-20
 7.340000e+04     9.238140e-20
 7.420000e+04     9.617952e-20
 7.500000e+04     1.014455e-19
 7.580000e+04     1.086819e-19
 7.660000e+04     1.166335e-19
 7.740000e+04     1.236595e-19
 7.820000e+04     1.297116e-19
 7.900000e+04     1.348896e-19
 7.980000e+04     1.387417e-19
 8.060000e+04     1.409441e-19
 8.140000e+04     1.419867e-19
 8.220000e+04     1.420993e-19
 8.300000e+04     1.419814e-19
 8.380000e+04     1.418093e-19
 8.460000e+04     1.416923e-19
 8.540000e+04     1.419416e-19
 8.620000e+04     1.428298e-19
 8.700000e+04     1.437486e-19
 8.780000e+04     1.435316e-19
 8.860000e+04     1.421400e-19
 8.940000e+04     1.400187e-19
 9.020000e+04     1.374946e-19
 9.100000e+04     1.346675e-19
 9.180000e+04     1.316942e-19
 9.260000e+04     1.287452e-19
 9.340000e+04     1.258328e-19
 9.420000e+04     1.229411e-19
 9.500000e+04     1.200770e-19
 9.580000e+04     1.173511e-19
 9.660000e+04     1.151691e-19
 9.740000e+04     1.131392e-19
 9.820000e+04     1.107417e-19
 9.900000e+04     1.082518e-19
 9.980000e+04     1.060970e-19
 1.006000e+05     1.039988e-19
 1.020000e+05     1.007682e-19
 1.040000e+05     9.689621e-20
 1.060000e+05     9.470511e-20
 1.080000e+05     9.330468e-20
 1.100000e+05     9.296185e-20
 1.120000e+05     1.003538e-19
 1.140000e+05     1.158340e-19
 1.160000e+05     1.190000e-19
 1.180000e+05     1.180952e-19
 1.200000e+05     1.177728e-19
 1.220000e+05     1.185873e-19
 1.240000e+05     1.185605e-19
 1.260000e+05     1.210468e-19
 1.280000e+05     1.276262e-19
 1.300000e+05     1.310869e-19
 1.320000e+05     1.272449e-19
 1.340000e+05     1.253648e-19
 1.360000e+05     1.232188e-19
 1.380000e+05     1.209252e-19
 1.400000e+05     1.185493e-19
 1.420000e+05     1.169708e-19
 1.440000e+05     1.153458e-19
 1.460000e+05     1.128501e-19
 1.480000e+05     1.105261e-19
 1.500000e+05     1.086188e-19
 1.520000e+05     1.069326e-19
 1.540000e+05     1.054473e-19
 1.560000e+05     1.063579e-19
 1.580000e+05     1.067321e-19
 1.600000e+05     1.057429e-19
 1.620000e+05     1.061420e-19
 1.640000e+05     1.075874e-19
 1.660000e+05     1.108424e-19
 1.680000e+05     1.125934e-19
 1.700000e+05     1.160571e-19
 1.720000e+05     1.198561e-19
 1.740000e+05     1.215279e-19
 1.760000e+05     1.226706e-19
 1.780000e+05     1.225118e-19
 1.800000e+05     1.224635e-19
 1.820000e+05     1.216421e-19
 1.840000e+05     1.211760e-19
 1.860000e+05     1.210984e-19
 1.880000e+05     1.244200e-19
 1.900000e+05     1.252499e-19
 1.920000e+05     1.246051e-19
 1.940000e+05     1.245252e-19
 1.960000e+05     1.237729e-19
 1.980000e+05     1.234017e-19
 2.000000e+05     1.228969e-19
 2.020000e+05     1.230318e-19
 2.040000e+05     1.232357e-19
 2.060000e+05     1.234541e-19
 2.080000e+05     1.238047e-19
 2.100000e+05     1.243657e-19
 2.120000e+05     1.251601e-19
 2.140000e+05     1.259173e-19
 2.160000e+05     1.267497e-19
 2.180000e+05     1.277115e-19
 2.200000e+05     1.287934e-19
 2.220000e+05     1.299839e-19
 2.240000e+05     1.311936e-19
 2.260000e+05     1.324305e-19
 2.280000e+05     1.337899e-19
 2.300000e+05     1.352461e-19
 2.320000e+05     1.367536e-19
 2.340000e+05     1.382541e-19
 2.360000e+05     1.398001e-19
 2.380000e+05     1.414318e-19
 2.400000e+05     1.430990e-19
 2.420000e+05     1.447555e-19
 2.440000e+05     1.464250e-19
 2.460000e+05     1.481647e-19
 2.480000e+05     1.499651e-19
 2.500000e+05     1.517771e-19
 2.520000e+05     1.535848e-19
 2.540000e+05     1.554069e-19
 2.560000e+05     1.573308e-19
 2.580000e+05     1.596541e-19
 2.600000e+05     1.624827e-19
 2.620000e+05     1.649426e-19
 2.640000e+05     1.668654e-19
 2.660000e+05     1.688065e-19
 2.680000e+05     1.709262e-19
 2.700000e+05     1.730245e-19
 2.720000e+05     1.752075e-19
 2.740000e+05     1.774813e-19
 2.760000e+05     1.798041e-19
 2.780000e+05     1.822446e-19
 2.800000e+05     1.848394e-19
 2.820000e+05     1.877932e-19
 2.840000e+05     1.908108e-19
 2.860000e+05     1.935099e-19
 2.880000e+05     1.960993e-19
 2.900000e+05     1.988383e-19
 2.920000e+05     2.016512e-19
 2.940000e+05     2.044737e-19
 2.960000e+05     2.074152e-19
 2.980000e+05     2.103814e-19
 3.000000e+05     2.133723e-19
 3.020000e+05     2.164987e-19
 3.040000e+05     2.197362e-19
 3.060000e+05     2.230349e-19
 3.080000e+05     2.264052e-19
 3.100000e+05     2.298315e-19
 3.120000e+05     2.333089e-19
 3.140000e+05     2.368674e-19
 3.160000e+05     2.405707e-19
 3.180000e+05     2.443751e-19
 3.200000e+05     2.482781e-19
 3.220000e+05     2.523376e-19
 3.240000e+05     2.565405e-19
 3.260000e+05     2.609149e-19
 3.280000e+05     2.654750e-19
 3.300000e+05     2.702343e-19
 3.320000e+05     2.753433e-19
 3.340000e+05     2.826979e-19
 3.360000e+05     2.931259e-19
 3.380000e+05     3.004322e-19
 3.400000e+05     3.051887e-19
 3.420000e+05     3.089589e-19
 3.440000e+05     3.130083e-19
 3.460000e+05     3.186879e-19
 3.480000e+05     3.289665e-19
 3.500000e+05     3.415948e-19
 3.520000e+05     3.484101e-19
 3.540000e+05     3.530072e-19
 3.560000e+05     3.556267e-19
 3.580000e+05     3.599613e-19
 3.600000e+05     3.652390e-19
 3.620000e+05     3.692971e-19
 3.640000e+05     3.733542e-19
 3.660000e+05     3.783439e-19
 3.680000e+05     3.830600e-19
 3.700000e+05     3.872624e-19
 3.720000e+05     3.918630e-19
 3.740000e+05     3.969141e-19
 3.760000e+05     4.019861e-19
 3.780000e+05     4.069931e-19
 3.800000e+05     4.120440e-19
 3.820000e+05     4.171573e-19
 3.840000e+05     4.222667e-19
 3.860000e+05     4.273768e-19
 3.880000e+05     4.325824e-19
 3.900000e+05     4.379312e-19
 3.920000e+05     4.433857e-19
 4.320000e+05     5.593803e-19
 4.760000e+05     6.973537e-19
 5.250000e+05     8.572890e-19
 5.790000e+05     1.036868e-18
 6.390000e+05     1.238256e-18
 7.040000e+05     1.458754e-18
 7.760000e+05     1.805487e-18
 8.560000e+05     2.320834e-18
 9.430000e+05     3.005546e-18
 1.040000e+06     3.840831e-18
 1.147000e+06     4.748763e-18
 1.264000e+06     5.620135e-18
 1.394000e+06     6.353562e-18
 1.537000e+06     6.847628e-18
 1.694000e+06     7.047854e-18
 1.868000e+06     6.945173e-18
 2.059000e+06     6.572817e-18
 2.270000e+06     5.991645e-18
 2.503000e+06     5.277660e-18
 2.760000e+06     4.506119e-18
 3.043000e+06     3.741584e-18
 3.354000e+06     3.030600e-18
 3.698000e+06     2.397798e-18
 4.077000e+06     1.859111e-18
 4.495000e+06     1.415354e-18
 4.956000e+06     1.060133e-18
 5.464000e+06     7.828070e-19
 6.024000e+06     5.706613e-19
 6.641000e+06     4.113524e-19
 7.322000e+06     2.934394e-19
 8.073000e+06     2.074321e-19
 8.900000e+06     1.455220e-19
 9.813000e+06     1.019129e-19
 1.082000e+07     7.139137e-20
 1.193000e+07     5.009406e-20
 1.315000e+07     3.525673e-20
 1.450000e+07     2.484715e-20
 1.598000e+07     1.758270e-20
 1.762000e+07     1.245750e-20
 1.943000e+07     8.860341e-21
 2.142000e+07     6.346558e-21
 2.362000e+07     4.583074e-21
 2.604000e+07     3.354183e-21
 2.871000e+07     2.495116e-21
 3.165000e+07     1.905357e-21
 3.489000e+07     1.497373e-21
 3.847000e+07     1.222913e-21
 4.241000e+07     1.042863e-21
 4.676000e+07     9.290451e-22
 5.155000e+07     8.622725e-22
 5.683000e+07     8.302719e-22
 6.266000e+07     8.277248e-22
 6.908000e+07     8.452973e-22
 7.616000e+07     8.783945e-22
 8.397000e+07     9.213896e-22
 9.258000e+07     9.789846e-22
 1.020700e+08     1.044258e-21
 1.125300e+08     1.119138e-21
 1.240600e+08     1.204356e-21
 1.367800e+08     1.295876e-21
 1.508000e+08     1.397285e-21
 1.662500e+08     1.510999e-21
 1.833000e+08     1.631652e-21
 2.020800e+08     1.763013e-21
 2.228000e+08     1.903185e-21
 2.456300e+08     2.056853e-21
 2.708100e+08     2.224357e-21
 2.985700e+08     2.403841e-21
 3.291700e+08     2.598873e-21
 3.629100e+08     2.807980e-21
 4.001100e+08     3.033966e-21
 4.411200e+08     3.279190e-21
 4.863400e+08     3.544862e-21
 5.361900e+08     3.831731e-21
 5.911500e+08     4.144570e-21
 6.517400e+08     4.482101e-21
 7.185400e+08     4.846535e-21
 7.921900e+08     5.240073e-21
 8.733900e+08     5.664232e-21
 9.629200e+08     6.122704e-21
 1.000000e+09     6.310236e-21
