## EBL from Khaire & Srianand 2018; Q17 Model with alpha=-1.7 
## Column1:wavelength (Angstrom);  Column2:EBL specific intensity J_nu (erg/s/cm^2/Hz/Sr)
## ===========================================================================================
 1.000000e-08     9.938903e-37
 1.122019e-08     1.447076e-36
 1.258925e-08     2.084138e-36
 1.412538e-08     2.953752e-36
 1.584893e-08     4.112075e-36
 1.778279e-08     5.623782e-36
 1.995263e-08     7.563142e-36
 2.238721e-08     1.001523e-35
 2.511887e-08     1.307750e-35
 2.818382e-08     1.686135e-35
 3.162278e-08     2.149442e-35
 3.548135e-08     2.712292e-35
 3.981071e-08     3.391465e-35
 4.466837e-08     4.206271e-35
 5.011870e-08     5.178921e-35
 5.623413e-08     6.335071e-35
 6.309576e-08     7.704318e-35
 7.079456e-08     9.320867e-35
 7.943284e-08     1.122434e-34
 8.912505e-08     1.346054e-34
 1.000000e-07     1.608257e-34
 1.122019e-07     1.915191e-34
 1.258925e-07     2.273976e-34
 1.412538e-07     2.692876e-34
 1.584892e-07     3.181450e-34
 1.778279e-07     3.750801e-34
 1.995263e-07     4.413778e-34
 2.238721e-07     5.185273e-34
 2.511887e-07     6.082565e-34
 2.818382e-07     7.125657e-34
 3.162278e-07     8.337764e-34
 3.548136e-07     9.745764e-34
 3.981071e-07     1.138079e-33
 4.466837e-07     1.327901e-33
 5.011870e-07     1.548221e-33
 5.623413e-07     1.803895e-33
 6.309576e-07     2.100541e-33
 7.079456e-07     2.444669e-33
 7.943284e-07     2.843836e-33
 8.912505e-07     3.306781e-33
 1.000000e-06     3.843649e-33
 1.122019e-06     4.466183e-33
 1.258925e-06     5.187990e-33
 1.412538e-06     6.024860e-33
 1.584893e-06     6.995056e-33
 1.778279e-06     8.119771e-33
 1.995263e-06     9.423559e-33
 2.238721e-06     1.093485e-32
 2.511887e-06     1.268662e-32
 2.818382e-06     1.471704e-32
 3.162278e-06     1.707041e-32
 3.548136e-06     1.979801e-32
 3.981071e-06     2.295924e-32
 4.466837e-06     2.662302e-32
 5.011870e-06     3.086911e-32
 5.623413e-06     3.579006e-32
 6.309576e-06     4.149299e-32
 7.079456e-06     4.810204e-32
 7.943284e-06     5.576122e-32
 8.912505e-06     6.463714e-32
 1.000000e-05     7.492319e-32
 1.122019e-05     8.684320e-32
 1.258925e-05     1.006565e-31
 1.412538e-05     1.166640e-31
 1.584893e-05     1.352138e-31
 1.778279e-05     1.567099e-31
 1.995263e-05     1.816200e-31
 2.238721e-05     2.104860e-31
 2.511887e-05     2.439363e-31
 2.818382e-05     2.826985e-31
 3.162278e-05     3.276167e-31
 3.548135e-05     3.796678e-31
 3.981071e-05     4.399841e-31
 4.466837e-05     5.098789e-31
 5.011870e-05     5.908717e-31
 5.623413e-05     6.847264e-31
 6.309577e-05     7.934844e-31
 7.079457e-05     9.195106e-31
 7.943284e-05     1.065549e-30
 8.912505e-05     1.234775e-30
 1.000000e-04     1.430873e-30
 1.122018e-04     1.658107e-30
 1.258926e-04     1.921320e-30
 1.412538e-04     2.222811e-30
 1.584893e-04     2.569336e-30
 1.778279e-04     2.969214e-30
 1.995262e-04     3.432153e-30
 2.238722e-04     3.969425e-30
 2.511887e-04     4.594124e-30
 2.818383e-04     5.321548e-30
 3.162278e-04     6.169634e-30
 3.548134e-04     7.159474e-30
 3.981073e-04     8.315950e-30
 4.466837e-04     9.668435e-30
 5.011873e-04     1.125167e-29
 5.623413e-04     1.310679e-29
 6.309572e-04     1.528250e-29
 7.079460e-04     1.783657e-29
 7.943284e-04     2.083748e-29
 8.912510e-04     2.436656e-29
 1.000000e-03     2.852043e-29
 1.122018e-03     3.341385e-29
 1.258926e-03     3.918342e-29
 1.412538e-03     4.599145e-29
 1.584893e-03     5.403132e-29
 1.778279e-03     6.353337e-29
 1.995262e-03     7.477200e-29
 2.238722e-03     8.807439e-29
 2.511887e-03     1.038305e-28
 2.818383e-03     1.225060e-28
 3.162278e-03     1.446565e-28
 3.548133e-03     1.709454e-28
 3.981073e-03     2.021654e-28
 4.466837e-03     2.392633e-28
 5.011873e-03     2.833713e-28
 5.623413e-03     3.358452e-28
 6.309573e-03     3.983111e-28
 7.079460e-03     4.727268e-28
 7.943284e-03     5.614630e-28
 8.912510e-03     6.674145e-28
 1.000000e-02     7.941459e-28
 1.122019e-02     9.460806e-28
 1.258925e-02     1.128730e-27
 1.412538e-02     1.348974e-27
 1.584894e-02     1.615352e-27
 1.778279e-02     1.938388e-27
 1.995263e-02     2.330934e-27
 2.238721e-02     2.808485e-27
 2.511887e-02     3.389567e-27
 2.818385e-02     4.096099e-27
 3.162277e-02     4.953843e-27
 3.548136e-02     5.992985e-27
 3.981071e-02     7.248711e-27
 4.466837e-02     8.762157e-27
 5.011876e-02     1.058137e-26
 5.623413e-02     1.276262e-26
 6.309576e-02     1.537211e-26
 7.079456e-02     1.848780e-26
 7.943284e-02     2.220197e-26
 8.912515e-02     2.662388e-26
 1.000000e-01     3.188330e-26
 1.122019e-01     3.813642e-26
 1.258925e-01     4.547175e-26
 1.412538e-01     5.380534e-26
 1.584894e-01     6.303046e-26
 1.778279e-01     7.303480e-26
 1.995263e-01     8.371026e-26
 2.238721e-01     9.495734e-26
 2.511887e-01     1.066878e-25
 2.818385e-01     1.188249e-25
 3.162278e-01     1.313027e-25
 3.548135e-01     1.440662e-25
 3.981071e-01     1.570703e-25
 4.466837e-01     1.702796e-25
 5.011876e-01     1.836673e-25
 5.623413e-01     1.972144e-25
 6.309576e-01     2.109093e-25
 7.079456e-01     2.247462e-25
 7.943284e-01     2.387250e-25
 8.912515e-01     2.528494e-25
 1.000000e+00     2.671269e-25
 1.122019e+00     2.815675e-25
 1.258925e+00     2.961830e-25
 1.412538e+00     3.109870e-25
 1.584894e+00     3.259933e-25
 1.778279e+00     3.412167e-25
 1.995263e+00     3.566721e-25
 2.238721e+00     3.723747e-25
 2.511887e+00     3.883405e-25
 2.818385e+00     4.045863e-25
 3.162278e+00     4.210961e-25
 3.548136e+00     4.375508e-25
 3.981071e+00     4.547153e-25
 4.466837e+00     4.733866e-25
 5.011876e+00     4.943525e-25
 5.623413e+00     5.184220e-25
 6.309576e+00     5.463841e-25
 7.079456e+00     5.771452e-25
 7.943284e+00     6.125550e-25
 8.912516e+00     6.548555e-25
 1.000000e+01     7.064943e-25
 1.122019e+01     7.701535e-25
 1.258925e+01     8.488219e-25
 1.412538e+01     9.458943e-25
 1.584894e+01     1.065244e-24
 1.778279e+01     1.211276e-24
 1.995263e+01     1.388905e-24
 2.238721e+01     1.603440e-24
 2.511887e+01     1.860331e-24
 2.818385e+01     2.164706e-24
 3.162278e+01     2.520658e-24
 3.548135e+01     2.930328e-24
 3.981071e+01     3.390985e-24
 4.466837e+01     3.899506e-24
 5.011876e+01     4.443606e-24
 5.623413e+01     5.058096e-24
 6.309576e+01     5.741882e-24
 7.079456e+01     6.452366e-24
 7.943284e+01     7.310561e-24
 8.912515e+01     8.304261e-24
 1.000000e+02     9.462841e-24
 1.120000e+02     1.078516e-23
 1.250000e+02     1.221633e-23
 1.400000e+02     1.386462e-23
 1.550000e+02     1.544734e-23
 1.650000e+02     1.647250e-23
 1.750000e+02     1.747927e-23
 1.850000e+02     1.840559e-23
 1.900000e+02     1.886757e-23
 1.950000e+02     1.933154e-23
 2.000000e+02     1.982582e-23
 2.050000e+02     2.038040e-23
 2.100000e+02     2.108634e-23
 2.150000e+02     2.215952e-23
 2.180000e+02     2.311434e-23
 2.210000e+02     2.451449e-23
 2.240000e+02     2.647490e-23
 2.260000e+02     2.825050e-23
 2.270000e+02     2.938408e-23
 2.275000e+02     2.997856e-23
 2.278400e+02     3.040035e-23
 2.380000e+02     3.743669e-23
 2.500000e+02     4.500947e-23
 2.700000e+02     5.669818e-23
 2.900000e+02     6.807100e-23
 3.035000e+02     7.515285e-23
 3.037800e+02     1.111270e-22
 3.045000e+02     1.112775e-22
 3.060000e+02     1.116543e-22
 3.080000e+02     1.121762e-22
 3.100000e+02     1.127033e-22
 3.120000e+02     1.132359e-22
 3.150000e+02     1.145761e-22
 3.200000e+02     1.155540e-22
 3.250000e+02     1.167752e-22
 3.300000e+02     1.177968e-22
 3.400000e+02     1.198826e-22
 3.600000e+02     1.242833e-22
 3.800000e+02     1.292664e-22
 4.050000e+02     1.356600e-22
 4.250000e+02     1.424121e-22
 4.500000e+02     1.518458e-22
 4.650000e+02     1.579798e-22
 4.750000e+02     1.631242e-22
 4.820000e+02     1.663222e-22
 4.870000e+02     1.683457e-22
 4.910000e+02     1.699732e-22
 4.950000e+02     1.716196e-22
 4.980000e+02     1.728673e-22
 5.000000e+02     1.737285e-22
 5.020000e+02     1.749167e-22
 5.039800e+02     1.768976e-22
 5.100000e+02     1.802930e-22
 5.250000e+02     1.876792e-22
 5.600000e+02     2.079137e-22
 6.000000e+02     2.314913e-22
 6.500000e+02     2.617406e-22
 7.000000e+02     2.932767e-22
 7.500000e+02     3.271959e-22
 8.000000e+02     3.650640e-22
 8.300000e+02     3.899754e-22
 8.600000e+02     4.185347e-22
 8.800000e+02     4.389697e-22
 8.900000e+02     4.502555e-22
 8.960000e+02     4.567220e-22
 9.000000e+02     4.612173e-22
 9.030000e+02     4.646150e-22
 9.060000e+02     4.680351e-22
 9.090000e+02     4.714782e-22
 9.117800e+02     4.762246e-22
 9.300000e+02     7.069274e-22
 9.500000e+02     7.402319e-22
 9.750000e+02     1.060856e-21
 9.900000e+02     1.170535e-21
 1.005000e+03     1.376060e-21
 1.025000e+03     1.638106e-21
 1.045000e+03     1.928792e-21
 1.065000e+03     2.289063e-21
 1.085000e+03     2.714155e-21
 1.105000e+03     3.118186e-21
 1.125000e+03     3.599341e-21
 1.145000e+03     4.036512e-21
 1.165000e+03     4.560803e-21
 1.185000e+03     5.046031e-21
 1.205000e+03     5.555611e-21
 1.215600e+03     5.796377e-21
 1.215670e+03     5.962159e-21
 1.216000e+03     5.968774e-21
 1.218000e+03     6.008826e-21
 1.221000e+03     6.067608e-21
 1.225000e+03     6.145639e-21
 1.230000e+03     6.254111e-21
 1.240000e+03     6.492573e-21
 1.250000e+03     6.769530e-21
 1.265000e+03     7.220134e-21
 1.285000e+03     7.859568e-21
 1.305000e+03     8.527558e-21
 1.325000e+03     9.187899e-21
 1.345000e+03     9.853839e-21
 1.365000e+03     1.056495e-20
 1.385000e+03     1.125369e-20
 1.405000e+03     1.194729e-20
 1.425000e+03     1.262066e-20
 1.442000e+03     1.319832e-20
 1.455000e+03     1.367959e-20
 1.475000e+03     1.440420e-20
 1.517000e+03     1.581969e-20
 1.595000e+03     1.824217e-20
 1.672000e+03     2.058724e-20
 1.745000e+03     2.271259e-20
 1.825000e+03     2.488559e-20
 1.905000e+03     2.677448e-20
 1.984000e+03     2.845449e-20
 2.065000e+03     2.992590e-20
 2.135000e+03     3.093369e-20
 2.215000e+03     3.192292e-20
 2.295000e+03     3.285813e-20
 2.375000e+03     3.378456e-20
 2.455000e+03     3.473673e-20
 2.525000e+03     3.556911e-20
 2.605000e+03     3.656178e-20
 2.685000e+03     3.769567e-20
 2.765000e+03     3.875626e-20
 2.845000e+03     3.964230e-20
 2.950000e+03     4.101194e-20
 3.110000e+03     4.312794e-20
 3.270000e+03     4.507538e-20
 3.430000e+03     4.698070e-20
 3.590000e+03     4.880747e-20
 3.730000e+03     5.052544e-20
 3.890000e+03     5.449624e-20
 4.050000e+03     5.838297e-20
 4.210000e+03     6.467139e-20
 4.370000e+03     7.051561e-20
 4.530000e+03     7.626222e-20
 4.690000e+03     8.202481e-20
 4.850000e+03     8.718724e-20
 5.010000e+03     9.169928e-20
 5.170000e+03     9.627093e-20
 5.330000e+03     1.005956e-19
 5.490000e+03     1.048115e-19
 5.650000e+03     1.089455e-19
 5.810000e+03     1.129796e-19
 5.970000e+03     1.165760e-19
 6.130000e+03     1.201266e-19
 6.290000e+03     1.232883e-19
 6.450000e+03     1.263610e-19
 6.610000e+03     1.291443e-19
 6.770000e+03     1.319493e-19
 6.930000e+03     1.345477e-19
 7.090000e+03     1.369510e-19
 7.250000e+03     1.392084e-19
 7.410000e+03     1.413857e-19
 7.570000e+03     1.434968e-19
 7.730000e+03     1.456699e-19
 7.890000e+03     1.476807e-19
 8.050000e+03     1.496028e-19
 8.210000e+03     1.514404e-19
 8.370000e+03     1.532322e-19
 8.530000e+03     1.549096e-19
 8.690000e+03     1.565390e-19
 8.850000e+03     1.583017e-19
 9.010000e+03     1.599867e-19
 9.170000e+03     1.616422e-19
 9.330000e+03     1.633414e-19
 9.490000e+03     1.651733e-19
 9.650000e+03     1.667575e-19
 9.810000e+03     1.683878e-19
 9.970000e+03     1.700030e-19
 1.050000e+04     1.746327e-19
 1.150000e+04     1.805666e-19
 1.250000e+04     1.852234e-19
 1.350000e+04     1.886433e-19
 1.450000e+04     1.916177e-19
 1.550000e+04     1.948941e-19
 1.650000e+04     1.975970e-19
 1.750000e+04     1.984071e-19
 1.850000e+04     1.972295e-19
 1.950000e+04     1.943884e-19
 2.050000e+04     1.906709e-19
 2.150000e+04     1.864468e-19
 2.250000e+04     1.816554e-19
 2.350000e+04     1.758243e-19
 2.450000e+04     1.688339e-19
 2.550000e+04     1.625361e-19
 2.650000e+04     1.563417e-19
 2.750000e+04     1.508161e-19
 2.850000e+04     1.457255e-19
 2.950000e+04     1.408922e-19
 3.050000e+04     1.362570e-19
 3.150000e+04     1.317841e-19
 3.250000e+04     1.274368e-19
 3.350000e+04     1.232036e-19
 3.450000e+04     1.191019e-19
 3.550000e+04     1.151684e-19
 3.650000e+04     1.113801e-19
 3.750000e+04     1.078758e-19
 3.850000e+04     1.046216e-19
 3.950000e+04     1.014182e-19
 4.050000e+04     9.797541e-20
 4.150000e+04     9.464587e-20
 4.250000e+04     9.162090e-20
 4.350000e+04     8.881881e-20
 4.450000e+04     8.612599e-20
 4.550000e+04     8.354532e-20
 4.650000e+04     8.113555e-20
 4.750000e+04     7.893326e-20
 4.850000e+04     7.695407e-20
 4.950000e+04     7.522472e-20
 5.050000e+04     7.378581e-20
 5.150000e+04     7.267059e-20
 5.250000e+04     7.190351e-20
 5.350000e+04     7.223931e-20
 5.450000e+04     7.245907e-20
 5.550000e+04     7.359266e-20
 5.650000e+04     7.560671e-20
 5.750000e+04     7.822121e-20
 5.850000e+04     7.995601e-20
 5.950000e+04     8.145800e-20
 6.050000e+04     8.513087e-20
 6.150000e+04     9.251565e-20
 6.250000e+04     1.114396e-19
 6.350000e+04     1.258433e-19
 6.450000e+04     1.311323e-19
 6.550000e+04     1.334854e-19
 6.650010e+04     1.373490e-19
 6.750010e+04     1.405973e-19
 6.850010e+04     1.438801e-19
 6.950010e+04     1.486066e-19
 7.020000e+04     1.538420e-19
 7.100000e+04     1.590940e-19
 7.180000e+04     1.646692e-19
 7.260000e+04     1.705637e-19
 7.340000e+04     1.781422e-19
 7.420000e+04     1.889104e-19
 7.500000e+04     2.041021e-19
 7.580000e+04     2.231133e-19
 7.660000e+04     2.444226e-19
 7.740000e+04     2.642007e-19
 7.820000e+04     2.826906e-19
 7.900000e+04     2.990188e-19
 7.980000e+04     3.111739e-19
 8.060000e+04     3.198195e-19
 8.140000e+04     3.250395e-19
 8.220000e+04     3.285581e-19
 8.300000e+04     3.315872e-19
 8.380000e+04     3.343875e-19
 8.460000e+04     3.371118e-19
 8.540000e+04     3.405987e-19
 8.620000e+04     3.448192e-19
 8.700000e+04     3.478044e-19
 8.780000e+04     3.479477e-19
 8.860000e+04     3.456011e-19
 8.940000e+04     3.420157e-19
 9.020000e+04     3.378860e-19
 9.100000e+04     3.330977e-19
 9.180000e+04     3.280285e-19
 9.260000e+04     3.229441e-19
 9.340000e+04     3.178067e-19
 9.420000e+04     3.127550e-19
 9.500000e+04     3.076743e-19
 9.580000e+04     3.025910e-19
 9.660000e+04     2.981178e-19
 9.740000e+04     2.940268e-19
 9.820000e+04     2.894461e-19
 9.900000e+04     2.847880e-19
 9.980000e+04     2.802844e-19
 1.006000e+05     2.758594e-19
 1.020000e+05     2.688796e-19
 1.040000e+05     2.601383e-19
 1.060000e+05     2.543533e-19
 1.080000e+05     2.509208e-19
 1.100000e+05     2.501408e-19
 1.120000e+05     2.629774e-19
 1.140000e+05     2.913238e-19
 1.160000e+05     3.037983e-19
 1.180000e+05     3.070707e-19
 1.200000e+05     3.147722e-19
 1.220000e+05     3.239871e-19
 1.240000e+05     3.357716e-19
 1.260000e+05     3.520113e-19
 1.280000e+05     3.802503e-19
 1.300000e+05     4.035895e-19
 1.320000e+05     4.128100e-19
 1.340000e+05     4.129410e-19
 1.360000e+05     4.252764e-19
 1.380000e+05     4.298911e-19
 1.400000e+05     4.358071e-19
 1.420000e+05     4.438957e-19
 1.440000e+05     4.501238e-19
 1.460000e+05     4.568317e-19
 1.480000e+05     4.632818e-19
 1.500000e+05     4.699311e-19
 1.520000e+05     4.772040e-19
 1.540000e+05     4.843760e-19
 1.560000e+05     4.948766e-19
 1.580000e+05     5.038917e-19
 1.600000e+05     5.125653e-19
 1.620000e+05     5.211134e-19
 1.640000e+05     5.332853e-19
 1.660000e+05     5.489705e-19
 1.680000e+05     5.625172e-19
 1.700000e+05     5.784453e-19
 1.720000e+05     5.970433e-19
 1.740000e+05     6.115823e-19
 1.760000e+05     6.247962e-19
 1.780000e+05     6.350235e-19
 1.800000e+05     6.456957e-19
 1.820000e+05     6.549328e-19
 1.840000e+05     6.644246e-19
 1.860000e+05     6.751566e-19
 1.880000e+05     6.923867e-19
 1.900000e+05     7.050765e-19
 1.920000e+05     7.182530e-19
 1.940000e+05     7.306523e-19
 1.960000e+05     7.449754e-19
 1.980000e+05     7.612834e-19
 2.000000e+05     7.782102e-19
 2.020000e+05     7.952876e-19
 2.040000e+05     8.141390e-19
 2.060000e+05     8.327469e-19
 2.080000e+05     8.504059e-19
 2.100000e+05     8.710215e-19
 2.120000e+05     8.921104e-19
 2.140000e+05     9.132782e-19
 2.160000e+05     9.377660e-19
 2.180000e+05     9.636653e-19
 2.200000e+05     9.880584e-19
 2.220000e+05     1.014187e-18
 2.240000e+05     1.043430e-18
 2.260000e+05     1.071463e-18
 2.280000e+05     1.099053e-18
 2.300000e+05     1.129653e-18
 2.320000e+05     1.162012e-18
 2.340000e+05     1.194264e-18
 2.360000e+05     1.226966e-18
 2.380000e+05     1.261811e-18
 2.400000e+05     1.298444e-18
 2.420000e+05     1.335085e-18
 2.440000e+05     1.372026e-18
 2.460000e+05     1.411227e-18
 2.480000e+05     1.452246e-18
 2.500000e+05     1.494094e-18
 2.520000e+05     1.536384e-18
 2.540000e+05     1.579418e-18
 2.560000e+05     1.624158e-18
 2.580000e+05     1.671378e-18
 2.600000e+05     1.720691e-18
 2.620000e+05     1.769173e-18
 2.640000e+05     1.817288e-18
 2.660000e+05     1.867143e-18
 2.680000e+05     1.919606e-18
 2.700000e+05     1.973791e-18
 2.720000e+05     2.027867e-18
 2.740000e+05     2.081084e-18
 2.760000e+05     2.136329e-18
 2.780000e+05     2.195079e-18
 2.800000e+05     2.256481e-18
 2.820000e+05     2.319281e-18
 2.840000e+05     2.380760e-18
 2.860000e+05     2.441396e-18
 2.880000e+05     2.503210e-18
 2.900000e+05     2.568117e-18
 2.920000e+05     2.634395e-18
 2.940000e+05     2.702071e-18
 2.960000e+05     2.771552e-18
 2.980000e+05     2.840833e-18
 3.000000e+05     2.910228e-18
 3.020000e+05     2.982255e-18
 3.040000e+05     3.056624e-18
 3.060000e+05     3.131711e-18
 3.080000e+05     3.208457e-18
 3.100000e+05     3.285505e-18
 3.120000e+05     3.361490e-18
 3.140000e+05     3.440600e-18
 3.160000e+05     3.522901e-18
 3.180000e+05     3.605675e-18
 3.200000e+05     3.691336e-18
 3.220000e+05     3.779606e-18
 3.240000e+05     3.868464e-18
 3.260000e+05     3.959110e-18
 3.280000e+05     4.049603e-18
 3.300000e+05     4.141410e-18
 3.320000e+05     4.234984e-18
 3.340000e+05     4.341044e-18
 3.360000e+05     4.454345e-18
 3.380000e+05     4.562773e-18
 3.400000e+05     4.660421e-18
 3.420000e+05     4.758445e-18
 3.440000e+05     4.861083e-18
 3.460000e+05     4.965860e-18
 3.480000e+05     5.079372e-18
 3.500000e+05     5.199042e-18
 3.520000e+05     5.308036e-18
 3.540000e+05     5.412623e-18
 3.560000e+05     5.513545e-18
 3.580000e+05     5.611904e-18
 3.600000e+05     5.715862e-18
 3.620000e+05     5.817081e-18
 3.640000e+05     5.917199e-18
 3.660000e+05     6.017687e-18
 3.680000e+05     6.119688e-18
 3.700000e+05     6.224959e-18
 3.720000e+05     6.330771e-18
 3.740000e+05     6.435689e-18
 3.760000e+05     6.542486e-18
 3.780000e+05     6.651517e-18
 3.800000e+05     6.763227e-18
 3.820000e+05     6.874296e-18
 3.840000e+05     6.987459e-18
 3.860000e+05     7.101298e-18
 3.880000e+05     7.216376e-18
 3.900000e+05     7.334552e-18
 3.920000e+05     7.453837e-18
 4.320000e+05     9.968871e-18
 4.760000e+05     1.296648e-17
 5.250000e+05     1.643588e-17
 5.790000e+05     2.023380e-17
 6.390000e+05     2.420147e-17
 7.040000e+05     2.787013e-17
 7.760000e+05     3.091467e-17
 8.560000e+05     3.304715e-17
 9.430000e+05     3.408861e-17
 1.040000e+06     3.404569e-17
 1.147000e+06     3.300098e-17
 1.264000e+06     3.114962e-17
 1.394000e+06     2.868086e-17
 1.537000e+06     2.584956e-17
 1.694000e+06     2.286844e-17
 1.868000e+06     1.988731e-17
 2.059000e+06     1.706738e-17
 2.270000e+06     1.447947e-17
 2.503000e+06     1.217555e-17
 2.760000e+06     1.017381e-17
 3.043000e+06     8.468016e-18
 3.354000e+06     7.033975e-18
 3.698000e+06     5.830513e-18
 4.077000e+06     4.828623e-18
 4.495000e+06     3.993968e-18
 4.956000e+06     3.297613e-18
 5.464000e+06     2.715922e-18
 6.024000e+06     2.229352e-18
 6.641000e+06     1.823109e-18
 7.322000e+06     1.484928e-18
 8.073000e+06     1.205794e-18
 8.900000e+06     9.780959e-19
 9.813000e+06     7.942927e-19
 1.082000e+07     6.482674e-19
 1.193000e+07     5.342579e-19
 1.315000e+07     4.470274e-19
 1.450000e+07     3.812310e-19
 1.598000e+07     3.331610e-19
 1.762000e+07     2.987475e-19
 1.943000e+07     2.752466e-19
 2.142000e+07     2.602983e-19
 2.362000e+07     2.519170e-19
 2.604000e+07     2.486542e-19
 2.871000e+07     2.493687e-19
 3.165000e+07     2.532111e-19
 3.489000e+07     2.595451e-19
 3.847000e+07     2.679242e-19
 4.241000e+07     2.779717e-19
 4.676000e+07     2.894734e-19
 5.155000e+07     3.022217e-19
 5.683000e+07     3.161150e-19
 6.266000e+07     3.311001e-19
 6.908000e+07     3.471039e-19
 7.616000e+07     3.641142e-19
 8.397000e+07     3.821464e-19
 9.258000e+07     4.012023e-19
 1.020700e+08     4.212885e-19
 1.125300e+08     4.424396e-19
 1.240600e+08     4.647104e-19
 1.367800e+08     4.881612e-19
 1.508000e+08     5.128110e-19
 1.662500e+08     5.387221e-19
 1.833000e+08     5.659845e-19
 2.020800e+08     5.946116e-19
 2.228000e+08     6.247282e-19
 2.456300e+08     6.563579e-19
 2.708100e+08     6.896171e-19
 2.985700e+08     7.245767e-19
 3.291700e+08     7.613116e-19
 3.629100e+08     7.999257e-19
 4.001100e+08     8.405091e-19
 4.411200e+08     8.831518e-19
 4.863400e+08     9.279688e-19
 5.361900e+08     9.750766e-19
 5.911500e+08     1.024591e-18
 6.517400e+08     1.076630e-18
 7.185400e+08     1.131310e-18
 7.921900e+08     1.188766e-18
 8.733900e+08     1.249140e-18
 9.629200e+08     1.312598e-18
 1.000000e+09     1.338026e-18
