## EBL from Khaire & Srianand 2018; Q17 Model with alpha=-1.7 
## Column1:wavelength (Angstrom);  Column2:EBL specific intensity J_nu (erg/s/cm^2/Hz/Sr)
## ===========================================================================================
 1.000000e-08     1.349988e-38
 1.122019e-08     1.963124e-38
 1.258925e-08     2.804950e-38
 1.412538e-08     3.925187e-38
 1.584893e-08     5.384306e-38
 1.778279e-08     7.252989e-38
 1.995263e-08     9.612470e-38
 2.238721e-08     1.255556e-37
 2.511887e-08     1.618833e-37
 2.818382e-08     2.063194e-37
 3.162278e-08     2.602530e-37
 3.548135e-08     3.252766e-37
 3.981071e-08     4.032218e-37
 4.466837e-08     4.961999e-37
 5.011870e-08     6.066439e-37
 5.623413e-08     7.373681e-37
 6.309576e-08     8.916234e-37
 7.079456e-08     1.073171e-36
 7.943284e-08     1.286371e-36
 8.912505e-08     1.536264e-36
 1.000000e-07     1.828702e-36
 1.122019e-07     2.170458e-36
 1.258925e-07     2.569377e-36
 1.412538e-07     3.034569e-36
 1.584892e-07     3.576568e-36
 1.778279e-07     4.207613e-36
 1.995263e-07     4.941867e-36
 2.238721e-07     5.795746e-36
 2.511887e-07     6.788295e-36
 2.818382e-07     7.941563e-36
 3.162278e-07     9.281134e-36
 3.548136e-07     1.083664e-35
 3.981071e-07     1.264239e-35
 4.466837e-07     1.473824e-35
 5.011870e-07     1.717025e-35
 5.623413e-07     1.999194e-35
 6.309576e-07     2.326521e-35
 7.079456e-07     2.706184e-35
 7.943284e-07     3.146509e-35
 8.912505e-07     3.657125e-35
 1.000000e-06     4.249215e-35
 1.122019e-06     4.935720e-35
 1.258925e-06     5.731633e-35
 1.412538e-06     6.654357e-35
 1.584893e-06     7.724018e-35
 1.778279e-06     8.963970e-35
 1.995263e-06     1.040127e-34
 2.238721e-06     1.206725e-34
 2.511887e-06     1.399825e-34
 2.818382e-06     1.623634e-34
 3.162278e-06     1.883033e-34
 3.548136e-06     2.183672e-34
 3.981071e-06     2.532099e-34
 4.466837e-06     2.935908e-34
 5.011870e-06     3.403888e-34
 5.623413e-06     3.946239e-34
 6.309576e-06     4.574765e-34
 7.079456e-06     5.303145e-34
 7.943284e-06     6.147250e-34
 8.912505e-06     7.125437e-34
 1.000000e-05     8.259022e-34
 1.122019e-05     9.572668e-34
 1.258925e-05     1.109495e-33
 1.412538e-05     1.285904e-33
 1.584893e-05     1.490328e-33
 1.778279e-05     1.727219e-33
 1.995263e-05     2.001734e-33
 2.238721e-05     2.319842e-33
 2.511887e-05     2.688468e-33
 2.818382e-05     3.115629e-33
 3.162278e-05     3.610630e-33
 3.548135e-05     4.184233e-33
 3.981071e-05     4.848917e-33
 4.466837e-05     5.619155e-33
 5.011870e-05     6.511691e-33
 5.623413e-05     7.545962e-33
 6.309577e-05     8.744465e-33
 7.079457e-05     1.013326e-32
 7.943284e-05     1.174259e-32
 8.912505e-05     1.360743e-32
 1.000000e-04     1.576840e-32
 1.122018e-04     1.827248e-32
 1.258926e-04     2.117015e-32
 1.412538e-04     2.445532e-32
 1.584893e-04     2.823923e-32
 1.778279e-04     3.262493e-32
 1.995262e-04     3.772148e-32
 2.238722e-04     4.365261e-32
 2.511887e-04     5.056248e-32
 2.818383e-04     5.862070e-32
 3.162278e-04     6.802726e-32
 3.548134e-04     7.901833e-32
 3.981073e-04     9.187314e-32
 4.466837e-04     1.069219e-31
 5.011873e-04     1.245557e-31
 5.623413e-04     1.452379e-31
 6.309572e-04     1.695176e-31
 7.079460e-04     1.980467e-31
 7.943284e-04     2.315985e-31
 8.912510e-04     2.710918e-31
 1.000000e-03     3.176186e-31
 1.122018e-03     3.724774e-31
 1.258926e-03     4.372144e-31
 1.412538e-03     5.136677e-31
 1.584893e-03     6.040283e-31
 1.778279e-03     7.109076e-31
 1.995262e-03     8.374179e-31
 2.238722e-03     9.872718e-31
 2.511887e-03     1.164897e-30
 2.818383e-03     1.375581e-30
 3.162278e-03     1.625637e-30
 3.548133e-03     1.922603e-30
 3.981073e-03     2.275496e-30
 4.466837e-03     2.695084e-30
 5.011873e-03     3.194255e-30
 5.623413e-03     3.788457e-30
 6.309573e-03     4.496257e-30
 7.079460e-03     5.340098e-30
 7.943284e-03     6.347314e-30
 8.912510e-03     7.551536e-30
 1.000000e-02     8.994526e-30
 1.122019e-02     1.072849e-29
 1.258925e-02     1.281877e-29
 1.412538e-02     1.534695e-29
 1.584894e-02     1.841393e-29
 1.778279e-02     2.214314e-29
 1.995263e-02     2.668385e-29
 2.238721e-02     3.221412e-29
 2.511887e-02     3.894450e-29
 2.818385e-02     4.712188e-29
 3.162277e-02     5.703420e-29
 3.548136e-02     6.901728e-29
 3.981071e-02     8.346162e-29
 4.466837e-02     1.008237e-28
 5.011876e-02     1.216376e-28
 5.623413e-02     1.465305e-28
 6.309576e-02     1.762427e-28
 7.079456e-02     2.116491e-28
 7.943284e-02     2.537877e-28
 8.912515e-02     3.038918e-28
 1.000000e-01     3.634285e-28
 1.122019e-01     4.342049e-28
 1.258925e-01     5.159450e-28
 1.412538e-01     6.058644e-28
 1.584894e-01     7.023914e-28
 1.778279e-01     8.044888e-28
 1.995263e-01     9.113383e-28
 2.238721e-01     1.022226e-27
 2.511887e-01     1.136527e-27
 2.818385e-01     1.253691e-27
 3.162278e-01     1.373257e-27
 3.548135e-01     1.494848e-27
 3.981071e-01     1.618170e-27
 4.466837e-01     1.743010e-27
 5.011876e-01     1.869221e-27
 5.623413e-01     1.996722e-27
 6.309576e-01     2.125376e-27
 7.079456e-01     2.255311e-27
 7.943284e-01     2.386553e-27
 8.912515e-01     2.519148e-27
 1.000000e+00     2.653158e-27
 1.122019e+00     2.788640e-27
 1.258925e+00     2.925620e-27
 1.412538e+00     3.064088e-27
 1.584894e+00     3.203946e-27
 1.778279e+00     3.344980e-27
 1.995263e+00     3.486797e-27
 2.238721e+00     3.628728e-27
 2.511887e+00     3.769713e-27
 2.818385e+00     3.908112e-27
 3.162278e+00     4.040231e-27
 3.548136e+00     4.157433e-27
 3.981071e+00     4.271950e-27
 4.466837e+00     4.384876e-27
 5.011876e+00     4.491462e-27
 5.623413e+00     4.582982e-27
 6.309576e+00     4.599748e-27
 7.079456e+00     4.595374e-27
 7.943284e+00     4.531239e-27
 8.912516e+00     4.418857e-27
 1.000000e+01     4.206339e-27
 1.122019e+01     3.964065e-27
 1.258925e+01     3.659755e-27
 1.412538e+01     3.318108e-27
 1.584894e+01     2.964707e-27
 1.778279e+01     2.610049e-27
 1.995263e+01     2.272643e-27
 2.238721e+01     1.961987e-27
 2.511887e+01     1.683445e-27
 2.818385e+01     1.438384e-27
 3.162278e+01     1.227442e-27
 3.548135e+01     1.046853e-27
 3.981071e+01     8.938935e-28
 4.466837e+01     7.647576e-28
 5.011876e+01     6.556400e-28
 5.623413e+01     5.640838e-28
 6.309576e+01     4.868729e-28
 7.079456e+01     4.218265e-28
 7.943284e+01     3.671026e-28
 8.912515e+01     3.210301e-28
 1.000000e+02     2.822432e-28
 1.120000e+02     2.501854e-28
 1.250000e+02     2.240665e-28
 1.400000e+02     2.014244e-28
 1.550000e+02     1.844815e-28
 1.650000e+02     1.754343e-28
 1.750000e+02     1.679181e-28
 1.850000e+02     1.619662e-28
 1.900000e+02     1.602015e-28
 1.950000e+02     1.602697e-28
 2.000000e+02     1.642156e-28
 2.050000e+02     1.763721e-28
 2.100000e+02     2.055207e-28
 2.150000e+02     2.687996e-28
 2.180000e+02     3.356460e-28
 2.210000e+02     4.369198e-28
 2.240000e+02     5.882577e-28
 2.260000e+02     7.275013e-28
 2.270000e+02     8.123784e-28
 2.275000e+02     8.586593e-28
 2.278400e+02     8.918302e-28
 2.380000e+02     1.000279e-23
 2.500000e+02     2.080976e-23
 2.700000e+02     2.617013e-23
 2.900000e+02     2.860250e-23
 3.035000e+02     3.008255e-23
 3.037800e+02     3.183502e-23
 3.045000e+02     3.169930e-23
 3.060000e+02     3.152083e-23
 3.080000e+02     3.139364e-23
 3.100000e+02     3.136119e-23
 3.120000e+02     3.140150e-23
 3.150000e+02     3.154523e-23
 3.200000e+02     3.194003e-23
 3.250000e+02     3.240308e-23
 3.300000e+02     3.291570e-23
 3.400000e+02     3.395552e-23
 3.600000e+02     3.602946e-23
 3.800000e+02     3.808589e-23
 4.050000e+02     4.060123e-23
 4.250000e+02     4.257695e-23
 4.500000e+02     4.501130e-23
 4.650000e+02     4.645884e-23
 4.750000e+02     4.741219e-23
 4.820000e+02     4.807794e-23
 4.870000e+02     4.855590e-23
 4.910000e+02     4.893114e-23
 4.950000e+02     4.930423e-23
 4.980000e+02     4.959095e-23
 5.000000e+02     4.977679e-23
 5.020000e+02     4.996340e-23
 5.039800e+02     5.015026e-23
 5.100000e+02     5.698042e-23
 5.250000e+02     6.391767e-23
 5.600000e+02     6.963512e-23
 6.000000e+02     7.428220e-23
 6.500000e+02     8.042557e-23
 7.000000e+02     8.794310e-23
 7.500000e+02     9.792640e-23
 8.000000e+02     1.115889e-22
 8.300000e+02     1.221545e-22
 8.600000e+02     1.349965e-22
 8.800000e+02     1.448995e-22
 8.900000e+02     1.503490e-22
 8.960000e+02     1.537413e-22
 9.000000e+02     1.560913e-22
 9.030000e+02     1.578776e-22
 9.060000e+02     1.597267e-22
 9.090000e+02     1.615755e-22
 9.117800e+02     1.633247e-22
 9.300000e+02     7.301635e-22
 9.500000e+02     1.869943e-21
 9.750000e+02     3.690331e-21
 9.900000e+02     4.479409e-21
 1.005000e+03     5.597137e-21
 1.025000e+03     7.107521e-21
 1.045000e+03     8.417973e-21
 1.065000e+03     1.031065e-20
 1.085000e+03     1.206001e-20
 1.105000e+03     1.369956e-20
 1.125000e+03     1.545725e-20
 1.145000e+03     1.694322e-20
 1.165000e+03     1.859267e-20
 1.185000e+03     1.996352e-20
 1.205000e+03     2.139757e-20
 1.215600e+03     2.193073e-20
 1.215670e+03     2.455632e-20
 1.216000e+03     2.456640e-20
 1.218000e+03     2.462735e-20
 1.221000e+03     2.471797e-20
 1.225000e+03     2.479348e-20
 1.230000e+03     2.488722e-20
 1.240000e+03     2.534587e-20
 1.250000e+03     2.595195e-20
 1.265000e+03     2.715473e-20
 1.285000e+03     2.836636e-20
 1.305000e+03     2.974092e-20
 1.325000e+03     3.115193e-20
 1.345000e+03     3.239156e-20
 1.365000e+03     3.367613e-20
 1.385000e+03     3.483445e-20
 1.405000e+03     3.584806e-20
 1.425000e+03     3.684772e-20
 1.442000e+03     3.764136e-20
 1.455000e+03     3.820572e-20
 1.475000e+03     3.907163e-20
 1.517000e+03     4.091886e-20
 1.595000e+03     4.306355e-20
 1.672000e+03     4.496033e-20
 1.745000e+03     4.641396e-20
 1.825000e+03     4.789926e-20
 1.905000e+03     4.858383e-20
 1.984000e+03     4.925860e-20
 2.065000e+03     4.966836e-20
 2.135000e+03     4.971199e-20
 2.215000e+03     4.978209e-20
 2.295000e+03     4.956771e-20
 2.375000e+03     4.939744e-20
 2.455000e+03     4.916282e-20
 2.525000e+03     4.889125e-20
 2.605000e+03     4.875729e-20
 2.685000e+03     4.879596e-20
 2.765000e+03     4.864296e-20
 2.845000e+03     4.840197e-20
 2.950000e+03     4.799108e-20
 3.110000e+03     4.785115e-20
 3.270000e+03     4.759696e-20
 3.430000e+03     4.729024e-20
 3.590000e+03     4.698875e-20
 3.730000e+03     4.716579e-20
 3.890000e+03     4.940572e-20
 4.050000e+03     5.229128e-20
 4.210000e+03     5.561479e-20
 4.370000e+03     5.847641e-20
 4.530000e+03     6.116649e-20
 4.690000e+03     6.352849e-20
 4.850000e+03     6.498295e-20
 5.010000e+03     6.646342e-20
 5.170000e+03     6.756907e-20
 5.330000e+03     6.858447e-20
 5.490000e+03     6.948443e-20
 5.650000e+03     7.031870e-20
 5.810000e+03     7.115246e-20
 5.970000e+03     7.171769e-20
 6.130000e+03     7.227898e-20
 6.290000e+03     7.277506e-20
 6.450000e+03     7.315342e-20
 6.610000e+03     7.348243e-20
 6.770000e+03     7.387184e-20
 6.930000e+03     7.417623e-20
 7.090000e+03     7.441185e-20
 7.250000e+03     7.463287e-20
 7.410000e+03     7.485174e-20
 7.570000e+03     7.512773e-20
 7.730000e+03     7.542943e-20
 7.890000e+03     7.569922e-20
 8.050000e+03     7.593717e-20
 8.210000e+03     7.616281e-20
 8.370000e+03     7.639219e-20
 8.530000e+03     7.661434e-20
 8.690000e+03     7.684518e-20
 8.850000e+03     7.722410e-20
 9.010000e+03     7.756061e-20
 9.170000e+03     7.795485e-20
 9.330000e+03     7.832873e-20
 9.490000e+03     7.871361e-20
 9.650000e+03     7.907858e-20
 9.810000e+03     7.940141e-20
 9.970000e+03     7.976883e-20
 1.050000e+04     8.050216e-20
 1.150000e+04     8.088033e-20
 1.250000e+04     8.084765e-20
 1.350000e+04     8.068922e-20
 1.450000e+04     8.073578e-20
 1.550000e+04     8.143616e-20
 1.650000e+04     8.152937e-20
 1.750000e+04     8.054344e-20
 1.850000e+04     7.879875e-20
 1.950000e+04     7.711920e-20
 2.050000e+04     7.572202e-20
 2.150000e+04     7.459941e-20
 2.250000e+04     7.377550e-20
 2.350000e+04     7.327735e-20
 2.450000e+04     7.312914e-20
 2.550000e+04     7.335230e-20
 2.650000e+04     7.396493e-20
 2.750000e+04     7.498149e-20
 2.850000e+04     7.641382e-20
 2.950000e+04     7.827135e-20
 3.050000e+04     8.055693e-20
 3.150000e+04     8.318875e-20
 3.250000e+04     8.582069e-20
 3.350000e+04     8.798236e-20
 3.450000e+04     8.964046e-20
 3.550000e+04     9.170768e-20
 3.650000e+04     9.390962e-20
 3.750000e+04     9.614445e-20
 3.850000e+04     9.841895e-20
 3.950000e+04     1.007273e-19
 4.050000e+04     1.030569e-19
 4.150000e+04     1.054020e-19
 4.250000e+04     1.077626e-19
 4.350000e+04     1.101411e-19
 4.450000e+04     1.125351e-19
 4.550000e+04     1.149421e-19
 4.650000e+04     1.173626e-19
 4.750000e+04     1.197970e-19
 4.850000e+04     1.222433e-19
 4.950000e+04     1.246989e-19
 5.050000e+04     1.271620e-19
 5.150000e+04     1.296313e-19
 5.250000e+04     1.321065e-19
 5.350000e+04     1.323804e-19
 5.450000e+04     1.324256e-19
 5.550000e+04     1.334263e-19
 5.650000e+04     1.344846e-19
 5.750000e+04     1.366800e-19
 5.850000e+04     1.394561e-19
 5.950000e+04     1.430863e-19
 6.050000e+04     1.481087e-19
 6.150000e+04     1.599858e-19
 6.250000e+04     1.806067e-19
 6.350000e+04     1.938872e-19
 6.450000e+04     1.996741e-19
 6.550000e+04     2.025631e-19
 6.650010e+04     2.046481e-19
 6.750010e+04     2.082442e-19
 6.850010e+04     2.110516e-19
 6.950010e+04     2.156118e-19
 7.020000e+04     2.194119e-19
 7.100000e+04     2.226878e-19
 7.180000e+04     2.264807e-19
 7.260000e+04     2.319426e-19
 7.340000e+04     2.392070e-19
 7.420000e+04     2.487700e-19
 7.500000e+04     2.617922e-19
 7.580000e+04     2.789189e-19
 7.660000e+04     2.976417e-19
 7.740000e+04     3.139865e-19
 7.820000e+04     3.281877e-19
 7.900000e+04     3.403565e-19
 7.980000e+04     3.495714e-19
 8.060000e+04     3.553796e-19
 8.140000e+04     3.588751e-19
 8.220000e+04     3.597229e-19
 8.300000e+04     3.599629e-19
 8.380000e+04     3.604401e-19
 8.460000e+04     3.608217e-19
 8.540000e+04     3.611941e-19
 8.620000e+04     3.625160e-19
 8.700000e+04     3.639919e-19
 8.780000e+04     3.629601e-19
 8.860000e+04     3.588439e-19
 8.940000e+04     3.529189e-19
 9.020000e+04     3.464843e-19
 9.100000e+04     3.400758e-19
 9.180000e+04     3.331625e-19
 9.260000e+04     3.263387e-19
 9.340000e+04     3.197689e-19
 9.420000e+04     3.135353e-19
 9.500000e+04     3.073837e-19
 9.580000e+04     3.013555e-19
 9.660000e+04     2.965466e-19
 9.740000e+04     2.922798e-19
 9.820000e+04     2.869532e-19
 9.900000e+04     2.819346e-19
 9.980000e+04     2.769814e-19
 1.006000e+05     2.726358e-19
 1.020000e+05     2.652428e-19
 1.040000e+05     2.561565e-19
 1.060000e+05     2.524424e-19
 1.080000e+05     2.504231e-19
 1.100000e+05     2.505484e-19
 1.120000e+05     2.701892e-19
 1.140000e+05     3.051788e-19
 1.160000e+05     3.155285e-19
 1.180000e+05     3.192352e-19
 1.200000e+05     3.215576e-19
 1.220000e+05     3.275019e-19
 1.240000e+05     3.326895e-19
 1.260000e+05     3.413074e-19
 1.280000e+05     3.567000e-19
 1.300000e+05     3.654290e-19
 1.320000e+05     3.591572e-19
 1.340000e+05     3.553506e-19
 1.360000e+05     3.494846e-19
 1.380000e+05     3.459994e-19
 1.400000e+05     3.380219e-19
 1.420000e+05     3.346421e-19
 1.440000e+05     3.284287e-19
 1.460000e+05     3.231513e-19
 1.480000e+05     3.161049e-19
 1.500000e+05     3.115528e-19
 1.520000e+05     3.063338e-19
 1.540000e+05     3.027688e-19
 1.560000e+05     3.039236e-19
 1.580000e+05     3.046752e-19
 1.600000e+05     3.032315e-19
 1.620000e+05     3.032691e-19
 1.640000e+05     3.075005e-19
 1.660000e+05     3.152520e-19
 1.680000e+05     3.206840e-19
 1.700000e+05     3.290566e-19
 1.720000e+05     3.405684e-19
 1.740000e+05     3.470178e-19
 1.760000e+05     3.516295e-19
 1.780000e+05     3.539977e-19
 1.800000e+05     3.550385e-19
 1.820000e+05     3.556588e-19
 1.840000e+05     3.549470e-19
 1.860000e+05     3.552990e-19
 1.880000e+05     3.639592e-19
 1.900000e+05     3.669055e-19
 1.920000e+05     3.669507e-19
 1.940000e+05     3.673104e-19
 1.960000e+05     3.679959e-19
 1.980000e+05     3.686169e-19
 2.000000e+05     3.694009e-19
 2.020000e+05     3.708049e-19
 2.040000e+05     3.724919e-19
 2.060000e+05     3.744855e-19
 2.080000e+05     3.768702e-19
 2.100000e+05     3.796001e-19
 2.120000e+05     3.826067e-19
 2.140000e+05     3.856980e-19
 2.160000e+05     3.890953e-19
 2.180000e+05     3.929003e-19
 2.200000e+05     3.967701e-19
 2.220000e+05     4.007158e-19
 2.240000e+05     4.051503e-19
 2.260000e+05     4.096994e-19
 2.280000e+05     4.143850e-19
 2.300000e+05     4.193488e-19
 2.320000e+05     4.246077e-19
 2.340000e+05     4.299734e-19
 2.360000e+05     4.353770e-19
 2.380000e+05     4.409767e-19
 2.400000e+05     4.468046e-19
 2.420000e+05     4.527487e-19
 2.440000e+05     4.587516e-19
 2.460000e+05     4.650058e-19
 2.480000e+05     4.714481e-19
 2.500000e+05     4.780455e-19
 2.520000e+05     4.847658e-19
 2.540000e+05     4.916308e-19
 2.560000e+05     4.986419e-19
 2.580000e+05     5.065724e-19
 2.600000e+05     5.157125e-19
 2.620000e+05     5.241758e-19
 2.640000e+05     5.318003e-19
 2.660000e+05     5.393976e-19
 2.680000e+05     5.470582e-19
 2.700000e+05     5.550301e-19
 2.720000e+05     5.630575e-19
 2.740000e+05     5.709701e-19
 2.760000e+05     5.790282e-19
 2.780000e+05     5.875176e-19
 2.800000e+05     5.961871e-19
 2.820000e+05     6.056505e-19
 2.840000e+05     6.154479e-19
 2.860000e+05     6.246876e-19
 2.880000e+05     6.337241e-19
 2.900000e+05     6.429299e-19
 2.920000e+05     6.521572e-19
 2.940000e+05     6.617269e-19
 2.960000e+05     6.715007e-19
 2.980000e+05     6.811808e-19
 3.000000e+05     6.909722e-19
 3.020000e+05     7.011167e-19
 3.040000e+05     7.114114e-19
 3.060000e+05     7.217372e-19
 3.080000e+05     7.324010e-19
 3.100000e+05     7.433671e-19
 3.120000e+05     7.543849e-19
 3.140000e+05     7.657527e-19
 3.160000e+05     7.775770e-19
 3.180000e+05     7.894762e-19
 3.200000e+05     8.017800e-19
 3.220000e+05     8.144657e-19
 3.240000e+05     8.274930e-19
 3.260000e+05     8.411410e-19
 3.280000e+05     8.559233e-19
 3.300000e+05     8.714457e-19
 3.320000e+05     8.863861e-19
 3.340000e+05     9.057921e-19
 3.360000e+05     9.328900e-19
 3.380000e+05     9.549001e-19
 3.400000e+05     9.682444e-19
 3.420000e+05     9.818374e-19
 3.440000e+05     9.968019e-19
 3.460000e+05     1.010093e-18
 3.480000e+05     1.035097e-18
 3.500000e+05     1.067712e-18
 3.520000e+05     1.088936e-18
 3.540000e+05     1.099880e-18
 3.560000e+05     1.113291e-18
 3.580000e+05     1.127266e-18
 3.600000e+05     1.139618e-18
 3.620000e+05     1.154357e-18
 3.640000e+05     1.168757e-18
 3.660000e+05     1.181865e-18
 3.680000e+05     1.195199e-18
 3.700000e+05     1.209023e-18
 3.720000e+05     1.223056e-18
 3.740000e+05     1.236930e-18
 3.760000e+05     1.251020e-18
 3.780000e+05     1.265339e-18
 3.800000e+05     1.279712e-18
 3.820000e+05     1.294713e-18
 3.840000e+05     1.309979e-18
 3.860000e+05     1.325334e-18
 3.880000e+05     1.340848e-18
 3.900000e+05     1.356009e-18
 3.920000e+05     1.371620e-18
 4.320000e+05     1.706089e-18
 4.760000e+05     2.101408e-18
 5.250000e+05     2.559978e-18
 5.790000e+05     3.076753e-18
 6.390000e+05     3.658065e-18
 7.040000e+05     4.295113e-18
 7.760000e+05     5.179504e-18
 8.560000e+05     6.351281e-18
 9.430000e+05     7.787851e-18
 1.040000e+06     9.465661e-18
 1.147000e+06     1.125889e-17
 1.264000e+06     1.298801e-17
 1.394000e+06     1.448477e-17
 1.537000e+06     1.555830e-17
 1.694000e+06     1.608915e-17
 1.868000e+06     1.603398e-17
 2.059000e+06     1.542301e-17
 2.270000e+06     1.434597e-17
 2.503000e+06     1.293194e-17
 2.760000e+06     1.132334e-17
 3.043000e+06     9.654755e-18
 3.354000e+06     8.035752e-18
 3.698000e+06     6.534465e-18
 4.077000e+06     5.205517e-18
 4.495000e+06     4.068824e-18
 4.956000e+06     3.125800e-18
 5.464000e+06     2.364342e-18
 6.024000e+06     1.763186e-18
 6.641000e+06     1.298311e-18
 7.322000e+06     9.447056e-19
 8.073000e+06     6.802793e-19
 8.900000e+06     4.855567e-19
 9.813000e+06     3.442659e-19
 1.082000e+07     2.434732e-19
 1.193000e+07     1.721360e-19
 1.315000e+07     1.218820e-19
 1.450000e+07     8.635556e-20
 1.598000e+07     6.152979e-20
 1.762000e+07     4.403827e-20
 1.943000e+07     3.180744e-20
 2.142000e+07     2.329795e-20
 2.362000e+07     1.736305e-20
 2.604000e+07     1.326131e-20
 2.871000e+07     1.043434e-20
 3.165000e+07     8.511119e-21
 3.489000e+07     7.220036e-21
 3.847000e+07     6.380735e-21
 4.241000e+07     5.861247e-21
 4.676000e+07     5.572540e-21
 5.155000e+07     5.451864e-21
 5.683000e+07     5.454046e-21
 6.266000e+07     5.552252e-21
 6.908000e+07     5.724225e-21
 7.616000e+07     5.955496e-21
 8.397000e+07     6.239567e-21
 9.258000e+07     6.563243e-21
 1.020700e+08     6.927437e-21
 1.125300e+08     7.327646e-21
 1.240600e+08     7.763719e-21
 1.367800e+08     8.235947e-21
 1.508000e+08     8.744946e-21
 1.662500e+08     9.291947e-21
 1.833000e+08     9.881161e-21
 2.020800e+08     1.050696e-20
 2.228000e+08     1.117983e-20
 2.456300e+08     1.189573e-20
 2.708100e+08     1.266046e-20
 2.985700e+08     1.348111e-20
 3.291700e+08     1.436004e-20
 3.629100e+08     1.529550e-20
 4.001100e+08     1.629733e-20
 4.411200e+08     1.736635e-20
 4.863400e+08     1.851039e-20
 5.361900e+08     1.973506e-20
 5.911500e+08     2.104729e-20
 6.517400e+08     2.245320e-20
 7.185400e+08     2.395459e-20
 7.921900e+08     2.556170e-20
 8.733900e+08     2.728612e-20
 9.629200e+08     2.912959e-20
 1.000000e+09     2.987802e-20
