## EBL from Khaire & Srianand 2018; Q17 Model with alpha=-1.7 
## Column1:wavelength (Angstrom);  Column2:EBL specific intensity J_nu (erg/s/cm^2/Hz/Sr)
## ===========================================================================================
 1.000000e-08     2.999617e-41
 1.122019e-08     4.361619e-41
 1.258925e-08     6.217543e-41
 1.412538e-08     8.673587e-41
 1.584893e-08     1.186013e-40
 1.778279e-08     1.592889e-40
 1.995263e-08     2.105355e-40
 2.238721e-08     2.743217e-40
 2.511887e-08     3.529107e-40
 2.818382e-08     4.488872e-40
 3.162278e-08     5.652158e-40
 3.548135e-08     7.052968e-40
 3.981071e-08     8.730422e-40
 4.466837e-08     1.072963e-39
 5.011870e-08     1.310258e-39
 5.623413e-08     1.590945e-39
 6.309576e-08     1.921974e-39
 7.079456e-08     2.311386e-39
 7.943284e-08     2.768506e-39
 8.912505e-08     3.304116e-39
 1.000000e-07     3.930731e-39
 1.122019e-07     4.662837e-39
 1.258925e-07     5.517214e-39
 1.412538e-07     6.513349e-39
 1.584892e-07     7.673771e-39
 1.778279e-07     9.024661e-39
 1.995263e-07     1.059631e-38
 2.238721e-07     1.242384e-38
 2.511887e-07     1.454797e-38
 2.818382e-07     1.701588e-38
 3.162278e-07     1.988228e-38
 3.548136e-07     2.321054e-38
 3.981071e-07     2.707408e-38
 4.466837e-07     3.155810e-38
 5.011870e-07     3.676117e-38
 5.623413e-07     4.279771e-38
 6.309576e-07     4.980019e-38
 7.079456e-07     5.792206e-38
 7.943284e-07     6.734139e-38
 8.912505e-07     7.826421e-38
 1.000000e-06     9.092968e-38
 1.122019e-06     1.056146e-37
 1.258925e-06     1.226396e-37
 1.412538e-06     1.423770e-37
 1.584893e-06     1.652571e-37
 1.778279e-06     1.917795e-37
 1.995263e-06     2.225231e-37
 2.238721e-06     2.581577e-37
 2.511887e-06     2.994608e-37
 2.818382e-06     3.473321e-37
 3.162278e-06     4.028157e-37
 3.548136e-06     4.671201e-37
 3.981071e-06     5.416453e-37
 4.466837e-06     6.280163e-37
 5.011870e-06     7.281123e-37
 5.623413e-06     8.441151e-37
 6.309576e-06     9.785498e-37
 7.079456e-06     1.134342e-36
 7.943284e-06     1.314885e-36
 8.912505e-06     1.524108e-36
 1.000000e-05     1.766567e-36
 1.122019e-05     2.047539e-36
 1.258925e-05     2.373135e-36
 1.412538e-05     2.750449e-36
 1.584893e-05     3.187685e-36
 1.778279e-05     3.694362e-36
 1.995263e-05     4.281509e-36
 2.238721e-05     4.961895e-36
 2.511887e-05     5.750335e-36
 2.818382e-05     6.663974e-36
 3.162278e-05     7.722706e-36
 3.548135e-05     8.949561e-36
 3.981071e-05     1.037122e-35
 4.466837e-05     1.201865e-35
 5.011870e-05     1.392765e-35
 5.623413e-05     1.613980e-35
 6.309577e-05     1.870322e-35
 7.079457e-05     2.167364e-35
 7.943284e-05     2.511575e-35
 8.912505e-05     2.910437e-35
 1.000000e-04     3.372636e-35
 1.122018e-04     3.908221e-35
 1.258926e-04     4.527864e-35
 1.412538e-04     5.228096e-35
 1.584893e-04     6.036224e-35
 1.778279e-04     6.974079e-35
 1.995262e-04     8.064598e-35
 2.238722e-04     9.334094e-35
 2.511887e-04     1.081340e-34
 2.818383e-04     1.253886e-34
 3.162278e-04     1.455340e-34
 3.548134e-04     1.690768e-34
 3.981073e-04     1.966166e-34
 4.466837e-04     2.288623e-34
 5.011873e-04     2.666535e-34
 5.623413e-04     3.109850e-34
 6.309572e-04     3.630364e-34
 7.079460e-04     4.242078e-34
 7.943284e-04     4.961601e-34
 8.912510e-04     5.808676e-34
 1.000000e-03     6.806764e-34
 1.122018e-03     7.983769e-34
 1.258926e-03     9.372914e-34
 1.412538e-03     1.101371e-33
 1.584893e-03     1.295325e-33
 1.778279e-03     1.524766e-33
 1.995262e-03     1.796386e-33
 2.238722e-03     2.118166e-33
 2.511887e-03     2.499626e-33
 2.818383e-03     2.952136e-33
 3.162278e-03     3.489273e-33
 3.548133e-03     4.127247e-33
 3.981073e-03     4.885450e-33
 4.466837e-03     5.787040e-33
 5.011873e-03     6.859748e-33
 5.623413e-03     8.136806e-33
 6.309573e-03     9.658189e-33
 7.079460e-03     1.147225e-32
 7.943284e-03     1.363797e-32
 8.912510e-03     1.622802e-32
 1.000000e-02     1.933279e-32
 1.122019e-02     2.306541e-32
 1.258925e-02     2.756752e-32
 1.412538e-02     3.301597e-32
 1.584894e-02     3.962908e-32
 1.778279e-02     4.767357e-32
 1.995263e-02     5.747123e-32
 2.238721e-02     6.940507e-32
 2.511887e-02     8.392724e-32
 2.818385e-02     1.015670e-31
 3.162277e-02     1.229411e-31
 3.548136e-02     1.487683e-31
 3.981071e-02     1.798848e-31
 4.466837e-02     2.172680e-31
 5.011876e-02     2.620620e-31
 5.623413e-02     3.156116e-31
 6.309576e-02     3.795051e-31
 7.079456e-02     4.556199e-31
 7.943284e-02     5.461862e-31
 8.912515e-02     6.538532e-31
 1.000000e-01     7.817739e-31
 1.122019e-01     9.338564e-31
 1.258925e-01     1.108712e-30
 1.412538e-01     1.299429e-30
 1.584894e-01     1.503054e-30
 1.778279e-01     1.717711e-30
 1.995263e-01     1.941847e-30
 2.238721e-01     2.174052e-30
 2.511887e-01     2.413071e-30
 2.818385e-01     2.657806e-30
 3.162278e-01     2.907331e-30
 3.548135e-01     3.160906e-30
 3.981071e-01     3.417954e-30
 4.466837e-01     3.678064e-30
 5.011876e-01     3.940969e-30
 5.623413e-01     4.206523e-30
 6.309576e-01     4.473686e-30
 7.079456e-01     4.743699e-30
 7.943284e-01     5.016256e-30
 8.912515e-01     5.291244e-30
 1.000000e+00     5.568546e-30
 1.122019e+00     5.847920e-30
 1.258925e+00     6.128873e-30
 1.412538e+00     6.410535e-30
 1.584894e+00     6.691428e-30
 1.778279e+00     6.969184e-30
 1.995263e+00     7.240127e-30
 2.238721e+00     7.498671e-30
 2.511887e+00     7.736558e-30
 2.818385e+00     7.941886e-30
 3.162278e+00     8.095112e-30
 3.548136e+00     8.163295e-30
 3.981071e+00     8.161337e-30
 4.466837e+00     8.069651e-30
 5.011876e+00     7.860987e-30
 5.623413e+00     7.512647e-30
 6.309576e+00     7.006929e-30
 7.079456e+00     6.321059e-30
 7.943284e+00     5.536856e-30
 8.912516e+00     4.774879e-30
 1.000000e+01     4.032895e-30
 1.122019e+01     3.366431e-30
 1.258925e+01     2.786707e-30
 1.412538e+01     2.298475e-30
 1.584894e+01     1.894180e-30
 1.778279e+01     1.563081e-30
 1.995263e+01     1.293552e-30
 2.238721e+01     1.074253e-30
 2.511887e+01     8.957375e-31
 2.818385e+01     7.499044e-31
 3.162278e+01     6.304799e-31
 3.548135e+01     5.321106e-31
 3.981071e+01     4.507794e-31
 4.466837e+01     3.833402e-31
 5.011876e+01     3.271022e-31
 5.623413e+01     2.801510e-31
 6.309576e+01     2.407817e-31
 7.079456e+01     2.077148e-31
 7.943284e+01     1.799089e-31
 8.912515e+01     1.564654e-31
 1.000000e+02     1.367014e-31
 1.120000e+02     1.202545e-31
 1.250000e+02     1.067671e-31
 1.400000e+02     9.497343e-32
 1.550000e+02     8.598459e-32
 1.650000e+02     8.113545e-32
 1.750000e+02     7.706629e-32
 1.850000e+02     7.378636e-32
 1.900000e+02     7.279779e-32
 1.950000e+02     7.281018e-32
 2.000000e+02     7.494582e-32
 2.050000e+02     8.156836e-32
 2.100000e+02     9.744527e-32
 2.150000e+02     1.318295e-31
 2.180000e+02     1.680611e-31
 2.210000e+02     2.228298e-31
 2.240000e+02     3.044817e-31
 2.260000e+02     3.794545e-31
 2.270000e+02     4.247102e-31
 2.275000e+02     4.495584e-31
 2.278400e+02     4.673615e-31
 2.380000e+02     3.866911e-24
 2.500000e+02     4.168345e-24
 2.700000e+02     4.389852e-24
 2.900000e+02     4.600295e-24
 3.035000e+02     4.736965e-24
 3.037800e+02     4.744461e-24
 3.045000e+02     4.749804e-24
 3.060000e+02     4.762736e-24
 3.080000e+02     4.781805e-24
 3.100000e+02     4.801359e-24
 3.120000e+02     4.820978e-24
 3.150000e+02     4.850257e-24
 3.200000e+02     4.898745e-24
 3.250000e+02     4.946571e-24
 3.300000e+02     4.993684e-24
 3.400000e+02     5.086646e-24
 3.600000e+02     5.266361e-24
 3.800000e+02     5.438510e-24
 4.050000e+02     5.644219e-24
 4.250000e+02     5.802218e-24
 4.500000e+02     5.991991e-24
 4.650000e+02     6.105143e-24
 4.750000e+02     6.179321e-24
 4.820000e+02     6.230232e-24
 4.870000e+02     6.266359e-24
 4.910000e+02     6.295197e-24
 4.950000e+02     6.323488e-24
 4.980000e+02     6.344979e-24
 5.000000e+02     6.359021e-24
 5.020000e+02     6.373728e-24
 5.039800e+02     6.388829e-24
 5.100000e+02     8.783231e-24
 5.250000e+02     8.964862e-24
 5.600000e+02     9.198738e-24
 6.000000e+02     9.490832e-24
 6.500000e+02     9.996919e-24
 7.000000e+02     1.074989e-23
 7.500000e+02     1.192928e-23
 8.000000e+02     1.366165e-23
 8.300000e+02     1.506516e-23
 8.600000e+02     1.678958e-23
 8.800000e+02     1.813393e-23
 8.900000e+02     1.886945e-23
 8.960000e+02     1.933274e-23
 9.000000e+02     1.965071e-23
 9.030000e+02     1.989305e-23
 9.060000e+02     2.013972e-23
 9.090000e+02     2.039055e-23
 9.117800e+02     2.062840e-23
 9.300000e+02     7.865920e-22
 9.500000e+02     2.100614e-21
 9.750000e+02     4.111440e-21
 9.900000e+02     5.033910e-21
 1.005000e+03     6.198082e-21
 1.025000e+03     7.993532e-21
 1.045000e+03     9.439822e-21
 1.065000e+03     1.131680e-20
 1.085000e+03     1.297267e-20
 1.105000e+03     1.462690e-20
 1.125000e+03     1.626124e-20
 1.145000e+03     1.756755e-20
 1.165000e+03     1.905450e-20
 1.185000e+03     2.022866e-20
 1.205000e+03     2.134311e-20
 1.215600e+03     2.186000e-20
 1.215670e+03     2.635744e-20
 1.216000e+03     2.635482e-20
 1.218000e+03     2.633088e-20
 1.221000e+03     2.627852e-20
 1.225000e+03     2.620603e-20
 1.230000e+03     2.629531e-20
 1.240000e+03     2.690623e-20
 1.250000e+03     2.682972e-20
 1.265000e+03     2.766173e-20
 1.285000e+03     2.897124e-20
 1.305000e+03     2.996715e-20
 1.325000e+03     3.081588e-20
 1.345000e+03     3.185052e-20
 1.365000e+03     3.255150e-20
 1.385000e+03     3.363000e-20
 1.405000e+03     3.431317e-20
 1.425000e+03     3.458332e-20
 1.442000e+03     3.514626e-20
 1.455000e+03     3.547936e-20
 1.475000e+03     3.628635e-20
 1.517000e+03     3.664923e-20
 1.595000e+03     3.705805e-20
 1.672000e+03     3.710266e-20
 1.745000e+03     3.707685e-20
 1.825000e+03     3.687071e-20
 1.905000e+03     3.660569e-20
 1.984000e+03     3.503281e-20
 2.065000e+03     3.469823e-20
 2.135000e+03     3.429122e-20
 2.215000e+03     3.383600e-20
 2.295000e+03     3.334625e-20
 2.375000e+03     3.283673e-20
 2.455000e+03     3.240065e-20
 2.525000e+03     3.196139e-20
 2.605000e+03     3.160381e-20
 2.685000e+03     3.139213e-20
 2.765000e+03     3.107631e-20
 2.845000e+03     3.070548e-20
 2.950000e+03     3.036443e-20
 3.110000e+03     2.989032e-20
 3.270000e+03     2.937088e-20
 3.430000e+03     2.885755e-20
 3.590000e+03     2.837165e-20
 3.730000e+03     2.828271e-20
 3.890000e+03     2.955225e-20
 4.050000e+03     3.087755e-20
 4.210000e+03     3.274430e-20
 4.370000e+03     3.418619e-20
 4.530000e+03     3.550281e-20
 4.690000e+03     3.669675e-20
 4.850000e+03     3.739329e-20
 5.010000e+03     3.796918e-20
 5.170000e+03     3.839940e-20
 5.330000e+03     3.877184e-20
 5.490000e+03     3.905866e-20
 5.650000e+03     3.932476e-20
 5.810000e+03     3.958689e-20
 5.970000e+03     3.965800e-20
 6.130000e+03     3.973718e-20
 6.290000e+03     3.973891e-20
 6.450000e+03     3.969601e-20
 6.610000e+03     3.963391e-20
 6.770000e+03     3.959574e-20
 6.930000e+03     3.952944e-20
 7.090000e+03     3.944250e-20
 7.250000e+03     3.935383e-20
 7.410000e+03     3.929860e-20
 7.570000e+03     3.929293e-20
 7.730000e+03     3.934372e-20
 7.890000e+03     3.938575e-20
 8.050000e+03     3.940949e-20
 8.210000e+03     3.945141e-20
 8.370000e+03     3.949852e-20
 8.530000e+03     3.955247e-20
 8.690000e+03     3.963213e-20
 8.850000e+03     3.980414e-20
 9.010000e+03     3.995638e-20
 9.170000e+03     4.008116e-20
 9.330000e+03     4.029400e-20
 9.490000e+03     4.050929e-20
 9.650000e+03     4.066922e-20
 9.810000e+03     4.083711e-20
 9.970000e+03     4.099971e-20
 1.050000e+04     4.134151e-20
 1.150000e+04     4.137473e-20
 1.250000e+04     4.117122e-20
 1.350000e+04     4.090762e-20
 1.450000e+04     4.077883e-20
 1.550000e+04     4.108227e-20
 1.650000e+04     4.098889e-20
 1.750000e+04     4.050455e-20
 1.850000e+04     3.977507e-20
 1.950000e+04     3.891627e-20
 2.050000e+04     3.801579e-20
 2.150000e+04     3.714370e-20
 2.250000e+04     3.635232e-20
 2.350000e+04     3.568293e-20
 2.450000e+04     3.516986e-20
 2.550000e+04     3.484296e-20
 2.650000e+04     3.472725e-20
 2.750000e+04     3.484065e-20
 2.850000e+04     3.519367e-20
 2.950000e+04     3.579079e-20
 3.050000e+04     3.663281e-20
 3.150000e+04     3.736105e-20
 3.250000e+04     3.821673e-20
 3.350000e+04     3.904849e-20
 3.450000e+04     3.992905e-20
 3.550000e+04     4.085222e-20
 3.650000e+04     4.180595e-20
 3.750000e+04     4.278365e-20
 3.850000e+04     4.376958e-20
 3.950000e+04     4.475115e-20
 4.050000e+04     4.573588e-20
 4.150000e+04     4.672910e-20
 4.250000e+04     4.772746e-20
 4.350000e+04     4.872717e-20
 4.450000e+04     4.972584e-20
 4.550000e+04     5.071971e-20
 4.650000e+04     5.170659e-20
 4.750000e+04     5.268575e-20
 4.850000e+04     5.365695e-20
 4.950000e+04     5.462009e-20
 5.050000e+04     5.557578e-20
 5.150000e+04     5.652599e-20
 5.250000e+04     5.747431e-20
 5.350000e+04     5.840833e-20
 5.450000e+04     5.906590e-20
 5.550000e+04     5.993227e-20
 5.650000e+04     6.092049e-20
 5.750000e+04     6.219692e-20
 5.850000e+04     6.308656e-20
 5.950000e+04     6.385050e-20
 6.050000e+04     6.542275e-20
 6.150000e+04     7.030318e-20
 6.250000e+04     7.966327e-20
 6.350000e+04     8.447594e-20
 6.450000e+04     8.513293e-20
 6.550000e+04     8.545268e-20
 6.650010e+04     8.580985e-20
 6.750010e+04     8.640509e-20
 6.850010e+04     8.705450e-20
 6.950010e+04     8.828292e-20
 7.020000e+04     8.998791e-20
 7.100000e+04     9.109735e-20
 7.180000e+04     9.242229e-20
 7.260000e+04     9.440155e-20
 7.340000e+04     9.709145e-20
 7.420000e+04     1.010524e-19
 7.500000e+04     1.067323e-19
 7.580000e+04     1.143503e-19
 7.660000e+04     1.226371e-19
 7.740000e+04     1.300068e-19
 7.820000e+04     1.363287e-19
 7.900000e+04     1.416714e-19
 7.980000e+04     1.456291e-19
 8.060000e+04     1.479534e-19
 8.140000e+04     1.489993e-19
 8.220000e+04     1.489174e-19
 8.300000e+04     1.486687e-19
 8.380000e+04     1.486335e-19
 8.460000e+04     1.487412e-19
 8.540000e+04     1.489782e-19
 8.620000e+04     1.497755e-19
 8.700000e+04     1.507926e-19
 8.780000e+04     1.507536e-19
 8.860000e+04     1.492535e-19
 8.940000e+04     1.468385e-19
 9.020000e+04     1.440822e-19
 9.100000e+04     1.411469e-19
 9.180000e+04     1.381209e-19
 9.260000e+04     1.350825e-19
 9.340000e+04     1.320964e-19
 9.420000e+04     1.291846e-19
 9.500000e+04     1.263512e-19
 9.580000e+04     1.236428e-19
 9.660000e+04     1.214320e-19
 9.740000e+04     1.193566e-19
 9.820000e+04     1.168916e-19
 9.900000e+04     1.142736e-19
 9.980000e+04     1.119793e-19
 1.006000e+05     1.097211e-19
 1.020000e+05     1.061905e-19
 1.040000e+05     1.020949e-19
 1.060000e+05     9.983445e-20
 1.080000e+05     9.846925e-20
 1.100000e+05     9.821199e-20
 1.120000e+05     1.062380e-19
 1.140000e+05     1.231832e-19
 1.160000e+05     1.262468e-19
 1.180000e+05     1.253188e-19
 1.200000e+05     1.252315e-19
 1.220000e+05     1.251917e-19
 1.240000e+05     1.266646e-19
 1.260000e+05     1.287643e-19
 1.280000e+05     1.348810e-19
 1.300000e+05     1.389560e-19
 1.320000e+05     1.343655e-19
 1.340000e+05     1.321314e-19
 1.360000e+05     1.301757e-19
 1.380000e+05     1.274308e-19
 1.400000e+05     1.246641e-19
 1.420000e+05     1.229498e-19
 1.440000e+05     1.211195e-19
 1.460000e+05     1.186381e-19
 1.480000e+05     1.162759e-19
 1.500000e+05     1.140274e-19
 1.520000e+05     1.122126e-19
 1.540000e+05     1.107887e-19
 1.560000e+05     1.117018e-19
 1.580000e+05     1.121137e-19
 1.600000e+05     1.110919e-19
 1.620000e+05     1.115953e-19
 1.640000e+05     1.131819e-19
 1.660000e+05     1.168381e-19
 1.680000e+05     1.188074e-19
 1.700000e+05     1.224595e-19
 1.720000e+05     1.267442e-19
 1.740000e+05     1.289370e-19
 1.760000e+05     1.301265e-19
 1.780000e+05     1.297099e-19
 1.800000e+05     1.296463e-19
 1.820000e+05     1.288619e-19
 1.840000e+05     1.281543e-19
 1.860000e+05     1.277652e-19
 1.880000e+05     1.313434e-19
 1.900000e+05     1.324710e-19
 1.920000e+05     1.318301e-19
 1.940000e+05     1.315037e-19
 1.960000e+05     1.308121e-19
 1.980000e+05     1.307620e-19
 2.000000e+05     1.302644e-19
 2.020000e+05     1.301177e-19
 2.040000e+05     1.298935e-19
 2.060000e+05     1.302476e-19
 2.080000e+05     1.306848e-19
 2.100000e+05     1.311459e-19
 2.120000e+05     1.317233e-19
 2.140000e+05     1.324931e-19
 2.160000e+05     1.334757e-19
 2.180000e+05     1.344515e-19
 2.200000e+05     1.354931e-19
 2.220000e+05     1.366461e-19
 2.240000e+05     1.379130e-19
 2.260000e+05     1.392905e-19
 2.280000e+05     1.407053e-19
 2.300000e+05     1.421459e-19
 2.320000e+05     1.436729e-19
 2.340000e+05     1.452923e-19
 2.360000e+05     1.469770e-19
 2.380000e+05     1.486831e-19
 2.400000e+05     1.504198e-19
 2.420000e+05     1.522156e-19
 2.440000e+05     1.540644e-19
 2.460000e+05     1.559315e-19
 2.480000e+05     1.578046e-19
 2.500000e+05     1.597170e-19
 2.520000e+05     1.616903e-19
 2.540000e+05     1.636986e-19
 2.560000e+05     1.657854e-19
 2.580000e+05     1.682719e-19
 2.600000e+05     1.713087e-19
 2.620000e+05     1.739831e-19
 2.640000e+05     1.760652e-19
 2.660000e+05     1.780793e-19
 2.680000e+05     1.802480e-19
 2.700000e+05     1.823994e-19
 2.720000e+05     1.846509e-19
 2.740000e+05     1.870107e-19
 2.760000e+05     1.894006e-19
 2.780000e+05     1.918833e-19
 2.800000e+05     1.945108e-19
 2.820000e+05     1.975386e-19
 2.840000e+05     2.007045e-19
 2.860000e+05     2.035835e-19
 2.880000e+05     2.063397e-19
 2.900000e+05     2.092015e-19
 2.920000e+05     2.121181e-19
 2.940000e+05     2.150437e-19
 2.960000e+05     2.181064e-19
 2.980000e+05     2.212255e-19
 3.000000e+05     2.243724e-19
 3.020000e+05     2.276332e-19
 3.040000e+05     2.309512e-19
 3.060000e+05     2.343106e-19
 3.080000e+05     2.378074e-19
 3.100000e+05     2.414053e-19
 3.120000e+05     2.450936e-19
 3.140000e+05     2.488835e-19
 3.160000e+05     2.527528e-19
 3.180000e+05     2.566957e-19
 3.200000e+05     2.607444e-19
 3.220000e+05     2.650104e-19
 3.240000e+05     2.694461e-19
 3.260000e+05     2.740587e-19
 3.280000e+05     2.788599e-19
 3.300000e+05     2.838450e-19
 3.320000e+05     2.891897e-19
 3.340000e+05     2.968928e-19
 3.360000e+05     3.078694e-19
 3.380000e+05     3.156602e-19
 3.400000e+05     3.208425e-19
 3.420000e+05     3.246920e-19
 3.440000e+05     3.286546e-19
 3.460000e+05     3.344252e-19
 3.480000e+05     3.450862e-19
 3.500000e+05     3.583817e-19
 3.520000e+05     3.658352e-19
 3.540000e+05     3.710462e-19
 3.560000e+05     3.736566e-19
 3.580000e+05     3.778514e-19
 3.600000e+05     3.831085e-19
 3.620000e+05     3.872076e-19
 3.640000e+05     3.912942e-19
 3.660000e+05     3.965973e-19
 3.680000e+05     4.018235e-19
 3.700000e+05     4.064536e-19
 3.720000e+05     4.114530e-19
 3.740000e+05     4.168300e-19
 3.760000e+05     4.218716e-19
 3.780000e+05     4.267599e-19
 3.800000e+05     4.320263e-19
 3.820000e+05     4.375697e-19
 3.840000e+05     4.431076e-19
 3.860000e+05     4.486159e-19
 3.880000e+05     4.541686e-19
 3.900000e+05     4.597625e-19
 3.920000e+05     4.653543e-19
 4.320000e+05     5.869444e-19
 4.760000e+05     7.317661e-19
 5.250000e+05     8.997704e-19
 5.790000e+05     1.088598e-18
 6.390000e+05     1.300392e-18
 7.040000e+05     1.532318e-18
 7.760000e+05     1.897673e-18
 8.560000e+05     2.438973e-18
 9.430000e+05     3.156239e-18
 1.040000e+06     4.030751e-18
 1.147000e+06     4.981977e-18
 1.264000e+06     5.896727e-18
 1.394000e+06     6.669623e-18
 1.537000e+06     7.194339e-18
 1.694000e+06     7.412868e-18
 1.868000e+06     7.314437e-18
 2.059000e+06     6.932290e-18
 2.270000e+06     6.329057e-18
 2.503000e+06     5.583709e-18
 2.760000e+06     4.775055e-18
 3.043000e+06     3.971121e-18
 3.354000e+06     3.221398e-18
 3.698000e+06     2.552485e-18
 4.077000e+06     1.981785e-18
 4.495000e+06     1.510695e-18
 4.956000e+06     1.132899e-18
 5.464000e+06     8.374556e-19
 6.024000e+06     6.111141e-19
 6.641000e+06     4.409158e-19
 7.322000e+06     3.147897e-19
 8.073000e+06     2.226926e-19
 8.900000e+06     1.563342e-19
 9.813000e+06     1.095437e-19
 1.082000e+07     7.675652e-20
 1.193000e+07     5.385873e-20
 1.315000e+07     3.790122e-20
 1.450000e+07     2.670582e-20
 1.598000e+07     1.889485e-20
 1.762000e+07     1.338502e-20
 1.943000e+07     9.518351e-21
 2.142000e+07     6.816229e-21
 2.362000e+07     4.920534e-21
 2.604000e+07     3.599370e-21
 2.871000e+07     2.675798e-21
 3.165000e+07     2.041319e-21
 3.489000e+07     1.602220e-21
 3.847000e+07     1.306689e-21
 4.241000e+07     1.112329e-21
 4.676000e+07     9.892365e-22
 5.155000e+07     9.166103e-22
 5.683000e+07     8.812175e-22
 6.266000e+07     8.771925e-22
 6.908000e+07     8.947632e-22
 7.616000e+07     9.290496e-22
 8.397000e+07     9.739118e-22
 9.258000e+07     1.034197e-21
 1.020700e+08     1.102792e-21
 1.125300e+08     1.181574e-21
 1.240600e+08     1.271207e-21
 1.367800e+08     1.367524e-21
 1.508000e+08     1.474523e-21
 1.662500e+08     1.594400e-21
 1.833000e+08     1.721593e-21
 2.020800e+08     1.859921e-21
 2.228000e+08     2.007629e-21
 2.456300e+08     2.169681e-21
 2.708100e+08     2.346202e-21
 2.985700e+08     2.535378e-21
 3.291700e+08     2.740991e-21
 3.629100e+08     2.961458e-21
 4.001100e+08     3.199699e-21
 4.411200e+08     3.458178e-21
 4.863400e+08     3.738174e-21
 5.361900e+08     4.040488e-21
 5.911500e+08     4.370114e-21
 6.517400e+08     4.725745e-21
 7.185400e+08     5.109835e-21
 7.921900e+08     5.524662e-21
 8.733900e+08     5.971752e-21
 9.629200e+08     6.454733e-21
 1.000000e+09     6.652278e-21
