## EBL from Khaire & Srianand 2018; Q17 Model with alpha=-1.7 
## Column1:wavelength (Angstrom);  Column2:EBL specific intensity J_nu (erg/s/cm^2/Hz/Sr)
## ===========================================================================================
 1.000000e-08     3.051535e-43
 1.122019e-08     4.442748e-43
 1.258925e-08     6.327865e-43
 1.412538e-08     8.816006e-43
 1.584893e-08     1.203956e-42
 1.778279e-08     1.615113e-42
 1.995263e-08     2.132497e-42
 2.238721e-08     2.775971e-42
 2.511887e-08     3.568228e-42
 2.818382e-08     4.535192e-42
 3.162278e-08     5.706601e-42
 3.548135e-08     7.116566e-42
 3.981071e-08     8.804337e-42
 4.466837e-08     1.081518e-41
 5.011870e-08     1.320128e-41
 5.623413e-08     1.602303e-41
 6.309576e-08     1.935017e-41
 7.079456e-08     2.326345e-41
 7.943284e-08     2.785645e-41
 8.912505e-08     3.323742e-41
 1.000000e-07     3.953198e-41
 1.122019e-07     4.688555e-41
 1.258925e-07     5.546660e-41
 1.412538e-07     6.547073e-41
 1.584892e-07     7.712413e-41
 1.778279e-07     9.068961e-41
 1.995263e-07     1.064713e-40
 2.238721e-07     1.248216e-40
 2.511887e-07     1.461496e-40
 2.818382e-07     1.709286e-40
 3.162278e-07     1.997081e-40
 3.548136e-07     2.331241e-40
 3.981071e-07     2.719136e-40
 4.466837e-07     3.169321e-40
 5.011870e-07     3.691689e-40
 5.623413e-07     4.297728e-40
 6.309576e-07     5.000735e-40
 7.079456e-07     5.816114e-40
 7.943284e-07     6.761743e-40
 8.912505e-07     7.858303e-40
 1.000000e-06     9.129803e-40
 1.122019e-06     1.060403e-39
 1.258925e-06     1.231317e-39
 1.412538e-06     1.429460e-39
 1.584893e-06     1.659152e-39
 1.778279e-06     1.925408e-39
 1.995263e-06     2.234038e-39
 2.238721e-06     2.591769e-39
 2.511887e-06     3.006403e-39
 2.818382e-06     3.486974e-39
 3.162278e-06     4.043961e-39
 3.548136e-06     4.689498e-39
 3.981071e-06     5.437639e-39
 4.466837e-06     6.304695e-39
 5.011870e-06     7.309532e-39
 5.623413e-06     8.474053e-39
 6.309576e-06     9.823605e-39
 7.079456e-06     1.138755e-38
 7.943284e-06     1.319998e-38
 8.912505e-06     1.530030e-38
 1.000000e-05     1.773427e-38
 1.122019e-05     2.055486e-38
 1.258925e-05     2.382341e-38
 1.412538e-05     2.761114e-38
 1.584893e-05     3.200041e-38
 1.778279e-05     3.708678e-38
 1.995263e-05     4.298096e-38
 2.238721e-05     4.981113e-38
 2.511887e-05     5.772600e-38
 2.818382e-05     6.689771e-38
 3.162278e-05     7.752597e-38
 3.548135e-05     8.984193e-38
 3.981071e-05     1.041135e-37
 4.466837e-05     1.206514e-37
 5.011870e-05     1.398153e-37
 5.623413e-05     1.620223e-37
 6.309577e-05     1.877555e-37
 7.079457e-05     2.175746e-37
 7.943284e-05     2.521287e-37
 8.912505e-05     2.921691e-37
 1.000000e-04     3.385677e-37
 1.122018e-04     3.923331e-37
 1.258926e-04     4.545625e-37
 1.412538e-04     5.247353e-37
 1.584893e-04     6.058011e-37
 1.778279e-04     6.999443e-37
 1.995262e-04     8.094360e-37
 2.238722e-04     9.369092e-37
 2.511887e-04     1.085460e-36
 2.818383e-04     1.258740e-36
 3.162278e-04     1.461064e-36
 3.548134e-04     1.697525e-36
 3.981073e-04     1.974147e-36
 4.466837e-04     2.298058e-36
 5.011873e-04     2.677697e-36
 5.623413e-04     3.123066e-36
 6.309572e-04     3.646024e-36
 7.079460e-04     4.260646e-36
 7.943284e-04     4.983632e-36
 8.912510e-04     5.834832e-36
 1.000000e-03     6.837838e-36
 1.122018e-03     8.020708e-36
 1.258926e-03     9.416852e-36
 1.412538e-03     1.106600e-35
 1.584893e-03     1.301551e-35
 1.778279e-03     1.532184e-35
 1.995262e-03     1.805227e-35
 2.238722e-03     2.128709e-35
 2.511887e-03     2.512204e-35
 2.818383e-03     2.967148e-35
 3.162278e-03     3.507195e-35
 3.548133e-03     4.148655e-35
 3.981073e-03     4.911029e-35
 4.466837e-03     5.817613e-35
 5.011873e-03     6.896302e-35
 5.623413e-03     8.180528e-35
 6.309573e-03     9.710510e-35
 7.079460e-03     1.153491e-34
 7.943284e-03     1.371311e-34
 8.912510e-03     1.631832e-34
 1.000000e-02     1.944166e-34
 1.122019e-02     2.319722e-34
 1.258925e-02     2.772792e-34
 1.412538e-02     3.321215e-34
 1.584894e-02     3.987009e-34
 1.778279e-02     4.797054e-34
 1.995263e-02     5.783756e-34
 2.238721e-02     6.985652e-34
 2.511887e-02     8.448199e-34
 2.818385e-02     1.022457e-33
 3.162277e-02     1.237671e-33
 3.548136e-02     1.497680e-33
 3.981071e-02     1.810878e-33
 4.466837e-02     2.187080e-33
 5.011876e-02     2.637779e-33
 5.623413e-02     3.176485e-33
 6.309576e-02     3.819159e-33
 7.079456e-02     4.584672e-33
 7.943284e-02     5.495445e-33
 8.912515e-02     6.578116e-33
 1.000000e-01     7.864391e-33
 1.122019e-01     9.393196e-33
 1.258925e-01     1.115235e-32
 1.412538e-01     1.306134e-32
 1.584894e-01     1.509469e-32
 1.778279e-01     1.723580e-32
 1.995263e-01     1.946979e-32
 2.238721e-01     2.178286e-32
 2.511887e-01     2.416265e-32
 2.818385e-01     2.659840e-32
 3.162278e-01     2.908105e-32
 3.548135e-01     3.160337e-32
 3.981071e-01     3.415976e-32
 4.466837e-01     3.674630e-32
 5.011876e-01     3.936040e-32
 5.623413e-01     4.200073e-32
 6.309576e-01     4.464890e-32
 7.079456e-01     4.732868e-32
 7.943284e-01     5.003156e-32
 8.912515e-01     5.275467e-32
 1.000000e+00     5.549468e-32
 1.122019e+00     5.824593e-32
 1.258925e+00     6.099847e-32
 1.412538e+00     6.373604e-32
 1.584894e+00     6.643255e-32
 1.778279e+00     6.904764e-32
 1.995263e+00     7.152042e-32
 2.238721e+00     7.376097e-32
 2.511887e+00     7.564067e-32
 2.818385e+00     7.698211e-32
 3.162278e+00     7.753180e-32
 3.548136e+00     7.687107e-32
 3.981071e+00     7.516680e-32
 4.466837e+00     7.222490e-32
 5.011876e+00     6.789942e-32
 5.623413e+00     6.215303e-32
 6.309576e+00     5.546036e-32
 7.079456e+00     4.760949e-32
 7.943284e+00     4.000277e-32
 8.912516e+00     3.307123e-32
 1.000000e+01     2.703571e-32
 1.122019e+01     2.195838e-32
 1.258925e+01     1.779266e-32
 1.412538e+01     1.443021e-32
 1.584894e+01     1.174226e-32
 1.778279e+01     9.596829e-33
 1.995263e+01     7.886669e-33
 2.238721e+01     6.516789e-33
 2.511887e+01     5.414874e-33
 2.818385e+01     4.521975e-33
 3.162278e+01     3.794518e-33
 3.548135e+01     3.198207e-33
 3.981071e+01     2.706913e-33
 4.466837e+01     2.300090e-33
 5.011876e+01     1.961513e-33
 5.623413e+01     1.678552e-33
 6.309576e+01     1.441690e-33
 7.079456e+01     1.242823e-33
 7.943284e+01     1.075283e-33
 8.912515e+01     9.338798e-34
 1.000000e+02     8.146300e-34
 1.120000e+02     7.151994e-34
 1.250000e+02     6.333518e-34
 1.400000e+02     5.617083e-34
 1.550000e+02     5.067641e-34
 1.650000e+02     4.769772e-34
 1.750000e+02     4.518099e-34
 1.850000e+02     4.315260e-34
 1.900000e+02     4.254788e-34
 1.950000e+02     4.257905e-34
 2.000000e+02     4.396267e-34
 2.050000e+02     4.820442e-34
 2.100000e+02     5.833481e-34
 2.150000e+02     8.022296e-34
 2.180000e+02     1.032526e-33
 2.210000e+02     1.380255e-33
 2.240000e+02     1.898090e-33
 2.260000e+02     2.373131e-33
 2.270000e+02     2.659723e-33
 2.275000e+02     2.817035e-33
 2.278400e+02     2.929728e-33
 2.380000e+02     1.455728e-24
 2.500000e+02     1.490207e-24
 2.700000e+02     1.545535e-24
 2.900000e+02     1.598248e-24
 3.035000e+02     1.632318e-24
 3.037800e+02     1.633108e-24
 3.045000e+02     1.634828e-24
 3.060000e+02     1.638491e-24
 3.080000e+02     1.643455e-24
 3.100000e+02     1.648327e-24
 3.120000e+02     1.653177e-24
 3.150000e+02     1.660453e-24
 3.200000e+02     1.672366e-24
 3.250000e+02     1.684225e-24
 3.300000e+02     1.695877e-24
 3.400000e+02     1.718714e-24
 3.600000e+02     1.762879e-24
 3.800000e+02     1.804935e-24
 4.050000e+02     1.855140e-24
 4.250000e+02     1.893747e-24
 4.500000e+02     1.940025e-24
 4.650000e+02     1.968069e-24
 4.750000e+02     1.986345e-24
 4.820000e+02     1.998955e-24
 4.870000e+02     2.007890e-24
 4.910000e+02     2.014964e-24
 4.950000e+02     2.022068e-24
 4.980000e+02     2.027270e-24
 5.000000e+02     2.030747e-24
 5.020000e+02     2.034603e-24
 5.039800e+02     2.038528e-24
 5.100000e+02     2.878104e-24
 5.250000e+02     2.897007e-24
 5.600000e+02     2.942607e-24
 6.000000e+02     3.006041e-24
 6.500000e+02     3.139518e-24
 7.000000e+02     3.357734e-24
 7.500000e+02     3.720596e-24
 8.000000e+02     4.263669e-24
 8.300000e+02     4.708397e-24
 8.600000e+02     5.255740e-24
 8.800000e+02     5.683331e-24
 8.900000e+02     5.917445e-24
 8.960000e+02     6.064580e-24
 9.000000e+02     6.165644e-24
 9.030000e+02     6.243031e-24
 9.060000e+02     6.321409e-24
 9.090000e+02     6.401466e-24
 9.117800e+02     6.476503e-24
 9.300000e+02     9.684853e-22
 9.500000e+02     2.021465e-21
 9.750000e+02     4.345532e-21
 9.900000e+02     5.083668e-21
 1.005000e+03     6.107922e-21
 1.025000e+03     7.756130e-21
 1.045000e+03     9.062901e-21
 1.065000e+03     1.081369e-20
 1.085000e+03     1.247712e-20
 1.105000e+03     1.394250e-20
 1.125000e+03     1.546695e-20
 1.145000e+03     1.667388e-20
 1.165000e+03     1.795647e-20
 1.185000e+03     1.895637e-20
 1.205000e+03     1.968551e-20
 1.215600e+03     1.994323e-20
 1.215670e+03     2.484397e-20
 1.216000e+03     2.483222e-20
 1.218000e+03     2.475746e-20
 1.221000e+03     2.463327e-20
 1.225000e+03     2.449241e-20
 1.230000e+03     2.466217e-20
 1.240000e+03     2.462522e-20
 1.250000e+03     2.461711e-20
 1.265000e+03     2.522387e-20
 1.285000e+03     2.576840e-20
 1.305000e+03     2.597576e-20
 1.325000e+03     2.594173e-20
 1.345000e+03     2.633198e-20
 1.365000e+03     2.653291e-20
 1.385000e+03     2.681342e-20
 1.405000e+03     2.653198e-20
 1.425000e+03     2.668915e-20
 1.442000e+03     2.673141e-20
 1.455000e+03     2.673363e-20
 1.475000e+03     2.668179e-20
 1.517000e+03     2.650874e-20
 1.595000e+03     2.380462e-20
 1.672000e+03     2.370303e-20
 1.745000e+03     2.342296e-20
 1.825000e+03     2.316073e-20
 1.905000e+03     2.278820e-20
 1.984000e+03     2.245645e-20
 2.065000e+03     2.216755e-20
 2.135000e+03     2.182898e-20
 2.215000e+03     2.149912e-20
 2.295000e+03     2.111842e-20
 2.375000e+03     2.072608e-20
 2.455000e+03     2.037198e-20
 2.525000e+03     2.003872e-20
 2.605000e+03     1.973942e-20
 2.685000e+03     1.955331e-20
 2.765000e+03     1.932386e-20
 2.845000e+03     1.903371e-20
 2.950000e+03     1.876606e-20
 3.110000e+03     1.840874e-20
 3.270000e+03     1.800492e-20
 3.430000e+03     1.760780e-20
 3.590000e+03     1.721916e-20
 3.730000e+03     1.706341e-20
 3.890000e+03     1.805812e-20
 4.050000e+03     1.881444e-20
 4.210000e+03     2.043486e-20
 4.370000e+03     2.163980e-20
 4.530000e+03     2.259466e-20
 4.690000e+03     2.335785e-20
 4.850000e+03     2.374955e-20
 5.010000e+03     2.375339e-20
 5.170000e+03     2.373706e-20
 5.330000e+03     2.359913e-20
 5.490000e+03     2.344403e-20
 5.650000e+03     2.331690e-20
 5.810000e+03     2.323902e-20
 5.970000e+03     2.310619e-20
 6.130000e+03     2.303902e-20
 6.290000e+03     2.294061e-20
 6.450000e+03     2.289009e-20
 6.610000e+03     2.282915e-20
 6.770000e+03     2.281591e-20
 6.930000e+03     2.278095e-20
 7.090000e+03     2.272951e-20
 7.250000e+03     2.266759e-20
 7.410000e+03     2.262984e-20
 7.570000e+03     2.262012e-20
 7.730000e+03     2.265921e-20
 7.890000e+03     2.268280e-20
 8.050000e+03     2.270146e-20
 8.210000e+03     2.272856e-20
 8.370000e+03     2.276365e-20
 8.530000e+03     2.279967e-20
 8.690000e+03     2.286513e-20
 8.850000e+03     2.300069e-20
 9.010000e+03     2.311729e-20
 9.170000e+03     2.322754e-20
 9.330000e+03     2.335814e-20
 9.490000e+03     2.354463e-20
 9.650000e+03     2.363530e-20
 9.810000e+03     2.375526e-20
 9.970000e+03     2.386310e-20
 1.050000e+04     2.408233e-20
 1.150000e+04     2.391051e-20
 1.250000e+04     2.361773e-20
 1.350000e+04     2.329961e-20
 1.450000e+04     2.319252e-20
 1.550000e+04     2.344123e-20
 1.650000e+04     2.366722e-20
 1.750000e+04     2.340741e-20
 1.850000e+04     2.271706e-20
 1.950000e+04     2.189672e-20
 2.050000e+04     2.100565e-20
 2.150000e+04     2.016932e-20
 2.250000e+04     1.944796e-20
 2.350000e+04     1.887463e-20
 2.450000e+04     1.845836e-20
 2.550000e+04     1.819564e-20
 2.650000e+04     1.808218e-20
 2.750000e+04     1.811614e-20
 2.850000e+04     1.829692e-20
 2.950000e+04     1.862468e-20
 3.050000e+04     1.909902e-20
 3.150000e+04     1.971985e-20
 3.250000e+04     2.041352e-20
 3.350000e+04     2.095222e-20
 3.450000e+04     2.153973e-20
 3.550000e+04     2.213886e-20
 3.650000e+04     2.273985e-20
 3.750000e+04     2.332448e-20
 3.850000e+04     2.389389e-20
 3.950000e+04     2.444664e-20
 4.050000e+04     2.498161e-20
 4.150000e+04     2.549969e-20
 4.250000e+04     2.601190e-20
 4.350000e+04     2.653165e-20
 4.450000e+04     2.706061e-20
 4.550000e+04     2.759215e-20
 4.650000e+04     2.812178e-20
 4.750000e+04     2.864916e-20
 4.850000e+04     2.917483e-20
 4.950000e+04     2.969908e-20
 5.050000e+04     3.022199e-20
 5.150000e+04     3.074356e-20
 5.250000e+04     3.126386e-20
 5.350000e+04     3.177354e-20
 5.450000e+04     3.211023e-20
 5.550000e+04     3.255462e-20
 5.650000e+04     3.310167e-20
 5.750000e+04     3.381676e-20
 5.850000e+04     3.432475e-20
 5.950000e+04     3.473352e-20
 6.050000e+04     3.560643e-20
 6.150000e+04     3.859045e-20
 6.250000e+04     4.432307e-20
 6.350000e+04     4.781275e-20
 6.450000e+04     4.832099e-20
 6.550000e+04     4.819231e-20
 6.650010e+04     4.856168e-20
 6.750010e+04     4.858308e-20
 6.850010e+04     4.877076e-20
 6.950010e+04     4.953376e-20
 7.020000e+04     5.043109e-20
 7.100000e+04     5.112842e-20
 7.180000e+04     5.204064e-20
 7.260000e+04     5.317680e-20
 7.340000e+04     5.482103e-20
 7.420000e+04     5.736950e-20
 7.500000e+04     6.087713e-20
 7.580000e+04     6.557123e-20
 7.660000e+04     7.083883e-20
 7.740000e+04     7.554596e-20
 7.820000e+04     7.938611e-20
 7.900000e+04     8.241405e-20
 7.980000e+04     8.456808e-20
 8.060000e+04     8.568751e-20
 8.140000e+04     8.591984e-20
 8.220000e+04     8.547218e-20
 8.300000e+04     8.503670e-20
 8.380000e+04     8.479792e-20
 8.460000e+04     8.463069e-20
 8.540000e+04     8.465239e-20
 8.620000e+04     8.517582e-20
 8.700000e+04     8.580952e-20
 8.780000e+04     8.571188e-20
 8.860000e+04     8.473010e-20
 8.940000e+04     8.321164e-20
 9.020000e+04     8.131267e-20
 9.100000e+04     7.921307e-20
 9.180000e+04     7.704138e-20
 9.260000e+04     7.484066e-20
 9.340000e+04     7.258350e-20
 9.420000e+04     7.028421e-20
 9.500000e+04     6.799100e-20
 9.580000e+04     6.571451e-20
 9.660000e+04     6.366789e-20
 9.740000e+04     6.161221e-20
 9.820000e+04     5.924137e-20
 9.900000e+04     5.688775e-20
 9.980000e+04     5.463824e-20
 1.006000e+05     5.243735e-20
 1.020000e+05     4.911615e-20
 1.040000e+05     4.547058e-20
 1.060000e+05     4.354971e-20
 1.080000e+05     4.259297e-20
 1.100000e+05     4.243878e-20
 1.120000e+05     4.750432e-20
 1.140000e+05     5.840384e-20
 1.160000e+05     6.306265e-20
 1.180000e+05     6.249360e-20
 1.200000e+05     6.450893e-20
 1.220000e+05     6.564507e-20
 1.240000e+05     6.742302e-20
 1.260000e+05     7.028982e-20
 1.280000e+05     7.534730e-20
 1.300000e+05     7.841965e-20
 1.320000e+05     7.756324e-20
 1.340000e+05     7.521116e-20
 1.360000e+05     7.523924e-20
 1.380000e+05     7.339738e-20
 1.400000e+05     7.094186e-20
 1.420000e+05     6.962905e-20
 1.440000e+05     6.712833e-20
 1.460000e+05     6.414755e-20
 1.480000e+05     6.157623e-20
 1.500000e+05     5.922103e-20
 1.520000e+05     5.737825e-20
 1.540000e+05     5.589292e-20
 1.560000e+05     5.602920e-20
 1.580000e+05     5.568897e-20
 1.600000e+05     5.486923e-20
 1.620000e+05     5.448279e-20
 1.640000e+05     5.485949e-20
 1.660000e+05     5.661840e-20
 1.680000e+05     5.789794e-20
 1.700000e+05     6.031744e-20
 1.720000e+05     6.304625e-20
 1.740000e+05     6.512784e-20
 1.760000e+05     6.662137e-20
 1.780000e+05     6.692018e-20
 1.800000e+05     6.744363e-20
 1.820000e+05     6.751030e-20
 1.840000e+05     6.759660e-20
 1.860000e+05     6.778079e-20
 1.880000e+05     7.036245e-20
 1.900000e+05     7.132652e-20
 1.920000e+05     7.161559e-20
 1.940000e+05     7.182730e-20
 1.960000e+05     7.159400e-20
 1.980000e+05     7.180650e-20
 2.000000e+05     7.194109e-20
 2.020000e+05     7.200182e-20
 2.040000e+05     7.187465e-20
 2.060000e+05     7.218860e-20
 2.080000e+05     7.244311e-20
 2.100000e+05     7.252864e-20
 2.120000e+05     7.258732e-20
 2.140000e+05     7.284165e-20
 2.160000e+05     7.301055e-20
 2.180000e+05     7.310927e-20
 2.200000e+05     7.328754e-20
 2.220000e+05     7.360885e-20
 2.240000e+05     7.400702e-20
 2.260000e+05     7.449236e-20
 2.280000e+05     7.511119e-20
 2.300000e+05     7.586609e-20
 2.320000e+05     7.671528e-20
 2.340000e+05     7.763900e-20
 2.360000e+05     7.860572e-20
 2.380000e+05     7.956217e-20
 2.400000e+05     8.049998e-20
 2.420000e+05     8.148398e-20
 2.440000e+05     8.255351e-20
 2.460000e+05     8.368090e-20
 2.480000e+05     8.484262e-20
 2.500000e+05     8.605024e-20
 2.520000e+05     8.731850e-20
 2.540000e+05     8.863917e-20
 2.560000e+05     9.003608e-20
 2.580000e+05     9.170696e-20
 2.600000e+05     9.371834e-20
 2.620000e+05     9.548432e-20
 2.640000e+05     9.694058e-20
 2.660000e+05     9.837346e-20
 2.680000e+05     9.985010e-20
 2.700000e+05     1.013039e-19
 2.720000e+05     1.027722e-19
 2.740000e+05     1.043251e-19
 2.760000e+05     1.058815e-19
 2.780000e+05     1.074466e-19
 2.800000e+05     1.090823e-19
 2.820000e+05     1.109538e-19
 2.840000e+05     1.128842e-19
 2.860000e+05     1.146194e-19
 2.880000e+05     1.163109e-19
 2.900000e+05     1.180223e-19
 2.920000e+05     1.197829e-19
 2.940000e+05     1.215411e-19
 2.960000e+05     1.233863e-19
 2.980000e+05     1.252571e-19
 3.000000e+05     1.271308e-19
 3.020000e+05     1.290434e-19
 3.040000e+05     1.310157e-19
 3.060000e+05     1.330027e-19
 3.080000e+05     1.350692e-19
 3.100000e+05     1.371693e-19
 3.120000e+05     1.393057e-19
 3.140000e+05     1.415129e-19
 3.160000e+05     1.437754e-19
 3.180000e+05     1.460947e-19
 3.200000e+05     1.484992e-19
 3.220000e+05     1.510023e-19
 3.240000e+05     1.536040e-19
 3.260000e+05     1.563221e-19
 3.280000e+05     1.591517e-19
 3.300000e+05     1.620795e-19
 3.320000e+05     1.652239e-19
 3.340000e+05     1.698638e-19
 3.360000e+05     1.765928e-19
 3.380000e+05     1.813160e-19
 3.400000e+05     1.841702e-19
 3.420000e+05     1.867104e-19
 3.440000e+05     1.893075e-19
 3.460000e+05     1.926938e-19
 3.480000e+05     1.991686e-19
 3.500000e+05     2.073379e-19
 3.520000e+05     2.118465e-19
 3.540000e+05     2.144644e-19
 3.560000e+05     2.168230e-19
 3.580000e+05     2.193567e-19
 3.600000e+05     2.222149e-19
 3.620000e+05     2.244109e-19
 3.640000e+05     2.269112e-19
 3.660000e+05     2.298426e-19
 3.680000e+05     2.327916e-19
 3.700000e+05     2.356914e-19
 3.720000e+05     2.386888e-19
 3.740000e+05     2.418446e-19
 3.760000e+05     2.442925e-19
 3.780000e+05     2.469911e-19
 3.800000e+05     2.502360e-19
 3.820000e+05     2.535252e-19
 3.840000e+05     2.567606e-19
 3.860000e+05     2.600145e-19
 3.880000e+05     2.633679e-19
 3.900000e+05     2.664590e-19
 3.920000e+05     2.694867e-19
 4.320000e+05     3.384349e-19
 4.760000e+05     4.188059e-19
 5.250000e+05     5.122199e-19
 5.790000e+05     6.170328e-19
 6.390000e+05     7.339516e-19
 7.040000e+05     8.612153e-19
 7.760000e+05     1.067985e-18
 8.560000e+05     1.387281e-18
 9.430000e+05     1.812636e-18
 1.040000e+06     2.322250e-18
 1.147000e+06     2.859105e-18
 1.264000e+06     3.350191e-18
 1.394000e+06     3.734030e-18
 1.537000e+06     3.956792e-18
 1.694000e+06     3.997501e-18
 1.868000e+06     3.862637e-18
 2.059000e+06     3.583431e-18
 2.270000e+06     3.202394e-18
 2.503000e+06     2.766712e-18
 2.760000e+06     2.318677e-18
 3.043000e+06     1.891696e-18
 3.354000e+06     1.507088e-18
 3.698000e+06     1.174086e-18
 4.077000e+06     8.974439e-19
 4.495000e+06     6.743952e-19
 4.956000e+06     4.991992e-19
 5.464000e+06     3.646812e-19
 6.024000e+06     2.632772e-19
 6.641000e+06     1.881204e-19
 7.322000e+06     1.331446e-19
 8.073000e+06     9.345638e-20
 8.900000e+06     6.514942e-20
 9.813000e+06     4.547873e-20
 1.082000e+07     3.186793e-20
 1.193000e+07     2.240546e-20
 1.315000e+07     1.580334e-20
 1.450000e+07     1.115975e-20
 1.598000e+07     7.909703e-21
 1.762000e+07     5.614914e-21
 1.943000e+07     4.004107e-21
 2.142000e+07     2.879467e-21
 2.362000e+07     2.091432e-21
 2.604000e+07     1.543185e-21
 2.871000e+07     1.160089e-21
 3.165000e+07     8.996528e-22
 3.489000e+07     7.199516e-22
 3.847000e+07     6.007005e-22
 4.241000e+07     5.250145e-22
 4.676000e+07     4.786791e-22
 5.155000e+07     4.541171e-22
 5.683000e+07     4.455332e-22
 6.266000e+07     4.516565e-22
 6.908000e+07     4.668935e-22
 7.616000e+07     4.893691e-22
 8.397000e+07     5.163300e-22
 9.258000e+07     5.513202e-22
 1.020700e+08     5.895517e-22
 1.125300e+08     6.332708e-22
 1.240600e+08     6.828203e-22
 1.367800e+08     7.353843e-22
 1.508000e+08     7.929645e-22
 1.662500e+08     8.584962e-22
 1.833000e+08     9.272626e-22
 2.020800e+08     1.002644e-21
 2.228000e+08     1.082114e-21
 2.456300e+08     1.169531e-21
 2.708100e+08     1.265379e-21
 2.985700e+08     1.367573e-21
 3.291700e+08     1.478701e-21
 3.629100e+08     1.597633e-21
 4.001100e+08     1.726277e-21
 4.411200e+08     1.866080e-21
 4.863400e+08     2.017639e-21
 5.361900e+08     2.181254e-21
 5.911500e+08     2.359968e-21
 6.517400e+08     2.552573e-21
 7.185400e+08     2.760128e-21
 7.921900e+08     2.984244e-21
 8.733900e+08     3.225802e-21
 9.629200e+08     3.487645e-21
 1.000000e+09     3.594338e-21
