## EBL from Khaire & Srianand 2018; Q17 Model with alpha=-1.7 
## Column1:wavelength (Angstrom);  Column2:EBL specific intensity J_nu (erg/s/cm^2/Hz/Sr)
## ===========================================================================================
 1.000000e-08     6.989299e-39
 1.122019e-08     1.016800e-38
 1.258925e-08     1.452428e-38
 1.412538e-08     2.031454e-38
 1.584893e-08     2.785077e-38
 1.778279e-08     3.749702e-38
 1.995263e-08     4.967132e-38
 2.238721e-08     6.485107e-38
 2.511887e-08     8.358180e-38
 2.818382e-08     1.064867e-37
 3.162278e-08     1.342802e-37
 3.548135e-08     1.677816e-37
 3.981071e-08     2.079328e-37
 4.466837e-08     2.558203e-37
 5.011870e-08     3.126956e-37
 5.623413e-08     3.800067e-37
 6.309576e-08     4.594263e-37
 7.079456e-08     5.528894e-37
 7.943284e-08     6.626395e-37
 8.912505e-08     7.912707e-37
 1.000000e-07     9.417937e-37
 1.122019e-07     1.117693e-36
 1.258925e-07     1.323006e-36
 1.412538e-07     1.562421e-36
 1.584892e-07     1.841356e-36
 1.778279e-07     2.166110e-36
 1.995263e-07     2.543972e-36
 2.238721e-07     2.983386e-36
 2.511887e-07     3.494154e-36
 2.818382e-07     4.087620e-36
 3.162278e-07     4.776950e-36
 3.548136e-07     5.577386e-36
 3.981071e-07     6.506590e-36
 4.466837e-07     7.585061e-36
 5.011870e-07     8.836509e-36
 5.623413e-07     1.028846e-35
 6.309576e-07     1.197279e-35
 7.079456e-07     1.392640e-35
 7.943284e-07     1.619215e-35
 8.912505e-07     1.881958e-35
 1.000000e-06     2.186624e-35
 1.122019e-06     2.539871e-35
 1.258925e-06     2.949414e-35
 1.412538e-06     3.424208e-35
 1.584893e-06     3.974608e-35
 1.778279e-06     4.612631e-35
 1.995263e-06     5.352200e-35
 2.238721e-06     6.209434e-35
 2.511887e-06     7.203035e-35
 2.818382e-06     8.354649e-35
 3.162278e-06     9.689392e-35
 3.548136e-06     1.123634e-34
 3.981071e-06     1.302917e-34
 4.466837e-06     1.510698e-34
 5.011870e-06     1.751497e-34
 5.623413e-06     2.030563e-34
 6.309576e-06     2.353972e-34
 7.079456e-06     2.728760e-34
 7.943284e-06     3.163094e-34
 8.912505e-06     3.666420e-34
 1.000000e-05     4.249706e-34
 1.122019e-05     4.925642e-34
 1.258925e-05     5.708931e-34
 1.412538e-05     6.616640e-34
 1.584893e-05     7.668505e-34
 1.778279e-05     8.887427e-34
 1.995263e-05     1.029994e-33
 2.238721e-05     1.193676e-33
 2.511887e-05     1.383352e-33
 2.818382e-05     1.603148e-33
 3.162278e-05     1.857849e-33
 3.548135e-05     2.152996e-33
 3.981071e-05     2.495009e-33
 4.466837e-05     2.891334e-33
 5.011870e-05     3.350587e-33
 5.623413e-05     3.882770e-33
 6.309577e-05     4.499458e-33
 7.079457e-05     5.214060e-33
 7.943284e-05     6.042136e-33
 8.912505e-05     7.001690e-33
 1.000000e-04     8.113615e-33
 1.122018e-04     9.402085e-33
 1.258926e-04     1.089352e-32
 1.412538e-04     1.258273e-32
 1.584893e-04     1.452892e-32
 1.778279e-04     1.678534e-32
 1.995262e-04     1.940784e-32
 2.238722e-04     2.246000e-32
 2.511887e-04     2.601596e-32
 2.818383e-04     3.016301e-32
 3.162278e-04     3.500412e-32
 3.548134e-04     4.066086e-32
 3.981073e-04     4.727701e-32
 4.466837e-04     5.502259e-32
 5.011873e-04     6.409894e-32
 5.623413e-04     7.474460e-32
 6.309572e-04     8.724239e-32
 7.079460e-04     1.019279e-31
 7.943284e-04     1.191994e-31
 8.912510e-04     1.395299e-31
 1.000000e-03     1.634817e-31
 1.122018e-03     1.917237e-31
 1.258926e-03     2.250518e-31
 1.412538e-03     2.644127e-31
 1.584893e-03     3.109348e-31
 1.778279e-03     3.659628e-31
 1.995262e-03     4.310995e-31
 2.238722e-03     5.082568e-31
 2.511887e-03     5.997151e-31
 2.818383e-03     7.081973e-31
 3.162278e-03     8.369550e-31
 3.548133e-03     9.898710e-31
 3.981073e-03     1.171588e-30
 4.466837e-03     1.387652e-30
 5.011873e-03     1.644702e-30
 5.623413e-03     1.950693e-30
 6.309573e-03     2.315189e-30
 7.079460e-03     2.749752e-30
 7.943284e-03     3.268463e-30
 8.912510e-03     3.888655e-30
 1.000000e-02     4.631856e-30
 1.122019e-02     5.524985e-30
 1.258925e-02     6.601735e-30
 1.412538e-02     7.904190e-30
 1.584894e-02     9.484372e-30
 1.778279e-02     1.140592e-29
 1.995263e-02     1.374576e-29
 2.238721e-02     1.659561e-29
 2.511887e-02     2.006391e-29
 2.818385e-02     2.427775e-29
 3.162277e-02     2.938534e-29
 3.548136e-02     3.555949e-29
 3.981071e-02     4.300115e-29
 4.466837e-02     5.194527e-29
 5.011876e-02     6.266667e-29
 5.623413e-02     7.548819e-29
 6.309576e-02     9.079098e-29
 7.079456e-02     1.090253e-28
 7.943284e-02     1.307258e-28
 8.912515e-02     1.565274e-28
 1.000000e-01     1.871857e-28
 1.122019e-01     2.236272e-28
 1.258925e-01     2.657335e-28
 1.412538e-01     3.119607e-28
 1.584894e-01     3.615249e-28
 1.778279e-01     4.139132e-28
 1.995263e-01     4.687156e-28
 2.238721e-01     5.255707e-28
 2.511887e-01     5.841600e-28
 2.818385e-01     6.442053e-28
 3.162278e-01     7.054708e-28
 3.548135e-01     7.677662e-28
 3.981071e-01     8.309421e-28
 4.466837e-01     8.948906e-28
 5.011876e-01     9.595388e-28
 5.623413e-01     1.024846e-27
 6.309576e-01     1.090722e-27
 7.079456e-01     1.157259e-27
 7.943284e-01     1.224460e-27
 8.912515e-01     1.292346e-27
 1.000000e+00     1.360939e-27
 1.122019e+00     1.430259e-27
 1.258925e+00     1.500306e-27
 1.412538e+00     1.571050e-27
 1.584894e+00     1.642406e-27
 1.778279e+00     1.714211e-27
 1.995263e+00     1.786182e-27
 2.238721e+00     1.857855e-27
 2.511887e+00     1.928508e-27
 2.818385e+00     1.997040e-27
 3.162278e+00     2.061294e-27
 3.548136e+00     2.115856e-27
 3.981071e+00     2.166950e-27
 4.466837e+00     2.214045e-27
 5.011876e+00     2.253403e-27
 5.623413e+00     2.279206e-27
 6.309576e+00     2.282828e-27
 7.079456e+00     2.238269e-27
 7.943284e+00     2.159088e-27
 8.912516e+00     2.046087e-27
 1.000000e+01     1.907978e-27
 1.122019e+01     1.743604e-27
 1.258925e+01     1.563078e-27
 1.412538e+01     1.379700e-27
 1.584894e+01     1.200905e-27
 1.778279e+01     1.034187e-27
 1.995263e+01     8.837597e-28
 2.238721e+01     7.516411e-28
 2.511887e+01     6.377786e-28
 2.818385e+01     5.407864e-28
 3.162278e+01     4.588520e-28
 3.548135e+01     3.898778e-28
 3.981071e+01     3.319837e-28
 4.466837e+01     2.833915e-28
 5.011876e+01     2.426069e-28
 5.623413e+01     2.083521e-28
 6.309576e+01     1.795794e-28
 7.079456e+01     1.553767e-28
 7.943284e+01     1.350286e-28
 8.912515e+01     1.178964e-28
 1.000000e+02     1.034847e-28
 1.120000e+02     9.155230e-29
 1.250000e+02     8.180966e-29
 1.400000e+02     7.336449e-29
 1.550000e+02     6.700944e-29
 1.650000e+02     6.361707e-29
 1.750000e+02     6.079717e-29
 1.850000e+02     5.855311e-29
 1.900000e+02     5.787985e-29
 1.950000e+02     5.788885e-29
 2.000000e+02     5.932630e-29
 2.050000e+02     6.379389e-29
 2.100000e+02     7.452741e-29
 2.150000e+02     9.783583e-29
 2.180000e+02     1.224545e-28
 2.210000e+02     1.597432e-28
 2.240000e+02     2.154507e-28
 2.260000e+02     2.666919e-28
 2.270000e+02     2.976558e-28
 2.275000e+02     3.146656e-28
 2.278400e+02     3.268566e-28
 2.380000e+02     1.322949e-23
 2.500000e+02     1.862026e-23
 2.700000e+02     2.108622e-23
 2.900000e+02     2.278675e-23
 3.035000e+02     2.388610e-23
 3.037800e+02     2.475441e-23
 3.045000e+02     2.468583e-23
 3.060000e+02     2.462047e-23
 3.080000e+02     2.460386e-23
 3.100000e+02     2.463143e-23
 3.120000e+02     2.471542e-23
 3.150000e+02     2.488415e-23
 3.200000e+02     2.522257e-23
 3.250000e+02     2.559423e-23
 3.300000e+02     2.597821e-23
 3.400000e+02     2.676031e-23
 3.600000e+02     2.829182e-23
 3.800000e+02     2.979556e-23
 4.050000e+02     3.163799e-23
 4.250000e+02     3.307601e-23
 4.500000e+02     3.483812e-23
 4.650000e+02     3.588249e-23
 4.750000e+02     3.657615e-23
 4.820000e+02     3.705607e-23
 4.870000e+02     3.739417e-23
 4.910000e+02     3.767075e-23
 4.950000e+02     3.793978e-23
 4.980000e+02     3.814320e-23
 5.000000e+02     3.827325e-23
 5.020000e+02     3.841115e-23
 5.039800e+02     3.854297e-23
 5.100000e+02     4.479137e-23
 5.250000e+02     5.068342e-23
 5.600000e+02     5.405453e-23
 6.000000e+02     5.726042e-23
 6.500000e+02     6.167127e-23
 7.000000e+02     6.725069e-23
 7.500000e+02     7.484065e-23
 8.000000e+02     8.538276e-23
 8.300000e+02     9.363667e-23
 8.600000e+02     1.036749e-22
 8.800000e+02     1.114695e-22
 8.900000e+02     1.157255e-22
 8.960000e+02     1.184087e-22
 9.000000e+02     1.202445e-22
 9.030000e+02     1.216482e-22
 9.060000e+02     1.230769e-22
 9.090000e+02     1.245305e-22
 9.117800e+02     1.258982e-22
 9.300000e+02     9.000422e-22
 9.500000e+02     1.884229e-21
 9.750000e+02     3.848029e-21
 9.900000e+02     4.607380e-21
 1.005000e+03     5.700163e-21
 1.025000e+03     7.341696e-21
 1.045000e+03     8.689802e-21
 1.065000e+03     1.051499e-20
 1.085000e+03     1.234817e-20
 1.105000e+03     1.399205e-20
 1.125000e+03     1.578403e-20
 1.145000e+03     1.725323e-20
 1.165000e+03     1.893329e-20
 1.185000e+03     2.026581e-20
 1.205000e+03     2.163034e-20
 1.215600e+03     2.217779e-20
 1.215670e+03     2.479229e-20
 1.216000e+03     2.480869e-20
 1.218000e+03     2.490538e-20
 1.221000e+03     2.502703e-20
 1.225000e+03     2.513640e-20
 1.230000e+03     2.525111e-20
 1.240000e+03     2.580029e-20
 1.250000e+03     2.647140e-20
 1.265000e+03     2.742293e-20
 1.285000e+03     2.887851e-20
 1.305000e+03     3.013054e-20
 1.325000e+03     3.138277e-20
 1.345000e+03     3.265961e-20
 1.365000e+03     3.382090e-20
 1.385000e+03     3.479585e-20
 1.405000e+03     3.582581e-20
 1.425000e+03     3.698272e-20
 1.442000e+03     3.778809e-20
 1.455000e+03     3.840235e-20
 1.475000e+03     3.919261e-20
 1.517000e+03     4.066027e-20
 1.595000e+03     4.276401e-20
 1.672000e+03     4.438852e-20
 1.745000e+03     4.588820e-20
 1.825000e+03     4.715402e-20
 1.905000e+03     4.782123e-20
 1.984000e+03     4.833822e-20
 2.065000e+03     4.855638e-20
 2.135000e+03     4.854998e-20
 2.215000e+03     4.844925e-20
 2.295000e+03     4.813193e-20
 2.375000e+03     4.780300e-20
 2.455000e+03     4.751250e-20
 2.525000e+03     4.721745e-20
 2.605000e+03     4.694130e-20
 2.685000e+03     4.687928e-20
 2.765000e+03     4.635098e-20
 2.845000e+03     4.608853e-20
 2.950000e+03     4.592207e-20
 3.110000e+03     4.568566e-20
 3.270000e+03     4.532683e-20
 3.430000e+03     4.496580e-20
 3.590000e+03     4.461781e-20
 3.730000e+03     4.465488e-20
 3.890000e+03     4.699530e-20
 4.050000e+03     4.897109e-20
 4.210000e+03     5.244354e-20
 4.370000e+03     5.520824e-20
 4.530000e+03     5.761480e-20
 4.690000e+03     5.974507e-20
 4.850000e+03     6.120288e-20
 5.010000e+03     6.231960e-20
 5.170000e+03     6.329044e-20
 5.330000e+03     6.415274e-20
 5.490000e+03     6.490758e-20
 5.650000e+03     6.562899e-20
 5.810000e+03     6.634278e-20
 5.970000e+03     6.682626e-20
 6.130000e+03     6.733945e-20
 6.290000e+03     6.769691e-20
 6.450000e+03     6.803252e-20
 6.610000e+03     6.832294e-20
 6.770000e+03     6.865191e-20
 6.930000e+03     6.891770e-20
 7.090000e+03     6.912291e-20
 7.250000e+03     6.928749e-20
 7.410000e+03     6.946420e-20
 7.570000e+03     6.966238e-20
 7.730000e+03     6.994116e-20
 7.890000e+03     7.015850e-20
 8.050000e+03     7.033069e-20
 8.210000e+03     7.053607e-20
 8.370000e+03     7.070743e-20
 8.530000e+03     7.087570e-20
 8.690000e+03     7.108081e-20
 8.850000e+03     7.140719e-20
 9.010000e+03     7.169346e-20
 9.170000e+03     7.194980e-20
 9.330000e+03     7.237877e-20
 9.490000e+03     7.269192e-20
 9.650000e+03     7.300109e-20
 9.810000e+03     7.327617e-20
 9.970000e+03     7.360453e-20
 1.050000e+04     7.427622e-20
 1.150000e+04     7.453961e-20
 1.250000e+04     7.449078e-20
 1.350000e+04     7.428566e-20
 1.450000e+04     7.439280e-20
 1.550000e+04     7.496659e-20
 1.650000e+04     7.458400e-20
 1.750000e+04     7.362291e-20
 1.850000e+04     7.263739e-20
 1.950000e+04     7.175375e-20
 2.050000e+04     7.102344e-20
 2.150000e+04     7.048687e-20
 2.250000e+04     7.018165e-20
 2.350000e+04     7.014233e-20
 2.450000e+04     7.039783e-20
 2.550000e+04     7.097181e-20
 2.650000e+04     7.188273e-20
 2.750000e+04     7.314507e-20
 2.850000e+04     7.477068e-20
 2.950000e+04     7.676253e-20
 3.050000e+04     7.904870e-20
 3.150000e+04     8.076314e-20
 3.250000e+04     8.222030e-20
 3.350000e+04     8.406756e-20
 3.450000e+04     8.594276e-20
 3.550000e+04     8.785187e-20
 3.650000e+04     8.981881e-20
 3.750000e+04     9.182097e-20
 3.850000e+04     9.384196e-20
 3.950000e+04     9.587443e-20
 4.050000e+04     9.792362e-20
 4.150000e+04     9.999544e-20
 4.250000e+04     1.020775e-19
 4.350000e+04     1.041717e-19
 4.450000e+04     1.062805e-19
 4.550000e+04     1.084027e-19
 4.650000e+04     1.105335e-19
 4.750000e+04     1.126694e-19
 4.850000e+04     1.148088e-19
 4.950000e+04     1.169521e-19
 5.050000e+04     1.190980e-19
 5.150000e+04     1.212464e-19
 5.250000e+04     1.233966e-19
 5.350000e+04     1.243181e-19
 5.450000e+04     1.248518e-19
 5.550000e+04     1.266188e-19
 5.650000e+04     1.287044e-19
 5.750000e+04     1.314068e-19
 5.850000e+04     1.335300e-19
 5.950000e+04     1.356684e-19
 6.050000e+04     1.396968e-19
 6.150000e+04     1.506847e-19
 6.250000e+04     1.702403e-19
 6.350000e+04     1.810097e-19
 6.450000e+04     1.833961e-19
 6.550000e+04     1.851858e-19
 6.650010e+04     1.863365e-19
 6.750010e+04     1.883025e-19
 6.850010e+04     1.895316e-19
 6.950010e+04     1.922727e-19
 7.020000e+04     1.950635e-19
 7.100000e+04     1.980000e-19
 7.180000e+04     2.008708e-19
 7.260000e+04     2.053233e-19
 7.340000e+04     2.117845e-19
 7.420000e+04     2.201381e-19
 7.500000e+04     2.318586e-19
 7.580000e+04     2.474518e-19
 7.660000e+04     2.647535e-19
 7.740000e+04     2.804621e-19
 7.820000e+04     2.938604e-19
 7.900000e+04     3.054372e-19
 7.980000e+04     3.142823e-19
 8.060000e+04     3.197521e-19
 8.140000e+04     3.222155e-19
 8.220000e+04     3.219147e-19
 8.300000e+04     3.207704e-19
 8.380000e+04     3.200442e-19
 8.460000e+04     3.197711e-19
 8.540000e+04     3.198409e-19
 8.620000e+04     3.212772e-19
 8.700000e+04     3.232696e-19
 8.780000e+04     3.232067e-19
 8.860000e+04     3.207208e-19
 8.940000e+04     3.165482e-19
 9.020000e+04     3.111470e-19
 9.100000e+04     3.052309e-19
 9.180000e+04     2.989440e-19
 9.260000e+04     2.926212e-19
 9.340000e+04     2.863229e-19
 9.420000e+04     2.802549e-19
 9.500000e+04     2.744644e-19
 9.580000e+04     2.690915e-19
 9.660000e+04     2.650766e-19
 9.740000e+04     2.612464e-19
 9.820000e+04     2.563680e-19
 9.900000e+04     2.516563e-19
 9.980000e+04     2.469437e-19
 1.006000e+05     2.429532e-19
 1.020000e+05     2.363895e-19
 1.040000e+05     2.282822e-19
 1.060000e+05     2.241939e-19
 1.080000e+05     2.219714e-19
 1.100000e+05     2.216509e-19
 1.120000e+05     2.384127e-19
 1.140000e+05     2.759926e-19
 1.160000e+05     2.832116e-19
 1.180000e+05     2.847616e-19
 1.200000e+05     2.854989e-19
 1.220000e+05     2.879222e-19
 1.240000e+05     2.910069e-19
 1.260000e+05     2.980790e-19
 1.280000e+05     3.122477e-19
 1.300000e+05     3.205102e-19
 1.320000e+05     3.123794e-19
 1.340000e+05     3.094740e-19
 1.360000e+05     3.031919e-19
 1.380000e+05     2.989624e-19
 1.400000e+05     2.916112e-19
 1.420000e+05     2.879920e-19
 1.440000e+05     2.825086e-19
 1.460000e+05     2.774292e-19
 1.480000e+05     2.713795e-19
 1.500000e+05     2.666272e-19
 1.520000e+05     2.619147e-19
 1.540000e+05     2.582071e-19
 1.560000e+05     2.590333e-19
 1.580000e+05     2.586279e-19
 1.600000e+05     2.577793e-19
 1.620000e+05     2.571877e-19
 1.640000e+05     2.609144e-19
 1.660000e+05     2.673095e-19
 1.680000e+05     2.727798e-19
 1.700000e+05     2.798233e-19
 1.720000e+05     2.895294e-19
 1.740000e+05     2.955052e-19
 1.760000e+05     2.972817e-19
 1.780000e+05     2.989654e-19
 1.800000e+05     2.984356e-19
 1.820000e+05     2.978540e-19
 1.840000e+05     2.967378e-19
 1.860000e+05     2.965825e-19
 1.880000e+05     3.038215e-19
 1.900000e+05     3.062041e-19
 1.920000e+05     3.066940e-19
 1.940000e+05     3.055027e-19
 1.960000e+05     3.060333e-19
 1.980000e+05     3.060563e-19
 2.000000e+05     3.060016e-19
 2.020000e+05     3.068505e-19
 2.040000e+05     3.074655e-19
 2.060000e+05     3.084217e-19
 2.080000e+05     3.098460e-19
 2.100000e+05     3.112388e-19
 2.120000e+05     3.129186e-19
 2.140000e+05     3.148344e-19
 2.160000e+05     3.169351e-19
 2.180000e+05     3.193600e-19
 2.200000e+05     3.219410e-19
 2.220000e+05     3.246332e-19
 2.240000e+05     3.274866e-19
 2.260000e+05     3.304491e-19
 2.280000e+05     3.336140e-19
 2.300000e+05     3.369300e-19
 2.320000e+05     3.403895e-19
 2.340000e+05     3.439777e-19
 2.360000e+05     3.477205e-19
 2.380000e+05     3.516035e-19
 2.400000e+05     3.556007e-19
 2.420000e+05     3.597064e-19
 2.440000e+05     3.638910e-19
 2.460000e+05     3.682088e-19
 2.480000e+05     3.726115e-19
 2.500000e+05     3.771048e-19
 2.520000e+05     3.816947e-19
 2.540000e+05     3.864014e-19
 2.560000e+05     3.913784e-19
 2.580000e+05     3.973172e-19
 2.600000e+05     4.044092e-19
 2.620000e+05     4.107727e-19
 2.640000e+05     4.161986e-19
 2.660000e+05     4.213595e-19
 2.680000e+05     4.265882e-19
 2.700000e+05     4.322550e-19
 2.720000e+05     4.379349e-19
 2.740000e+05     4.435622e-19
 2.760000e+05     4.493840e-19
 2.780000e+05     4.555076e-19
 2.800000e+05     4.618112e-19
 2.820000e+05     4.689622e-19
 2.840000e+05     4.763823e-19
 2.860000e+05     4.830295e-19
 2.880000e+05     4.895029e-19
 2.900000e+05     4.959911e-19
 2.920000e+05     5.028038e-19
 2.940000e+05     5.098238e-19
 2.960000e+05     5.169254e-19
 2.980000e+05     5.240521e-19
 3.000000e+05     5.314814e-19
 3.020000e+05     5.390770e-19
 3.040000e+05     5.468238e-19
 3.060000e+05     5.546300e-19
 3.080000e+05     5.626821e-19
 3.100000e+05     5.709301e-19
 3.120000e+05     5.793264e-19
 3.140000e+05     5.878786e-19
 3.160000e+05     5.966969e-19
 3.180000e+05     6.057761e-19
 3.200000e+05     6.150916e-19
 3.220000e+05     6.247213e-19
 3.240000e+05     6.347570e-19
 3.260000e+05     6.452435e-19
 3.280000e+05     6.561524e-19
 3.300000e+05     6.674484e-19
 3.320000e+05     6.794590e-19
 3.340000e+05     6.960580e-19
 3.360000e+05     7.192715e-19
 3.380000e+05     7.360005e-19
 3.400000e+05     7.469052e-19
 3.420000e+05     7.578253e-19
 3.440000e+05     7.672907e-19
 3.460000e+05     7.783102e-19
 3.480000e+05     8.029032e-19
 3.500000e+05     8.328302e-19
 3.520000e+05     8.482580e-19
 3.540000e+05     8.570781e-19
 3.560000e+05     8.667050e-19
 3.580000e+05     8.754854e-19
 3.600000e+05     8.854293e-19
 3.620000e+05     8.961026e-19
 3.640000e+05     9.061894e-19
 3.660000e+05     9.176214e-19
 3.680000e+05     9.273373e-19
 3.700000e+05     9.382045e-19
 3.720000e+05     9.498708e-19
 3.740000e+05     9.611865e-19
 3.760000e+05     9.730994e-19
 3.780000e+05     9.835652e-19
 3.800000e+05     9.950191e-19
 3.820000e+05     1.007352e-18
 3.840000e+05     1.019790e-18
 3.860000e+05     1.032212e-18
 3.880000e+05     1.043860e-18
 3.900000e+05     1.056195e-18
 3.920000e+05     1.069166e-18
 4.320000e+05     1.338279e-18
 4.760000e+05     1.658898e-18
 5.250000e+05     2.032259e-18
 5.790000e+05     2.453855e-18
 6.390000e+05     2.929004e-18
 7.040000e+05     3.450654e-18
 7.760000e+05     4.235903e-18
 8.560000e+05     5.350814e-18
 9.430000e+05     6.781035e-18
 1.040000e+06     8.498419e-18
 1.147000e+06     1.036305e-17
 1.264000e+06     1.217389e-17
 1.394000e+06     1.374447e-17
 1.537000e+06     1.487296e-17
 1.694000e+06     1.543839e-17
 1.868000e+06     1.540206e-17
 2.059000e+06     1.480247e-17
 2.270000e+06     1.373802e-17
 2.503000e+06     1.234435e-17
 2.760000e+06     1.076705e-17
 3.043000e+06     9.141081e-18
 3.354000e+06     7.573511e-18
 3.698000e+06     6.129628e-18
 4.077000e+06     4.859980e-18
 4.495000e+06     3.781045e-18
 4.956000e+06     2.891549e-18
 5.464000e+06     2.177596e-18
 6.024000e+06     1.617128e-18
 6.641000e+06     1.186023e-18
 7.322000e+06     8.597483e-19
 8.073000e+06     6.168810e-19
 8.900000e+06     4.387855e-19
 9.813000e+06     3.102149e-19
 1.082000e+07     2.190218e-19
 1.193000e+07     1.546020e-19
 1.315000e+07     1.092039e-19
 1.450000e+07     7.714838e-20
 1.598000e+07     5.475614e-20
 1.762000e+07     3.897711e-20
 1.943000e+07     2.792984e-20
 2.142000e+07     2.023176e-20
 2.362000e+07     1.484524e-20
 2.604000e+07     1.110890e-20
 2.871000e+07     8.514944e-21
 3.165000e+07     6.737396e-21
 3.489000e+07     5.527789e-21
 3.847000e+07     4.723819e-21
 4.241000e+07     4.203456e-21
 4.676000e+07     3.892784e-21
 5.155000e+07     3.727066e-21
 5.683000e+07     3.670140e-21
 6.266000e+07     3.695774e-21
 6.908000e+07     3.786133e-21
 7.616000e+07     3.925838e-21
 8.397000e+07     4.107471e-21
 9.258000e+07     4.320519e-21
 1.020700e+08     4.566063e-21
 1.125300e+08     4.840107e-21
 1.240600e+08     5.141223e-21
 1.367800e+08     5.472476e-21
 1.508000e+08     5.827747e-21
 1.662500e+08     6.216723e-21
 1.833000e+08     6.634847e-21
 2.020800e+08     7.081536e-21
 2.228000e+08     7.561927e-21
 2.456300e+08     8.074266e-21
 2.708100e+08     8.628391e-21
 2.985700e+08     9.223490e-21
 3.291700e+08     9.860811e-21
 3.629100e+08     1.054216e-20
 4.001100e+08     1.127470e-20
 4.411200e+08     1.205856e-20
 4.863400e+08     1.290034e-20
 5.361900e+08     1.380533e-20
 5.911500e+08     1.477732e-20
 6.517400e+08     1.582250e-20
 7.185400e+08     1.694263e-20
 7.921900e+08     1.814577e-20
 8.733900e+08     1.943900e-20
 9.629200e+08     2.082559e-20
 1.000000e+09     2.138961e-20
