## EBL from Khaire & Srianand 2018; Q17 Model with alpha=-1.7 
## Column1:wavelength (Angstrom);  Column2:EBL specific intensity J_nu (erg/s/cm^2/Hz/Sr)
## ===========================================================================================
 1.000000e-08     3.837216e-37
 1.122019e-08     5.579755e-37
 1.258925e-08     7.993948e-37
 1.412538e-08     1.123502e-36
 1.584893e-08     1.548643e-36
 1.778279e-08     2.096169e-36
 1.995263e-08     2.790669e-36
 2.238721e-08     3.660302e-36
 2.511887e-08     4.737289e-36
 2.818382e-08     6.058450e-36
 3.162278e-08     7.665982e-36
 3.548135e-08     9.608246e-36
 3.981071e-08     1.194082e-35
 4.466837e-08     1.472774e-35
 5.011870e-08     1.804277e-35
 5.623413e-08     2.197117e-35
 6.309576e-08     2.661140e-35
 7.079456e-08     3.207738e-35
 7.943284e-08     3.850111e-35
 8.912505e-08     4.603518e-35
 1.000000e-07     5.485673e-35
 1.122019e-07     6.517072e-35
 1.258925e-07     7.721463e-35
 1.412538e-07     9.126413e-35
 1.584892e-07     1.076380e-34
 1.778279e-07     1.267068e-34
 1.995263e-07     1.488989e-34
 2.238721e-07     1.747113e-34
 2.511887e-07     2.047203e-34
 2.818382e-07     2.395931e-34
 3.162278e-07     2.801042e-34
 3.548136e-07     3.271502e-34
 3.981071e-07     3.817697e-34
 4.466837e-07     4.451685e-34
 5.011870e-07     5.187413e-34
 5.623413e-07     6.041073e-34
 6.309576e-07     7.031406e-34
 7.079456e-07     8.180126e-34
 7.943284e-07     9.512436e-34
 8.912505e-07     1.105748e-33
 1.000000e-06     1.284911e-33
 1.122019e-06     1.492649e-33
 1.258925e-06     1.733499e-33
 1.412538e-06     2.012729e-33
 1.584893e-06     2.336430e-33
 1.778279e-06     2.711670e-33
 1.995263e-06     3.146639e-33
 2.238721e-06     3.650818e-33
 2.511887e-06     4.235208e-33
 2.818382e-06     4.912541e-33
 3.162278e-06     5.697589e-33
 3.548136e-06     6.607456e-33
 3.981071e-06     7.661954e-33
 4.466837e-06     8.884074e-33
 5.011870e-06     1.030041e-32
 5.623413e-06     1.194183e-32
 6.309576e-06     1.384408e-32
 7.079456e-06     1.604854e-32
 7.943284e-06     1.860326e-32
 8.912505e-06     2.156380e-32
 1.000000e-05     2.499466e-32
 1.122019e-05     2.897049e-32
 1.258925e-05     3.357778e-32
 1.412538e-05     3.891692e-32
 1.584893e-05     4.510399e-32
 1.778279e-05     5.227369e-32
 1.995263e-05     6.058212e-32
 2.238721e-05     7.020993e-32
 2.511887e-05     8.136676e-32
 2.818382e-05     9.429524e-32
 3.162278e-05     1.092769e-31
 3.548135e-05     1.266376e-31
 3.981071e-05     1.467550e-31
 4.466837e-05     1.700670e-31
 5.011870e-05     1.970806e-31
 5.623413e-05     2.283839e-31
 6.309577e-05     2.646579e-31
 7.079457e-05     3.066912e-31
 7.943284e-05     3.553994e-31
 8.912505e-05     4.118411e-31
 1.000000e-04     4.772454e-31
 1.122018e-04     5.530342e-31
 1.258926e-04     6.407716e-31
 1.412538e-04     7.406184e-31
 1.584893e-04     8.554687e-31
 1.778279e-04     9.883511e-31
 1.995262e-04     1.142584e-30
 2.238722e-04     1.321938e-30
 2.511887e-04     1.530786e-30
 2.818383e-04     1.774250e-30
 3.162278e-04     2.058359e-30
 3.548134e-04     2.390222e-30
 3.981073e-04     2.778243e-30
 4.466837e-04     3.232353e-30
 5.011873e-04     3.764315e-30
 5.623413e-04     4.388056e-30
 6.309572e-04     5.120085e-30
 7.079460e-04     5.979991e-30
 7.943284e-04     6.991004e-30
 8.912510e-04     8.180730e-30
 1.000000e-03     9.581969e-30
 1.122018e-03     1.123371e-29
 1.258926e-03     1.318237e-29
 1.412538e-03     1.548315e-29
 1.584893e-03     1.820178e-29
 1.778279e-03     2.141664e-29
 1.995262e-03     2.522113e-29
 2.238722e-03     2.972663e-29
 2.511887e-03     3.506593e-29
 2.818383e-03     4.139765e-29
 3.162278e-03     4.891114e-29
 3.548133e-03     5.783247e-29
 3.981073e-03     6.843195e-29
 4.466837e-03     8.103237e-29
 5.011873e-03     9.602014e-29
 5.623413e-03     1.138580e-28
 6.309573e-03     1.351021e-28
 7.079460e-03     1.604232e-28
 7.943284e-03     1.906373e-28
 8.912510e-03     2.267458e-28
 1.000000e-02     2.699884e-28
 1.122019e-02     3.219122e-28
 1.258925e-02     3.844507e-28
 1.412538e-02     4.600196e-28
 1.584894e-02     5.516097e-28
 1.778279e-02     6.628905e-28
 1.995263e-02     7.983133e-28
 2.238721e-02     9.632057e-28
 2.511887e-02     1.163890e-27
 2.818385e-02     1.407798e-27
 3.162277e-02     1.703617e-27
 3.548136e-02     2.061489e-27
 3.981071e-02     2.493214e-27
 4.466837e-02     3.012582e-27
 5.011876e-02     3.635712e-27
 5.623413e-02     4.381519e-27
 6.309576e-02     5.272309e-27
 7.079456e-02     6.334395e-27
 7.943284e-02     7.599005e-27
 8.912515e-02     9.103183e-27
 1.000000e-01     1.089098e-26
 1.122019e-01     1.301629e-26
 1.258925e-01     1.548494e-26
 1.412538e-01     1.823190e-26
 1.584894e-01     2.120982e-26
 1.778279e-01     2.438217e-26
 1.995263e-01     2.771920e-26
 2.238721e-01     3.119549e-26
 2.511887e-01     3.478922e-26
 2.818385e-01     3.848154e-26
 3.162278e-01     4.225646e-26
 3.548135e-01     4.610087e-26
 3.981071e-01     5.000433e-26
 4.466837e-01     5.395905e-26
 5.011876e-01     5.795950e-26
 5.623413e-01     6.200225e-26
 6.309576e-01     6.608578e-26
 7.079456e-01     7.021004e-26
 7.943284e-01     7.437641e-26
 8.912515e-01     7.858713e-26
 1.000000e+00     8.284524e-26
 1.122019e+00     8.715442e-26
 1.258925e+00     9.151854e-26
 1.412538e+00     9.594185e-26
 1.584894e+00     1.004284e-25
 1.778279e+00     1.049824e-25
 1.995263e+00     1.096079e-25
 2.238721e+00     1.143086e-25
 2.511887e+00     1.190885e-25
 2.818385e+00     1.239511e-25
 3.162278e+00     1.288720e-25
 3.548136e+00     1.337143e-25
 3.981071e+00     1.389075e-25
 4.466837e+00     1.447370e-25
 5.011876e+00     1.514314e-25
 5.623413e+00     1.592136e-25
 6.309576e+00     1.682538e-25
 7.079456e+00     1.778140e-25
 7.943284e+00     1.889211e-25
 8.912516e+00     2.023570e-25
 1.000000e+01     2.187945e-25
 1.122019e+01     2.388384e-25
 1.258925e+01     2.630452e-25
 1.412538e+01     2.920517e-25
 1.584894e+01     3.263989e-25
 1.778279e+01     3.662668e-25
 1.995263e+01     4.116187e-25
 2.238721e+01     4.620142e-25
 2.511887e+01     5.187301e-25
 2.818385e+01     5.763116e-25
 3.162278e+01     6.358666e-25
 3.548135e+01     6.946744e-25
 3.981071e+01     7.476768e-25
 4.466837e+01     7.947034e-25
 5.011876e+01     8.331309e-25
 5.623413e+01     8.656278e-25
 6.309576e+01     8.922969e-25
 7.079456e+01     9.168098e-25
 7.943284e+01     9.424811e-25
 8.912515e+01     9.702169e-25
 1.000000e+02     1.000167e-24
 1.120000e+02     1.031401e-24
 1.250000e+02     1.060832e-24
 1.400000e+02     1.089235e-24
 1.550000e+02     1.111850e-24
 1.650000e+02     1.124135e-24
 1.750000e+02     1.134848e-24
 1.850000e+02     1.145092e-24
 1.900000e+02     1.152758e-24
 1.950000e+02     1.165292e-24
 2.000000e+02     1.190369e-24
 2.050000e+02     1.244755e-24
 2.100000e+02     1.361286e-24
 2.150000e+02     1.608080e-24
 2.180000e+02     1.868673e-24
 2.210000e+02     2.265278e-24
 2.240000e+02     2.861198e-24
 2.260000e+02     3.414173e-24
 2.270000e+02     3.749322e-24
 2.275000e+02     3.933795e-24
 2.278400e+02     4.066752e-24
 2.380000e+02     1.370279e-23
 2.500000e+02     2.419881e-23
 2.700000e+02     3.769438e-23
 2.900000e+02     4.811968e-23
 3.035000e+02     5.404024e-23
 3.037800e+02     1.000331e-22
 3.045000e+02     9.880042e-23
 3.060000e+02     9.658584e-23
 3.080000e+02     9.381966e-23
 3.100000e+02     9.151248e-23
 3.120000e+02     8.913248e-23
 3.150000e+02     8.615691e-23
 3.200000e+02     8.197460e-23
 3.250000e+02     7.862797e-23
 3.300000e+02     7.633446e-23
 3.400000e+02     7.366706e-23
 3.600000e+02     7.370954e-23
 3.800000e+02     7.735126e-23
 4.050000e+02     8.339020e-23
 4.250000e+02     8.848904e-23
 4.500000e+02     9.497500e-23
 4.650000e+02     9.883123e-23
 4.750000e+02     1.015191e-22
 4.820000e+02     1.032737e-22
 4.870000e+02     1.046105e-22
 4.910000e+02     1.056975e-22
 4.950000e+02     1.067073e-22
 4.980000e+02     1.074688e-22
 5.000000e+02     1.080397e-22
 5.020000e+02     1.085263e-22
 5.039800e+02     1.090353e-22
 5.100000e+02     1.124191e-22
 5.250000e+02     1.203590e-22
 5.600000e+02     1.353710e-22
 6.000000e+02     1.498699e-22
 6.500000e+02     1.665556e-22
 7.000000e+02     1.842196e-22
 7.500000e+02     2.049851e-22
 8.000000e+02     2.312076e-22
 8.300000e+02     2.502615e-22
 8.600000e+02     2.732085e-22
 8.800000e+02     2.906191e-22
 8.900000e+02     3.004059e-22
 8.960000e+02     3.064157e-22
 9.000000e+02     3.103802e-22
 9.030000e+02     3.136675e-22
 9.060000e+02     3.168136e-22
 9.090000e+02     3.201709e-22
 9.117800e+02     3.231706e-22
 9.300000e+02     7.890563e-22
 9.500000e+02     1.339350e-21
 9.750000e+02     2.378424e-21
 9.900000e+02     2.877082e-21
 1.005000e+03     3.459330e-21
 1.025000e+03     4.451797e-21
 1.045000e+03     5.321824e-21
 1.065000e+03     6.527765e-21
 1.085000e+03     7.760448e-21
 1.105000e+03     8.970850e-21
 1.125000e+03     1.029452e-20
 1.145000e+03     1.147672e-20
 1.165000e+03     1.283215e-20
 1.185000e+03     1.399512e-20
 1.205000e+03     1.517580e-20
 1.215600e+03     1.575291e-20
 1.215670e+03     1.676998e-20
 1.216000e+03     1.678579e-20
 1.218000e+03     1.687573e-20
 1.221000e+03     1.699167e-20
 1.225000e+03     1.712075e-20
 1.230000e+03     1.731815e-20
 1.240000e+03     1.785949e-20
 1.250000e+03     1.844379e-20
 1.265000e+03     1.949848e-20
 1.285000e+03     2.082816e-20
 1.305000e+03     2.222369e-20
 1.325000e+03     2.339774e-20
 1.345000e+03     2.473734e-20
 1.365000e+03     2.602232e-20
 1.385000e+03     2.735933e-20
 1.405000e+03     2.853531e-20
 1.425000e+03     2.966850e-20
 1.442000e+03     3.065647e-20
 1.455000e+03     3.141485e-20
 1.475000e+03     3.260747e-20
 1.517000e+03     3.465957e-20
 1.595000e+03     3.791101e-20
 1.672000e+03     4.078110e-20
 1.745000e+03     4.312235e-20
 1.825000e+03     4.545737e-20
 1.905000e+03     4.723001e-20
 1.984000e+03     4.866246e-20
 2.065000e+03     4.976210e-20
 2.135000e+03     5.037376e-20
 2.215000e+03     5.092757e-20
 2.295000e+03     5.136233e-20
 2.375000e+03     5.187825e-20
 2.455000e+03     5.240749e-20
 2.525000e+03     5.282987e-20
 2.605000e+03     5.345604e-20
 2.685000e+03     5.426752e-20
 2.765000e+03     5.490500e-20
 2.845000e+03     5.535441e-20
 2.950000e+03     5.616178e-20
 3.110000e+03     5.735399e-20
 3.270000e+03     5.828952e-20
 3.430000e+03     5.910128e-20
 3.590000e+03     5.979901e-20
 3.730000e+03     6.080190e-20
 3.890000e+03     6.484648e-20
 4.050000e+03     6.904296e-20
 4.210000e+03     7.515433e-20
 4.370000e+03     8.033787e-20
 4.530000e+03     8.513664e-20
 4.690000e+03     8.967761e-20
 4.850000e+03     9.307587e-20
 5.010000e+03     9.617752e-20
 5.170000e+03     9.892686e-20
 5.330000e+03     1.015158e-19
 5.490000e+03     1.038790e-19
 5.650000e+03     1.061344e-19
 5.810000e+03     1.083383e-19
 5.970000e+03     1.100748e-19
 6.130000e+03     1.118070e-19
 6.290000e+03     1.132976e-19
 6.450000e+03     1.146320e-19
 6.610000e+03     1.158296e-19
 6.770000e+03     1.170694e-19
 6.930000e+03     1.181752e-19
 7.090000e+03     1.191514e-19
 7.250000e+03     1.200495e-19
 7.410000e+03     1.209150e-19
 7.570000e+03     1.217940e-19
 7.730000e+03     1.227544e-19
 7.890000e+03     1.236298e-19
 8.050000e+03     1.244029e-19
 8.210000e+03     1.251948e-19
 8.370000e+03     1.259382e-19
 8.530000e+03     1.266255e-19
 8.690000e+03     1.273456e-19
 8.850000e+03     1.282645e-19
 9.010000e+03     1.290970e-19
 9.170000e+03     1.298579e-19
 9.330000e+03     1.309054e-19
 9.490000e+03     1.318835e-19
 9.650000e+03     1.327139e-19
 9.810000e+03     1.335819e-19
 9.970000e+03     1.344455e-19
 1.050000e+04     1.365901e-19
 1.150000e+04     1.386524e-19
 1.250000e+04     1.398407e-19
 1.350000e+04     1.405092e-19
 1.450000e+04     1.412089e-19
 1.550000e+04     1.427023e-19
 1.650000e+04     1.437149e-19
 1.750000e+04     1.431990e-19
 1.850000e+04     1.411349e-19
 1.950000e+04     1.378242e-19
 2.050000e+04     1.341724e-19
 2.150000e+04     1.302570e-19
 2.250000e+04     1.259749e-19
 2.350000e+04     1.206321e-19
 2.450000e+04     1.145451e-19
 2.550000e+04     1.094001e-19
 2.650000e+04     1.044776e-19
 2.750000e+04     1.003557e-19
 2.850000e+04     9.661546e-20
 2.950000e+04     9.314472e-20
 3.050000e+04     8.988166e-20
 3.150000e+04     8.680360e-20
 3.250000e+04     8.388169e-20
 3.350000e+04     8.111630e-20
 3.450000e+04     7.852693e-20
 3.550000e+04     7.613620e-20
 3.650000e+04     7.391397e-20
 3.750000e+04     7.184639e-20
 3.850000e+04     6.994483e-20
 3.950000e+04     6.831666e-20
 4.050000e+04     6.710620e-20
 4.150000e+04     6.565822e-20
 4.250000e+04     6.401240e-20
 4.350000e+04     6.230438e-20
 4.450000e+04     6.069654e-20
 4.550000e+04     5.925608e-20
 4.650000e+04     5.815544e-20
 4.750000e+04     5.738149e-20
 4.850000e+04     5.686508e-20
 4.950000e+04     5.659840e-20
 5.050000e+04     5.663607e-20
 5.150000e+04     5.704821e-20
 5.250000e+04     5.788959e-20
 5.350000e+04     5.918412e-20
 5.450000e+04     6.094023e-20
 5.550000e+04     6.316403e-20
 5.650000e+04     6.591234e-20
 5.750000e+04     6.913471e-20
 5.850000e+04     7.150003e-20
 5.950000e+04     7.335539e-20
 6.050000e+04     7.622536e-20
 6.150000e+04     8.184949e-20
 6.250000e+04     9.571606e-20
 6.350000e+04     1.054027e-19
 6.450000e+04     1.093479e-19
 6.550000e+04     1.125817e-19
 6.650010e+04     1.156091e-19
 6.750010e+04     1.190423e-19
 6.850010e+04     1.220947e-19
 6.950010e+04     1.267768e-19
 7.020000e+04     1.313255e-19
 7.100000e+04     1.358986e-19
 7.180000e+04     1.402834e-19
 7.260000e+04     1.448235e-19
 7.340000e+04     1.504807e-19
 7.420000e+04     1.585508e-19
 7.500000e+04     1.697246e-19
 7.580000e+04     1.837764e-19
 7.660000e+04     1.993354e-19
 7.740000e+04     2.141747e-19
 7.820000e+04     2.280044e-19
 7.900000e+04     2.403976e-19
 7.980000e+04     2.500219e-19
 8.060000e+04     2.569361e-19
 8.140000e+04     2.616553e-19
 8.220000e+04     2.652019e-19
 8.300000e+04     2.681225e-19
 8.380000e+04     2.707335e-19
 8.460000e+04     2.735099e-19
 8.540000e+04     2.767663e-19
 8.620000e+04     2.804837e-19
 8.700000e+04     2.833758e-19
 8.780000e+04     2.843688e-19
 8.860000e+04     2.837041e-19
 8.940000e+04     2.821954e-19
 9.020000e+04     2.800925e-19
 9.100000e+04     2.774626e-19
 9.180000e+04     2.746495e-19
 9.260000e+04     2.717897e-19
 9.340000e+04     2.689421e-19
 9.420000e+04     2.663510e-19
 9.500000e+04     2.641838e-19
 9.580000e+04     2.622270e-19
 9.660000e+04     2.609524e-19
 9.740000e+04     2.599864e-19
 9.820000e+04     2.585824e-19
 9.900000e+04     2.569933e-19
 9.980000e+04     2.554876e-19
 1.006000e+05     2.541696e-19
 1.020000e+05     2.521108e-19
 1.040000e+05     2.498701e-19
 1.060000e+05     2.493720e-19
 1.080000e+05     2.492251e-19
 1.100000e+05     2.493584e-19
 1.120000e+05     2.567716e-19
 1.140000e+05     2.755640e-19
 1.160000e+05     2.807127e-19
 1.180000e+05     2.842617e-19
 1.200000e+05     2.893988e-19
 1.220000e+05     2.965198e-19
 1.240000e+05     3.057010e-19
 1.260000e+05     3.178829e-19
 1.280000e+05     3.395859e-19
 1.300000e+05     3.605667e-19
 1.320000e+05     3.614193e-19
 1.340000e+05     3.690732e-19
 1.360000e+05     3.733890e-19
 1.380000e+05     3.786205e-19
 1.400000e+05     3.828959e-19
 1.420000e+05     3.890027e-19
 1.440000e+05     3.954933e-19
 1.460000e+05     4.021498e-19
 1.480000e+05     4.092075e-19
 1.500000e+05     4.164496e-19
 1.520000e+05     4.232337e-19
 1.540000e+05     4.297764e-19
 1.560000e+05     4.387432e-19
 1.580000e+05     4.461799e-19
 1.600000e+05     4.508092e-19
 1.620000e+05     4.562724e-19
 1.640000e+05     4.628700e-19
 1.660000e+05     4.728364e-19
 1.680000e+05     4.812280e-19
 1.700000e+05     4.921622e-19
 1.720000e+05     5.048276e-19
 1.740000e+05     5.144766e-19
 1.760000e+05     5.226199e-19
 1.780000e+05     5.289091e-19
 1.800000e+05     5.349141e-19
 1.820000e+05     5.394704e-19
 1.840000e+05     5.440950e-19
 1.860000e+05     5.491151e-19
 1.880000e+05     5.594910e-19
 1.900000e+05     5.670036e-19
 1.920000e+05     5.749816e-19
 1.940000e+05     5.845266e-19
 1.960000e+05     5.958644e-19
 1.980000e+05     6.085959e-19
 2.000000e+05     6.222937e-19
 2.020000e+05     6.368560e-19
 2.040000e+05     6.531427e-19
 2.060000e+05     6.690111e-19
 2.080000e+05     6.852173e-19
 2.100000e+05     7.037100e-19
 2.120000e+05     7.224669e-19
 2.140000e+05     7.409161e-19
 2.160000e+05     7.620049e-19
 2.180000e+05     7.844103e-19
 2.200000e+05     8.056116e-19
 2.220000e+05     8.277990e-19
 2.240000e+05     8.523501e-19
 2.260000e+05     8.764086e-19
 2.280000e+05     8.999713e-19
 2.300000e+05     9.254509e-19
 2.320000e+05     9.529661e-19
 2.340000e+05     9.809520e-19
 2.360000e+05     1.009071e-18
 2.380000e+05     1.039008e-18
 2.400000e+05     1.071108e-18
 2.420000e+05     1.104188e-18
 2.440000e+05     1.137595e-18
 2.460000e+05     1.172690e-18
 2.480000e+05     1.210082e-18
 2.500000e+05     1.248499e-18
 2.520000e+05     1.287087e-18
 2.540000e+05     1.327067e-18
 2.560000e+05     1.369136e-18
 2.580000e+05     1.413131e-18
 2.600000e+05     1.458201e-18
 2.620000e+05     1.503381e-18
 2.640000e+05     1.548967e-18
 2.660000e+05     1.595754e-18
 2.680000e+05     1.644391e-18
 2.700000e+05     1.692929e-18
 2.720000e+05     1.740981e-18
 2.740000e+05     1.789069e-18
 2.760000e+05     1.838743e-18
 2.780000e+05     1.890174e-18
 2.800000e+05     1.944047e-18
 2.820000e+05     2.000066e-18
 2.840000e+05     2.055812e-18
 2.860000e+05     2.111032e-18
 2.880000e+05     2.166940e-18
 2.900000e+05     2.224787e-18
 2.920000e+05     2.284356e-18
 2.940000e+05     2.344418e-18
 2.960000e+05     2.405988e-18
 2.980000e+05     2.468062e-18
 3.000000e+05     2.529645e-18
 3.020000e+05     2.592740e-18
 3.040000e+05     2.657767e-18
 3.060000e+05     2.723588e-18
 3.080000e+05     2.790218e-18
 3.100000e+05     2.856908e-18
 3.120000e+05     2.923472e-18
 3.140000e+05     2.992788e-18
 3.160000e+05     3.063074e-18
 3.180000e+05     3.134823e-18
 3.200000e+05     3.209632e-18
 3.220000e+05     3.283886e-18
 3.240000e+05     3.359216e-18
 3.260000e+05     3.437457e-18
 3.280000e+05     3.514474e-18
 3.300000e+05     3.591820e-18
 3.320000e+05     3.668524e-18
 3.340000e+05     3.754438e-18
 3.360000e+05     3.848212e-18
 3.380000e+05     3.935090e-18
 3.400000e+05     4.007904e-18
 3.420000e+05     4.085177e-18
 3.440000e+05     4.163684e-18
 3.460000e+05     4.236822e-18
 3.480000e+05     4.328524e-18
 3.500000e+05     4.430928e-18
 3.520000e+05     4.524012e-18
 3.540000e+05     4.608122e-18
 3.560000e+05     4.687166e-18
 3.580000e+05     4.761527e-18
 3.600000e+05     4.840445e-18
 3.620000e+05     4.923018e-18
 3.640000e+05     5.001384e-18
 3.660000e+05     5.077563e-18
 3.680000e+05     5.158419e-18
 3.700000e+05     5.242221e-18
 3.720000e+05     5.324506e-18
 3.740000e+05     5.405890e-18
 3.760000e+05     5.491398e-18
 3.780000e+05     5.578817e-18
 3.800000e+05     5.665031e-18
 3.820000e+05     5.751646e-18
 3.840000e+05     5.841921e-18
 3.860000e+05     5.934069e-18
 3.880000e+05     6.025769e-18
 3.900000e+05     6.118150e-18
 3.920000e+05     6.213176e-18
 4.320000e+05     8.213110e-18
 4.760000e+05     1.051891e-17
 5.250000e+05     1.302554e-17
 5.790000e+05     1.556417e-17
 6.390000e+05     1.801368e-17
 7.040000e+05     2.008033e-17
 7.760000e+05     2.159581e-17
 8.560000e+05     2.243847e-17
 9.430000e+05     2.258193e-17
 1.040000e+06     2.210723e-17
 1.147000e+06     2.114428e-17
 1.264000e+06     1.985916e-17
 1.394000e+06     1.838592e-17
 1.537000e+06     1.686180e-17
 1.694000e+06     1.536943e-17
 1.868000e+06     1.394450e-17
 2.059000e+06     1.261322e-17
 2.270000e+06     1.136162e-17
 2.503000e+06     1.017516e-17
 2.760000e+06     9.039620e-18
 3.043000e+06     7.948416e-18
 3.354000e+06     6.903760e-18
 3.698000e+06     5.908100e-18
 4.077000e+06     4.979142e-18
 4.495000e+06     4.129659e-18
 4.956000e+06     3.370900e-18
 5.464000e+06     2.709807e-18
 6.024000e+06     2.147035e-18
 6.641000e+06     1.678950e-18
 7.322000e+06     1.297299e-18
 8.073000e+06     9.926472e-19
 8.900000e+06     7.542801e-19
 9.813000e+06     5.705752e-19
 1.082000e+07     4.315021e-19
 1.193000e+07     3.279870e-19
 1.315000e+07     2.523250e-19
 1.450000e+07     1.975259e-19
 1.598000e+07     1.587769e-19
 1.762000e+07     1.315534e-19
 1.943000e+07     1.128901e-19
 2.142000e+07     1.004934e-19
 2.362000e+07     9.257201e-20
 2.604000e+07     8.791651e-20
 2.871000e+07     8.564690e-20
 3.165000e+07     8.514891e-20
 3.489000e+07     8.596964e-20
 3.847000e+07     8.780828e-20
 4.241000e+07     9.044874e-20
 4.676000e+07     9.373394e-20
 5.155000e+07     9.754970e-20
 5.683000e+07     1.018302e-19
 6.266000e+07     1.065246e-19
 6.908000e+07     1.116044e-19
 7.616000e+07     1.170547e-19
 8.397000e+07     1.228591e-19
 9.258000e+07     1.290172e-19
 1.020700e+08     1.355299e-19
 1.125300e+08     1.424064e-19
 1.240600e+08     1.496600e-19
 1.367800e+08     1.573153e-19
 1.508000e+08     1.653746e-19
 1.662500e+08     1.738457e-19
 1.833000e+08     1.827720e-19
 2.020800e+08     1.921649e-19
 2.228000e+08     2.020495e-19
 2.456300e+08     2.124477e-19
 2.708100e+08     2.233993e-19
 2.985700e+08     2.349214e-19
 3.291700e+08     2.470354e-19
 3.629100e+08     2.597910e-19
 4.001100e+08     2.732056e-19
 4.411200e+08     2.873256e-19
 4.863400e+08     3.021779e-19
 5.361900e+08     3.178189e-19
 5.911500e+08     3.342713e-19
 6.517400e+08     3.515903e-19
 7.185400e+08     3.698007e-19
 7.921900e+08     3.889656e-19
 8.733900e+08     4.091241e-19
 9.629200e+08     4.303343e-19
 1.000000e+09     4.388427e-19
