## EBL from Khaire & Srianand 2018; Q17 Model with alpha=-1.7 
## Column1:wavelength (Angstrom);  Column2:EBL specific intensity J_nu (erg/s/cm^2/Hz/Sr)
## ===========================================================================================
 1.000000e-08     4.201728e-40
 1.122019e-08     6.109736e-40
 1.258925e-08     8.715669e-40
 1.412538e-08     1.217042e-39
 1.584893e-08     1.665839e-39
 1.778279e-08     2.239431e-39
 1.995263e-08     2.962440e-39
 2.238721e-08     3.862962e-39
 2.511887e-08     4.973103e-39
 2.818382e-08     6.329538e-39
 3.162278e-08     7.974316e-39
 3.548135e-08     9.955670e-39
 3.981071e-08     1.232908e-38
 4.466837e-08     1.515851e-38
 5.011870e-08     1.851768e-38
 5.623413e-08     2.249191e-38
 6.309576e-08     2.717973e-38
 7.079456e-08     3.269515e-38
 7.943284e-08     3.917036e-38
 8.912505e-08     4.675821e-38
 1.000000e-07     5.563612e-38
 1.122019e-07     6.600941e-38
 1.258925e-07     7.811600e-38
 1.412538e-07     9.223210e-38
 1.584892e-07     1.086771e-37
 1.778279e-07     1.278221e-37
 1.995263e-07     1.500965e-37
 2.238721e-07     1.759982e-37
 2.511887e-07     2.061046e-37
 2.818382e-07     2.410841e-37
 3.162278e-07     2.817127e-37
 3.548136e-07     3.288885e-37
 3.981071e-07     3.836522e-37
 4.466837e-07     4.472117e-37
 5.011870e-07     5.209643e-37
 5.623413e-07     6.065322e-37
 6.309576e-07     7.057931e-37
 7.079456e-07     8.209222e-37
 7.943284e-07     9.544442e-37
 8.912505e-07     1.109279e-36
 1.000000e-06     1.288818e-36
 1.122019e-06     1.496984e-36
 1.258925e-06     1.738324e-36
 1.412538e-06     2.018112e-36
 1.584893e-06     2.342454e-36
 1.778279e-06     2.718428e-36
 1.995263e-06     3.154239e-36
 2.238721e-06     3.659387e-36
 2.511887e-06     4.244891e-36
 2.818382e-06     4.923506e-36
 3.162278e-06     5.710031e-36
 3.548136e-06     6.621600e-36
 3.981071e-06     7.678060e-36
 4.466837e-06     8.902444e-36
 5.011870e-06     1.032140e-35
 5.623413e-06     1.196584e-35
 6.309576e-06     1.387157e-35
 7.079456e-06     1.608007e-35
 7.943284e-06     1.863944e-35
 8.912505e-06     2.160537e-35
 1.000000e-05     2.504246e-35
 1.122019e-05     2.902550e-35
 1.258925e-05     3.364112e-35
 1.412538e-05     3.898991e-35
 1.584893e-05     4.518815e-35
 1.778279e-05     5.237080e-35
 1.995263e-05     6.069419e-35
 2.238721e-05     7.033931e-35
 2.511887e-05     8.151621e-35
 2.818382e-05     9.446793e-35
 3.162278e-05     1.094765e-34
 3.548135e-05     1.268684e-34
 3.981071e-05     1.470218e-34
 4.466837e-05     1.703757e-34
 5.011870e-05     1.974377e-34
 5.623413e-05     2.287971e-34
 6.309577e-05     2.651361e-34
 7.079457e-05     3.072447e-34
 7.943284e-05     3.560401e-34
 8.912505e-05     4.125827e-34
 1.000000e-04     4.781040e-34
 1.122018e-04     5.540284e-34
 1.258926e-04     6.418866e-34
 1.412538e-04     7.412557e-34
 1.584893e-04     8.558610e-34
 1.778279e-04     9.888157e-34
 1.995262e-04     1.143386e-33
 2.238722e-04     1.323307e-33
 2.511887e-04     1.532949e-33
 2.818383e-04     1.777463e-33
 3.162278e-04     2.062925e-33
 3.548134e-04     2.396512e-33
 3.981073e-04     2.786711e-33
 4.466837e-04     3.243561e-33
 5.011873e-04     3.778950e-33
 5.623413e-04     4.406962e-33
 6.309572e-04     5.144300e-33
 7.079460e-04     6.010782e-33
 7.943284e-04     7.029922e-33
 8.912510e-04     8.229667e-33
 1.000000e-03     9.643231e-33
 1.122018e-03     1.131011e-32
 1.258926e-03     1.327733e-32
 1.412538e-03     1.560081e-32
 1.584893e-03     1.834722e-32
 1.778279e-03     2.159599e-32
 1.995262e-03     2.544184e-32
 2.238722e-03     2.999771e-32
 2.511887e-03     3.539835e-32
 2.818383e-03     4.180464e-32
 3.162278e-03     4.940875e-32
 3.548133e-03     5.844008e-32
 3.981073e-03     6.917302e-32
 4.466837e-03     8.193531e-32
 5.011873e-03     9.711933e-32
 5.623413e-03     1.151953e-31
 6.309573e-03     1.367287e-31
 7.079460e-03     1.624035e-31
 7.943284e-03     1.930532e-31
 8.912510e-03     2.297048e-31
 1.000000e-02     2.736348e-31
 1.122019e-02     3.264403e-31
 1.258925e-02     3.901206e-31
 1.412538e-02     4.671723e-31
 1.584894e-02     5.606792e-31
 1.778279e-02     6.744103e-31
 1.995263e-02     8.129164e-31
 2.238721e-02     9.816173e-31
 2.511887e-02     1.186916e-30
 2.818385e-02     1.436308e-30
 3.162277e-02     1.738535e-30
 3.548136e-02     2.103784e-30
 3.981071e-02     2.543901e-30
 4.466837e-02     3.072741e-30
 5.011876e-02     3.706512e-30
 5.623413e-02     4.464262e-30
 6.309576e-02     5.368489e-30
 7.079456e-02     6.445772e-30
 7.943284e-02     7.727687e-30
 8.912515e-02     9.251734e-30
 1.000000e-01     1.106254e-29
 1.122019e-01     1.321523e-29
 1.258925e-01     1.569484e-29
 1.412538e-01     1.840605e-29
 1.584894e-01     2.130547e-29
 1.778279e-01     2.436512e-29
 1.995263e-01     2.756211e-29
 2.238721e-01     3.087594e-29
 2.511887e-01     3.428844e-29
 2.818385e-01     3.778374e-29
 3.162278e-01     4.134843e-29
 3.548135e-01     4.497174e-29
 3.981071e-01     4.864526e-29
 4.466837e-01     5.236296e-29
 5.011876e-01     5.612087e-29
 5.623413e-01     5.991681e-29
 6.309576e-01     6.374085e-29
 7.079456e-01     6.760429e-29
 7.943284e-01     7.150527e-29
 8.912515e-01     7.544356e-29
 1.000000e+00     7.941896e-29
 1.122019e+00     8.343034e-29
 1.258925e+00     8.747411e-29
 1.412538e+00     9.154313e-29
 1.584894e+00     9.562424e-29
 1.778279e+00     9.969552e-29
 1.995263e+00     1.037220e-28
 2.238721e+00     1.076494e-28
 2.511887e+00     1.113958e-28
 2.818385e+00     1.148403e-28
 3.162278e+00     1.177715e-28
 3.548136e+00     1.197826e-28
 3.981071e+00     1.211441e-28
 4.466837e+00     1.216513e-28
 5.011876e+00     1.209259e-28
 5.623413e+00     1.185385e-28
 6.309576e+00     1.140348e-28
 7.079456e+00     1.063233e-28
 7.943284e+00     9.698303e-29
 8.912516e+00     8.629976e-29
 1.000000e+01     7.536328e-29
 1.122019e+01     6.462312e-29
 1.258925e+01     5.474085e-29
 1.412538e+01     4.596416e-29
 1.584894e+01     3.841200e-29
 1.778279e+01     3.203782e-29
 1.995263e+01     2.672418e-29
 2.238721e+01     2.232386e-29
 2.511887e+01     1.869376e-29
 2.818385e+01     1.569919e-29
 3.162278e+01     1.322625e-29
 3.548135e+01     1.118106e-29
 3.981071e+01     9.483714e-30
 4.466837e+01     8.072102e-30
 5.011876e+01     6.893450e-30
 5.623413e+01     5.908013e-30
 6.309576e+01     5.081910e-30
 7.079456e+01     4.387993e-30
 7.943284e+01     3.804271e-30
 8.912515e+01     3.312596e-30
 1.000000e+02     2.898609e-30
 1.120000e+02     2.554688e-30
 1.250000e+02     2.273141e-30
 1.400000e+02     2.027774e-30
 1.550000e+02     1.841758e-30
 1.650000e+02     1.741806e-30
 1.750000e+02     1.658158e-30
 1.850000e+02     1.591081e-30
 1.900000e+02     1.570772e-30
 1.950000e+02     1.570608e-30
 2.000000e+02     1.613076e-30
 2.050000e+02     1.745633e-30
 2.100000e+02     2.064168e-30
 2.150000e+02     2.755146e-30
 2.180000e+02     3.484090e-30
 2.210000e+02     4.586985e-30
 2.240000e+02     6.232744e-30
 2.260000e+02     7.745041e-30
 2.270000e+02     8.658331e-30
 2.275000e+02     9.159895e-30
 2.278400e+02     9.519303e-30
 2.380000e+02     6.997776e-24
 2.500000e+02     8.284793e-24
 2.700000e+02     8.881607e-24
 2.900000e+02     9.412557e-24
 3.035000e+02     9.761024e-24
 3.037800e+02     9.823637e-24
 3.045000e+02     9.827185e-24
 3.060000e+02     9.846564e-24
 3.080000e+02     9.884544e-24
 3.100000e+02     9.930086e-24
 3.120000e+02     9.977944e-24
 3.150000e+02     1.005119e-23
 3.200000e+02     1.017521e-23
 3.250000e+02     1.029848e-23
 3.300000e+02     1.042073e-23
 3.400000e+02     1.066183e-23
 3.600000e+02     1.113104e-23
 3.800000e+02     1.158382e-23
 4.050000e+02     1.212834e-23
 4.250000e+02     1.254977e-23
 4.500000e+02     1.305788e-23
 4.650000e+02     1.335934e-23
 4.750000e+02     1.355706e-23
 4.820000e+02     1.369414e-23
 4.870000e+02     1.379093e-23
 4.910000e+02     1.386754e-23
 4.950000e+02     1.394408e-23
 4.980000e+02     1.400115e-23
 5.000000e+02     1.403925e-23
 5.020000e+02     1.407785e-23
 5.039800e+02     1.411713e-23
 5.100000e+02     1.827030e-23
 5.250000e+02     1.947459e-23
 5.600000e+02     2.019034e-23
 6.000000e+02     2.103524e-23
 6.500000e+02     2.233993e-23
 7.000000e+02     2.414827e-23
 7.500000e+02     2.682715e-23
 8.000000e+02     3.069196e-23
 8.300000e+02     3.378770e-23
 8.600000e+02     3.757816e-23
 8.800000e+02     4.052971e-23
 8.900000e+02     4.214621e-23
 8.960000e+02     4.316164e-23
 9.000000e+02     4.385852e-23
 9.030000e+02     4.439233e-23
 9.060000e+02     4.493361e-23
 9.090000e+02     4.548416e-23
 9.117800e+02     4.600367e-23
 9.300000e+02     8.248708e-22
 9.500000e+02     2.042878e-21
 9.750000e+02     4.133396e-21
 9.900000e+02     5.001498e-21
 1.005000e+03     6.059669e-21
 1.025000e+03     7.793120e-21
 1.045000e+03     9.149075e-21
 1.065000e+03     1.103664e-20
 1.085000e+03     1.283367e-20
 1.105000e+03     1.448074e-20
 1.125000e+03     1.621152e-20
 1.145000e+03     1.763841e-20
 1.165000e+03     1.929465e-20
 1.185000e+03     2.057644e-20
 1.205000e+03     2.183740e-20
 1.215600e+03     2.241505e-20
 1.215670e+03     2.605410e-20
 1.216000e+03     2.606465e-20
 1.218000e+03     2.611924e-20
 1.221000e+03     2.617246e-20
 1.225000e+03     2.620499e-20
 1.230000e+03     2.628840e-20
 1.240000e+03     2.655968e-20
 1.250000e+03     2.709160e-20
 1.265000e+03     2.814450e-20
 1.285000e+03     2.918537e-20
 1.305000e+03     3.055041e-20
 1.325000e+03     3.134115e-20
 1.345000e+03     3.247255e-20
 1.365000e+03     3.338923e-20
 1.385000e+03     3.438091e-20
 1.405000e+03     3.541384e-20
 1.425000e+03     3.604634e-20
 1.442000e+03     3.674146e-20
 1.455000e+03     3.702651e-20
 1.475000e+03     3.777379e-20
 1.517000e+03     3.915431e-20
 1.595000e+03     4.057589e-20
 1.672000e+03     4.161004e-20
 1.745000e+03     4.235248e-20
 1.825000e+03     4.293138e-20
 1.905000e+03     4.284901e-20
 1.984000e+03     4.265136e-20
 2.065000e+03     4.242912e-20
 2.135000e+03     4.201153e-20
 2.215000e+03     4.078974e-20
 2.295000e+03     4.036789e-20
 2.375000e+03     3.989485e-20
 2.455000e+03     3.946819e-20
 2.525000e+03     3.903031e-20
 2.605000e+03     3.867111e-20
 2.685000e+03     3.848525e-20
 2.765000e+03     3.819494e-20
 2.845000e+03     3.783082e-20
 2.950000e+03     3.752102e-20
 3.110000e+03     3.708375e-20
 3.270000e+03     3.657717e-20
 3.430000e+03     3.607515e-20
 3.590000e+03     3.559588e-20
 3.730000e+03     3.552435e-20
 3.890000e+03     3.721711e-20
 4.050000e+03     3.879930e-20
 4.210000e+03     4.130263e-20
 4.370000e+03     4.325242e-20
 4.530000e+03     4.492463e-20
 4.690000e+03     4.636934e-20
 4.850000e+03     4.725111e-20
 5.010000e+03     4.796456e-20
 5.170000e+03     4.853925e-20
 5.330000e+03     4.907913e-20
 5.490000e+03     4.955286e-20
 5.650000e+03     5.001208e-20
 5.810000e+03     5.047804e-20
 5.970000e+03     5.074461e-20
 6.130000e+03     5.103994e-20
 6.290000e+03     5.123861e-20
 6.450000e+03     5.139016e-20
 6.610000e+03     5.150961e-20
 6.770000e+03     5.164869e-20
 6.930000e+03     5.173132e-20
 7.090000e+03     5.175864e-20
 7.250000e+03     5.175294e-20
 7.410000e+03     5.175352e-20
 7.570000e+03     5.178174e-20
 7.730000e+03     5.186470e-20
 7.890000e+03     5.192046e-20
 8.050000e+03     5.194499e-20
 8.210000e+03     5.200519e-20
 8.370000e+03     5.205841e-20
 8.530000e+03     5.211998e-20
 8.690000e+03     5.222970e-20
 8.850000e+03     5.244976e-20
 9.010000e+03     5.263499e-20
 9.170000e+03     5.278996e-20
 9.330000e+03     5.308253e-20
 9.490000e+03     5.334008e-20
 9.650000e+03     5.354538e-20
 9.810000e+03     5.375669e-20
 9.970000e+03     5.397860e-20
 1.050000e+04     5.442078e-20
 1.150000e+04     5.452815e-20
 1.250000e+04     5.437204e-20
 1.350000e+04     5.413652e-20
 1.450000e+04     5.406392e-20
 1.550000e+04     5.439923e-20
 1.650000e+04     5.420307e-20
 1.750000e+04     5.365143e-20
 1.850000e+04     5.289960e-20
 1.950000e+04     5.206905e-20
 2.050000e+04     5.125514e-20
 2.150000e+04     5.052641e-20
 2.250000e+04     4.993227e-20
 2.350000e+04     4.951030e-20
 2.450000e+04     4.929005e-20
 2.550000e+04     4.929548e-20
 2.650000e+04     4.954577e-20
 2.750000e+04     5.005674e-20
 2.850000e+04     5.084195e-20
 2.950000e+04     5.191278e-20
 3.050000e+04     5.291215e-20
 3.150000e+04     5.394371e-20
 3.250000e+04     5.497062e-20
 3.350000e+04     5.611239e-20
 3.450000e+04     5.727406e-20
 3.550000e+04     5.847165e-20
 3.650000e+04     5.972093e-20
 3.750000e+04     6.101000e-20
 3.850000e+04     6.232420e-20
 3.950000e+04     6.365175e-20
 4.050000e+04     6.499174e-20
 4.150000e+04     6.634719e-20
 4.250000e+04     6.771418e-20
 4.350000e+04     6.908856e-20
 4.450000e+04     7.046581e-20
 4.550000e+04     7.184174e-20
 4.650000e+04     7.321539e-20
 4.750000e+04     7.458944e-20
 4.850000e+04     7.596452e-20
 4.950000e+04     7.733940e-20
 5.050000e+04     7.871269e-20
 5.150000e+04     8.008319e-20
 5.250000e+04     8.144966e-20
 5.350000e+04     8.279107e-20
 5.450000e+04     8.372940e-20
 5.550000e+04     8.497398e-20
 5.650000e+04     8.637081e-20
 5.750000e+04     8.817565e-20
 5.850000e+04     8.943883e-20
 5.950000e+04     9.053948e-20
 6.050000e+04     9.272518e-20
 6.150000e+04     9.939877e-20
 6.250000e+04     1.122709e-19
 6.350000e+04     1.188774e-19
 6.450000e+04     1.199090e-19
 6.550000e+04     1.205188e-19
 6.650010e+04     1.209054e-19
 6.750010e+04     1.215880e-19
 6.850010e+04     1.222598e-19
 6.950010e+04     1.239344e-19
 7.020000e+04     1.261947e-19
 7.100000e+04     1.278456e-19
 7.180000e+04     1.298088e-19
 7.260000e+04     1.325425e-19
 7.340000e+04     1.364034e-19
 7.420000e+04     1.417225e-19
 7.500000e+04     1.493446e-19
 7.580000e+04     1.596077e-19
 7.660000e+04     1.710438e-19
 7.740000e+04     1.812382e-19
 7.820000e+04     1.899144e-19
 7.900000e+04     1.973767e-19
 7.980000e+04     2.029706e-19
 8.060000e+04     2.062576e-19
 8.140000e+04     2.076399e-19
 8.220000e+04     2.076889e-19
 8.300000e+04     2.072536e-19
 8.380000e+04     2.071456e-19
 8.460000e+04     2.071344e-19
 8.540000e+04     2.075012e-19
 8.620000e+04     2.087715e-19
 8.700000e+04     2.102935e-19
 8.780000e+04     2.103149e-19
 8.860000e+04     2.083784e-19
 8.940000e+04     2.053551e-19
 9.020000e+04     2.017824e-19
 9.100000e+04     1.977961e-19
 9.180000e+04     1.936308e-19
 9.260000e+04     1.894815e-19
 9.340000e+04     1.854051e-19
 9.420000e+04     1.814286e-19
 9.500000e+04     1.776107e-19
 9.580000e+04     1.740689e-19
 9.660000e+04     1.713085e-19
 9.740000e+04     1.687956e-19
 9.820000e+04     1.657432e-19
 9.900000e+04     1.625283e-19
 9.980000e+04     1.596760e-19
 1.006000e+05     1.569618e-19
 1.020000e+05     1.524167e-19
 1.040000e+05     1.469678e-19
 1.060000e+05     1.440147e-19
 1.080000e+05     1.422448e-19
 1.100000e+05     1.419644e-19
 1.120000e+05     1.530153e-19
 1.140000e+05     1.772478e-19
 1.160000e+05     1.808905e-19
 1.180000e+05     1.806800e-19
 1.200000e+05     1.813451e-19
 1.220000e+05     1.821691e-19
 1.240000e+05     1.840114e-19
 1.260000e+05     1.883611e-19
 1.280000e+05     1.975823e-19
 1.300000e+05     2.031462e-19
 1.320000e+05     1.967035e-19
 1.340000e+05     1.942794e-19
 1.360000e+05     1.905700e-19
 1.380000e+05     1.866031e-19
 1.400000e+05     1.820873e-19
 1.420000e+05     1.790212e-19
 1.440000e+05     1.756705e-19
 1.460000e+05     1.714361e-19
 1.480000e+05     1.675334e-19
 1.500000e+05     1.638963e-19
 1.520000e+05     1.607835e-19
 1.540000e+05     1.581481e-19
 1.560000e+05     1.588815e-19
 1.580000e+05     1.589176e-19
 1.600000e+05     1.572325e-19
 1.620000e+05     1.578424e-19
 1.640000e+05     1.595596e-19
 1.660000e+05     1.645700e-19
 1.680000e+05     1.672763e-19
 1.700000e+05     1.726816e-19
 1.720000e+05     1.784318e-19
 1.740000e+05     1.823696e-19
 1.760000e+05     1.845130e-19
 1.780000e+05     1.852647e-19
 1.800000e+05     1.857026e-19
 1.820000e+05     1.852866e-19
 1.840000e+05     1.848333e-19
 1.860000e+05     1.846876e-19
 1.880000e+05     1.896740e-19
 1.900000e+05     1.910199e-19
 1.920000e+05     1.907805e-19
 1.940000e+05     1.903172e-19
 1.960000e+05     1.899961e-19
 1.980000e+05     1.896469e-19
 2.000000e+05     1.895312e-19
 2.020000e+05     1.893425e-19
 2.040000e+05     1.892734e-19
 2.060000e+05     1.893770e-19
 2.080000e+05     1.896394e-19
 2.100000e+05     1.900993e-19
 2.120000e+05     1.906771e-19
 2.140000e+05     1.914532e-19
 2.160000e+05     1.924111e-19
 2.180000e+05     1.935472e-19
 2.200000e+05     1.947896e-19
 2.220000e+05     1.960967e-19
 2.240000e+05     1.974847e-19
 2.260000e+05     1.990007e-19
 2.280000e+05     2.006400e-19
 2.300000e+05     2.023641e-19
 2.320000e+05     2.041495e-19
 2.340000e+05     2.059970e-19
 2.360000e+05     2.079710e-19
 2.380000e+05     2.100974e-19
 2.400000e+05     2.123449e-19
 2.420000e+05     2.146726e-19
 2.440000e+05     2.170811e-19
 2.460000e+05     2.195894e-19
 2.480000e+05     2.221887e-19
 2.500000e+05     2.248806e-19
 2.520000e+05     2.276378e-19
 2.540000e+05     2.304536e-19
 2.560000e+05     2.334326e-19
 2.580000e+05     2.370061e-19
 2.600000e+05     2.413406e-19
 2.620000e+05     2.451742e-19
 2.640000e+05     2.483283e-19
 2.660000e+05     2.514632e-19
 2.680000e+05     2.547308e-19
 2.700000e+05     2.580069e-19
 2.720000e+05     2.613305e-19
 2.740000e+05     2.648178e-19
 2.760000e+05     2.683158e-19
 2.780000e+05     2.718398e-19
 2.800000e+05     2.756036e-19
 2.820000e+05     2.798312e-19
 2.840000e+05     2.841515e-19
 2.860000e+05     2.881211e-19
 2.880000e+05     2.919849e-19
 2.900000e+05     2.958040e-19
 2.920000e+05     2.998712e-19
 2.940000e+05     3.040009e-19
 2.960000e+05     3.081262e-19
 2.980000e+05     3.123902e-19
 3.000000e+05     3.167349e-19
 3.020000e+05     3.211143e-19
 3.040000e+05     3.256029e-19
 3.060000e+05     3.301780e-19
 3.080000e+05     3.348361e-19
 3.100000e+05     3.396040e-19
 3.120000e+05     3.445055e-19
 3.140000e+05     3.495448e-19
 3.160000e+05     3.547260e-19
 3.180000e+05     3.600655e-19
 3.200000e+05     3.655582e-19
 3.220000e+05     3.713073e-19
 3.240000e+05     3.773014e-19
 3.260000e+05     3.835585e-19
 3.280000e+05     3.900945e-19
 3.300000e+05     3.969086e-19
 3.320000e+05     4.042231e-19
 3.340000e+05     4.147021e-19
 3.360000e+05     4.296237e-19
 3.380000e+05     4.402333e-19
 3.400000e+05     4.470208e-19
 3.420000e+05     4.526859e-19
 3.440000e+05     4.583616e-19
 3.460000e+05     4.661836e-19
 3.480000e+05     4.812771e-19
 3.500000e+05     4.993816e-19
 3.520000e+05     5.085734e-19
 3.540000e+05     5.151174e-19
 3.560000e+05     5.208095e-19
 3.580000e+05     5.264383e-19
 3.600000e+05     5.325425e-19
 3.620000e+05     5.397060e-19
 3.640000e+05     5.455233e-19
 3.660000e+05     5.514720e-19
 3.680000e+05     5.584239e-19
 3.700000e+05     5.662507e-19
 3.720000e+05     5.726743e-19
 3.740000e+05     5.790330e-19
 3.760000e+05     5.863030e-19
 3.780000e+05     5.940018e-19
 3.800000e+05     6.007122e-19
 3.820000e+05     6.077255e-19
 3.840000e+05     6.157501e-19
 3.860000e+05     6.239585e-19
 3.880000e+05     6.313541e-19
 3.900000e+05     6.387566e-19
 3.920000e+05     6.468210e-19
 4.320000e+05     8.158634e-19
 4.760000e+05     1.017359e-18
 5.250000e+05     1.252010e-18
 5.790000e+05     1.516901e-18
 6.390000e+05     1.814959e-18
 7.040000e+05     2.141800e-18
 7.760000e+05     2.653525e-18
 8.560000e+05     3.409188e-18
 9.430000e+05     4.404227e-18
 1.040000e+06     5.613304e-18
 1.147000e+06     6.930575e-18
 1.264000e+06     8.207120e-18
 1.394000e+06     9.304750e-18
 1.537000e+06     1.007882e-17
 1.694000e+06     1.044543e-17
 1.868000e+06     1.038169e-17
 2.059000e+06     9.921989e-18
 2.270000e+06     9.142967e-18
 2.503000e+06     8.146490e-18
 2.760000e+06     7.038671e-18
 3.043000e+06     5.914894e-18
 3.354000e+06     4.848013e-18
 3.698000e+06     3.880458e-18
 4.077000e+06     3.042447e-18
 4.495000e+06     2.340919e-18
 4.956000e+06     1.770939e-18
 5.464000e+06     1.319826e-18
 6.024000e+06     9.704150e-19
 6.641000e+06     7.050371e-19
 7.322000e+06     5.065718e-19
 8.073000e+06     3.604556e-19
 8.900000e+06     2.543908e-19
 9.813000e+06     1.789666e-19
 1.082000e+07     1.257282e-19
 1.193000e+07     8.832002e-20
 1.315000e+07     6.215103e-20
 1.450000e+07     4.376193e-20
 1.598000e+07     3.093771e-20
 1.762000e+07     2.190041e-20
 1.943000e+07     1.556411e-20
 2.142000e+07     1.113836e-20
 2.362000e+07     8.033572e-21
 2.604000e+07     5.869330e-21
 2.871000e+07     4.356526e-21
 3.165000e+07     3.314720e-21
 3.489000e+07     2.592893e-21
 3.847000e+07     2.104986e-21
 4.241000e+07     1.781847e-21
 4.676000e+07     1.574625e-21
 5.155000e+07     1.449782e-21
 5.683000e+07     1.384968e-21
 6.266000e+07     1.369367e-21
 6.908000e+07     1.388049e-21
 7.616000e+07     1.433639e-21
 8.397000e+07     1.496777e-21
 9.258000e+07     1.583034e-21
 1.020700e+08     1.682516e-21
 1.125300e+08     1.797694e-21
 1.240600e+08     1.928869e-21
 1.367800e+08     2.070177e-21
 1.508000e+08     2.227539e-21
 1.662500e+08     2.403978e-21
 1.833000e+08     2.591355e-21
 2.020800e+08     2.794626e-21
 2.228000e+08     3.011426e-21
 2.456300e+08     3.249236e-21
 2.708100e+08     3.508091e-21
 2.985700e+08     3.785333e-21
 3.291700e+08     4.086441e-21
 3.629100e+08     4.409373e-21
 4.001100e+08     4.758095e-21
 4.411200e+08     5.135920e-21
 4.863400e+08     5.544675e-21
 5.361900e+08     5.985575e-21
 5.911500e+08     6.465530e-21
 6.517400e+08     6.982943e-21
 7.185400e+08     7.541594e-21
 7.921900e+08     8.145021e-21
 8.733900e+08     8.795296e-21
 9.629200e+08     9.496852e-21
 1.000000e+09     9.783356e-21
