## EBL from Khaire & Srianand 2018; Q17 Model with alpha=-1.7 
## Column1:wavelength (Angstrom);  Column2:EBL specific intensity J_nu (erg/s/cm^2/Hz/Sr)
## ===========================================================================================
 1.000000e-08     1.026099e-36
 1.122019e-08     1.493650e-36
 1.258925e-08     2.149086e-36
 1.412538e-08     3.040710e-36
 1.584893e-08     4.224391e-36
 1.778279e-08     5.764591e-36
 1.995263e-08     7.735396e-36
 2.238721e-08     1.022169e-35
 2.511887e-08     1.332069e-35
 2.818382e-08     1.714354e-35
 3.162278e-08     2.181759e-35
 3.548135e-08     2.748872e-35
 3.981071e-08     3.432440e-35
 4.466837e-08     4.251739e-35
 5.011870e-08     5.228951e-35
 5.623413e-08     6.389699e-35
 6.309576e-08     7.763552e-35
 7.079456e-08     9.384689e-35
 7.943284e-08     1.129271e-34
 8.912505e-08     1.353338e-34
 1.000000e-07     1.615979e-34
 1.122019e-07     1.923339e-34
 1.258925e-07     2.282535e-34
 1.412538e-07     2.701830e-34
 1.584892e-07     3.190778e-34
 1.778279e-07     3.760478e-34
 1.995263e-07     4.423777e-34
 2.238721e-07     5.195560e-34
 2.511887e-07     6.093103e-34
 2.818382e-07     7.136401e-34
 3.162278e-07     8.348662e-34
 3.548136e-07     9.756754e-34
 3.981071e-07     1.139181e-33
 4.466837e-07     1.328996e-33
 5.011870e-07     1.549300e-33
 5.623413e-07     1.804947e-33
 6.309576e-07     2.101553e-33
 7.079456e-07     2.445626e-33
 7.943284e-07     2.844719e-33
 8.912505e-07     3.307569e-33
 1.000000e-06     3.844317e-33
 1.122019e-06     4.466704e-33
 1.258925e-06     5.188330e-33
 1.412538e-06     6.024980e-33
 1.584893e-06     6.994910e-33
 1.778279e-06     8.119308e-33
 1.995263e-06     9.422717e-33
 2.238721e-06     1.093356e-32
 2.511887e-06     1.268479e-32
 2.818382e-06     1.471458e-32
 3.162278e-06     1.706721e-32
 3.548136e-06     1.979395e-32
 3.981071e-06     2.295415e-32
 4.466837e-06     2.661674e-32
 5.011870e-06     3.086142e-32
 5.623413e-06     3.578073e-32
 6.309576e-06     4.148176e-32
 7.079456e-06     4.808857e-32
 7.943284e-06     5.574516e-32
 8.912505e-06     6.461806e-32
 1.000000e-05     7.490058e-32
 1.122019e-05     8.681650e-32
 1.258925e-05     1.006250e-31
 1.412538e-05     1.166270e-31
 1.584893e-05     1.351704e-31
 1.778279e-05     1.566590e-31
 1.995263e-05     1.815604e-31
 2.238721e-05     2.104163e-31
 2.511887e-05     2.438549e-31
 2.818382e-05     2.826035e-31
 3.162278e-05     3.275060e-31
 3.548135e-05     3.795388e-31
 3.981071e-05     4.398339e-31
 4.466837e-05     5.097040e-31
 5.011870e-05     5.906683e-31
 5.623413e-05     6.844899e-31
 6.309577e-05     7.932096e-31
 7.079457e-05     9.191913e-31
 7.943284e-05     1.065178e-30
 8.912505e-05     1.234344e-30
 1.000000e-04     1.430373e-30
 1.122018e-04     1.657526e-30
 1.258926e-04     1.920627e-30
 1.412538e-04     2.221622e-30
 1.584893e-04     2.567560e-30
 1.778279e-04     2.966933e-30
 1.995262e-04     3.429527e-30
 2.238722e-04     3.966641e-30
 2.511887e-04     4.591378e-30
 2.818383e-04     5.319045e-30
 3.162278e-04     6.167601e-30
 3.548134e-04     7.158177e-30
 3.981073e-04     8.315711e-30
 4.466837e-04     9.669652e-30
 5.011873e-04     1.125484e-29
 5.623413e-04     1.311253e-29
 6.309572e-04     1.529159e-29
 7.079460e-04     1.784997e-29
 7.943284e-04     2.085638e-29
 8.912510e-04     2.439245e-29
 1.000000e-03     2.855513e-29
 1.122018e-03     3.345960e-29
 1.258926e-03     3.924298e-29
 1.412538e-03     4.606821e-29
 1.584893e-03     5.412944e-29
 1.778279e-03     6.365792e-29
 1.995262e-03     7.492919e-29
 2.238722e-03     8.827178e-29
 2.511887e-03     1.040774e-28
 2.818383e-03     1.228135e-28
 3.162278e-03     1.450384e-28
 3.548133e-03     1.714182e-28
 3.981073e-03     2.027493e-28
 4.466837e-03     2.399827e-28
 5.011873e-03     2.842561e-28
 5.623413e-03     3.369317e-28
 6.309573e-03     3.996437e-28
 7.079460e-03     4.743609e-28
 7.943284e-03     5.634690e-28
 8.912510e-03     6.698845e-28
 1.000000e-02     7.972029e-28
 1.122019e-02     9.498910e-28
 1.258925e-02     1.133519e-27
 1.412538e-02     1.355043e-27
 1.584894e-02     1.623092e-27
 1.778279e-02     1.948293e-27
 1.995263e-02     2.343606e-27
 2.238721e-02     2.824631e-27
 2.511887e-02     3.409991e-27
 2.818385e-02     4.121687e-27
 3.162277e-02     4.985545e-27
 3.548136e-02     6.031796e-27
 3.981071e-02     7.295663e-27
 4.466837e-02     8.818318e-27
 5.011876e-02     1.064785e-26
 5.623413e-02     1.284060e-26
 6.309576e-02     1.546290e-26
 7.079456e-02     1.859287e-26
 7.943284e-02     2.232303e-26
 8.912515e-02     2.676299e-26
 1.000000e-01     3.204298e-26
 1.122019e-01     3.832007e-26
 1.258925e-01     4.567119e-26
 1.412538e-01     5.398939e-26
 1.584894e-01     6.315713e-26
 1.778279e-01     7.305960e-26
 1.995263e-01     8.359101e-26
 2.238721e-01     9.465633e-26
 2.511887e-01     1.061724e-25
 2.818385e-01     1.180673e-25
 3.162278e-01     1.302794e-25
 3.548135e-01     1.427577e-25
 3.981071e-01     1.554604e-25
 4.466837e-01     1.683553e-25
 5.011876e-01     1.814180e-25
 5.623413e-01     1.946316e-25
 6.309576e-01     2.079865e-25
 7.079456e-01     2.214783e-25
 7.943284e-01     2.351078e-25
 8.912515e-01     2.488798e-25
 1.000000e+00     2.628021e-25
 1.122019e+00     2.768851e-25
 1.258925e+00     2.911407e-25
 1.412538e+00     3.055824e-25
 1.584894e+00     3.202240e-25
 1.778279e+00     3.350796e-25
 1.995263e+00     3.501641e-25
 2.238721e+00     3.654922e-25
 2.511887e+00     3.810794e-25
 2.818385e+00     3.969424e-25
 3.162278e+00     4.130584e-25
 3.548136e+00     4.290843e-25
 3.981071e+00     4.458846e-25
 4.466837e+00     4.642875e-25
 5.011876e+00     4.850766e-25
 5.623413e+00     5.090461e-25
 6.309576e+00     5.369549e-25
 7.079456e+00     5.675037e-25
 7.943284e+00     6.027752e-25
 8.912516e+00     6.451124e-25
 1.000000e+01     6.969817e-25
 1.122019e+01     7.610439e-25
 1.258925e+01     8.402509e-25
 1.412538e+01     9.379510e-25
 1.584894e+01     1.057955e-24
 1.778279e+01     1.204571e-24
 1.995263e+01     1.382562e-24
 2.238721e+01     1.596985e-24
 2.511887e+01     1.852896e-24
 2.818385e+01     2.154828e-24
 3.162278e+01     2.505931e-24
 3.548135e+01     2.906920e-24
 3.981071e+01     3.349041e-24
 4.466837e+01     3.836298e-24
 5.011876e+01     4.373049e-24
 5.623413e+01     4.970460e-24
 6.309576e+01     5.587079e-24
 7.079456e+01     6.279053e-24
 7.943284e+01     7.078223e-24
 8.912515e+01     7.997256e-24
 1.000000e+02     9.087644e-24
 1.120000e+02     1.029886e-23
 1.250000e+02     1.163275e-23
 1.400000e+02     1.313561e-23
 1.550000e+02     1.456951e-23
 1.650000e+02     1.549321e-23
 1.750000e+02     1.634240e-23
 1.850000e+02     1.717186e-23
 1.900000e+02     1.759037e-23
 1.950000e+02     1.799094e-23
 2.000000e+02     1.843787e-23
 2.050000e+02     1.895876e-23
 2.100000e+02     1.967359e-23
 2.150000e+02     2.080646e-23
 2.180000e+02     2.184037e-23
 2.210000e+02     2.338336e-23
 2.240000e+02     2.558159e-23
 2.260000e+02     2.762458e-23
 2.270000e+02     2.888610e-23
 2.275000e+02     2.955141e-23
 2.278400e+02     3.002460e-23
 2.380000e+02     3.739726e-23
 2.500000e+02     4.582202e-23
 2.700000e+02     5.810395e-23
 2.900000e+02     6.926361e-23
 3.035000e+02     7.609586e-23
 3.037800e+02     1.194918e-22
 3.045000e+02     1.194840e-22
 3.060000e+02     1.194963e-22
 3.080000e+02     1.196288e-22
 3.100000e+02     1.197202e-22
 3.120000e+02     1.203925e-22
 3.150000e+02     1.205733e-22
 3.200000e+02     1.212491e-22
 3.250000e+02     1.217884e-22
 3.300000e+02     1.219595e-22
 3.400000e+02     1.231514e-22
 3.600000e+02     1.251464e-22
 3.800000e+02     1.286522e-22
 4.050000e+02     1.347451e-22
 4.250000e+02     1.415774e-22
 4.500000e+02     1.514832e-22
 4.650000e+02     1.574770e-22
 4.750000e+02     1.626042e-22
 4.820000e+02     1.657601e-22
 4.870000e+02     1.679210e-22
 4.910000e+02     1.696715e-22
 4.950000e+02     1.714497e-22
 4.980000e+02     1.727955e-22
 5.000000e+02     1.746220e-22
 5.020000e+02     1.757764e-22
 5.039800e+02     1.769020e-22
 5.100000e+02     1.805146e-22
 5.250000e+02     1.880498e-22
 5.600000e+02     2.090271e-22
 6.000000e+02     2.314154e-22
 6.500000e+02     2.619239e-22
 7.000000e+02     2.926743e-22
 7.500000e+02     3.263316e-22
 8.000000e+02     3.655866e-22
 8.300000e+02     3.905429e-22
 8.600000e+02     4.202986e-22
 8.800000e+02     4.419272e-22
 8.900000e+02     4.524544e-22
 8.960000e+02     4.604291e-22
 9.000000e+02     4.648908e-22
 9.030000e+02     4.682641e-22
 9.060000e+02     4.716611e-22
 9.090000e+02     4.750818e-22
 9.117800e+02     4.782400e-22
 9.300000e+02     7.411268e-22
 9.500000e+02     8.180565e-22
 9.750000e+02     1.185667e-21
 9.900000e+02     1.334995e-21
 1.005000e+03     1.576821e-21
 1.025000e+03     1.922094e-21
 1.045000e+03     2.274477e-21
 1.065000e+03     2.717190e-21
 1.085000e+03     3.238421e-21
 1.105000e+03     3.727927e-21
 1.125000e+03     4.308404e-21
 1.145000e+03     4.840869e-21
 1.165000e+03     5.474472e-21
 1.185000e+03     6.050992e-21
 1.205000e+03     6.674045e-21
 1.215600e+03     6.946574e-21
 1.215670e+03     7.189398e-21
 1.216000e+03     7.197169e-21
 1.218000e+03     7.245515e-21
 1.221000e+03     7.317231e-21
 1.225000e+03     7.412226e-21
 1.230000e+03     7.536852e-21
 1.240000e+03     7.808778e-21
 1.250000e+03     8.132226e-21
 1.265000e+03     8.673558e-21
 1.285000e+03     9.411866e-21
 1.305000e+03     1.019703e-20
 1.325000e+03     1.097793e-20
 1.345000e+03     1.177366e-20
 1.365000e+03     1.262324e-20
 1.385000e+03     1.344228e-20
 1.405000e+03     1.424241e-20
 1.425000e+03     1.500660e-20
 1.442000e+03     1.567505e-20
 1.455000e+03     1.623123e-20
 1.475000e+03     1.703839e-20
 1.517000e+03     1.863574e-20
 1.595000e+03     2.131073e-20
 1.672000e+03     2.391890e-20
 1.745000e+03     2.619328e-20
 1.825000e+03     2.853508e-20
 1.905000e+03     3.054097e-20
 1.984000e+03     3.228722e-20
 2.065000e+03     3.375394e-20
 2.135000e+03     3.479010e-20
 2.215000e+03     3.577974e-20
 2.295000e+03     3.667984e-20
 2.375000e+03     3.758821e-20
 2.455000e+03     3.853207e-20
 2.525000e+03     3.937414e-20
 2.605000e+03     4.034668e-20
 2.685000e+03     4.152903e-20
 2.765000e+03     4.257698e-20
 2.845000e+03     4.348410e-20
 2.950000e+03     4.486036e-20
 3.110000e+03     4.697413e-20
 3.270000e+03     4.890027e-20
 3.430000e+03     5.074618e-20
 3.590000e+03     5.253258e-20
 3.730000e+03     5.424385e-20
 3.890000e+03     5.848703e-20
 4.050000e+03     6.259512e-20
 4.210000e+03     6.922134e-20
 4.370000e+03     7.531065e-20
 4.530000e+03     8.125781e-20
 4.690000e+03     8.715869e-20
 4.850000e+03     9.237345e-20
 5.010000e+03     9.689641e-20
 5.170000e+03     1.013948e-19
 5.330000e+03     1.056474e-19
 5.490000e+03     1.097487e-19
 5.650000e+03     1.137623e-19
 5.810000e+03     1.176709e-19
 5.970000e+03     1.211111e-19
 6.130000e+03     1.245138e-19
 6.290000e+03     1.274986e-19
 6.450000e+03     1.303842e-19
 6.610000e+03     1.329996e-19
 6.770000e+03     1.356124e-19
 6.930000e+03     1.380424e-19
 7.090000e+03     1.402774e-19
 7.250000e+03     1.423790e-19
 7.410000e+03     1.443928e-19
 7.570000e+03     1.463455e-19
 7.730000e+03     1.483796e-19
 7.890000e+03     1.502452e-19
 8.050000e+03     1.520204e-19
 8.210000e+03     1.537319e-19
 8.370000e+03     1.553828e-19
 8.530000e+03     1.569426e-19
 8.690000e+03     1.584476e-19
 8.850000e+03     1.601121e-19
 9.010000e+03     1.617043e-19
 9.170000e+03     1.632686e-19
 9.330000e+03     1.649592e-19
 9.490000e+03     1.666119e-19
 9.650000e+03     1.681942e-19
 9.810000e+03     1.696930e-19
 9.970000e+03     1.712804e-19
 1.050000e+04     1.756236e-19
 1.150000e+04     1.810293e-19
 1.250000e+04     1.851862e-19
 1.350000e+04     1.881826e-19
 1.450000e+04     1.908085e-19
 1.550000e+04     1.938580e-19
 1.650000e+04     1.963331e-19
 1.750000e+04     1.968657e-19
 1.850000e+04     1.953871e-19
 1.950000e+04     1.922428e-19
 2.050000e+04     1.882900e-19
 2.150000e+04     1.838607e-19
 2.250000e+04     1.788847e-19
 2.350000e+04     1.728221e-19
 2.450000e+04     1.656035e-19
 2.550000e+04     1.592084e-19
 2.650000e+04     1.529439e-19
 2.750000e+04     1.474290e-19
 2.850000e+04     1.423641e-19
 2.950000e+04     1.375747e-19
 3.050000e+04     1.329886e-19
 3.150000e+04     1.285672e-19
 3.250000e+04     1.242702e-19
 3.350000e+04     1.200865e-19
 3.450000e+04     1.160341e-19
 3.550000e+04     1.121505e-19
 3.650000e+04     1.084618e-19
 3.750000e+04     1.048903e-19
 3.850000e+04     1.014002e-19
 3.950000e+04     9.833927e-20
 4.050000e+04     9.541565e-20
 4.150000e+04     9.236881e-20
 4.250000e+04     8.927667e-20
 4.350000e+04     8.625868e-20
 4.450000e+04     8.334685e-20
 4.550000e+04     8.054880e-20
 4.650000e+04     7.793191e-20
 4.750000e+04     7.555962e-20
 4.850000e+04     7.347104e-20
 4.950000e+04     7.170229e-20
 5.050000e+04     7.029556e-20
 5.150000e+04     6.929181e-20
 5.250000e+04     6.959191e-20
 5.350000e+04     7.018930e-20
 5.450000e+04     7.011293e-20
 5.550000e+04     7.060340e-20
 5.650000e+04     7.222829e-20
 5.750000e+04     7.471049e-20
 5.850000e+04     7.659416e-20
 5.950000e+04     7.824430e-20
 6.050000e+04     8.156734e-20
 6.150000e+04     8.870889e-20
 6.250000e+04     1.070642e-19
 6.350000e+04     1.205193e-19
 6.450000e+04     1.257081e-19
 6.550000e+04     1.285793e-19
 6.650010e+04     1.320630e-19
 6.750010e+04     1.353662e-19
 6.850010e+04     1.387905e-19
 6.950010e+04     1.434204e-19
 7.020000e+04     1.485021e-19
 7.100000e+04     1.536782e-19
 7.180000e+04     1.588017e-19
 7.260000e+04     1.640401e-19
 7.340000e+04     1.710303e-19
 7.420000e+04     1.812438e-19
 7.500000e+04     1.955895e-19
 7.580000e+04     2.137539e-19
 7.660000e+04     2.340855e-19
 7.740000e+04     2.529827e-19
 7.820000e+04     2.707839e-19
 7.900000e+04     2.864380e-19
 7.980000e+04     2.981301e-19
 8.060000e+04     3.064559e-19
 8.140000e+04     3.115444e-19
 8.220000e+04     3.151308e-19
 8.300000e+04     3.182572e-19
 8.380000e+04     3.211014e-19
 8.460000e+04     3.238707e-19
 8.540000e+04     3.273485e-19
 8.620000e+04     3.313842e-19
 8.700000e+04     3.342606e-19
 8.780000e+04     3.343584e-19
 8.860000e+04     3.319216e-19
 8.940000e+04     3.283230e-19
 9.020000e+04     3.237710e-19
 9.100000e+04     3.189532e-19
 9.180000e+04     3.138543e-19
 9.260000e+04     3.085200e-19
 9.340000e+04     3.033296e-19
 9.420000e+04     2.982109e-19
 9.500000e+04     2.931126e-19
 9.580000e+04     2.881933e-19
 9.660000e+04     2.841531e-19
 9.740000e+04     2.803417e-19
 9.820000e+04     2.759334e-19
 9.900000e+04     2.714215e-19
 9.980000e+04     2.671829e-19
 1.006000e+05     2.629543e-19
 1.020000e+05     2.564006e-19
 1.040000e+05     2.483473e-19
 1.060000e+05     2.434467e-19
 1.080000e+05     2.408630e-19
 1.100000e+05     2.396217e-19
 1.120000e+05     2.514173e-19
 1.140000e+05     2.773575e-19
 1.160000e+05     2.864802e-19
 1.180000e+05     2.912031e-19
 1.200000e+05     2.969200e-19
 1.220000e+05     3.056962e-19
 1.240000e+05     3.172230e-19
 1.260000e+05     3.341954e-19
 1.280000e+05     3.624583e-19
 1.300000e+05     3.868868e-19
 1.320000e+05     3.965895e-19
 1.340000e+05     4.005267e-19
 1.360000e+05     4.126069e-19
 1.380000e+05     4.190812e-19
 1.400000e+05     4.277438e-19
 1.420000e+05     4.368530e-19
 1.440000e+05     4.458177e-19
 1.460000e+05     4.544083e-19
 1.480000e+05     4.626154e-19
 1.500000e+05     4.710435e-19
 1.520000e+05     4.795857e-19
 1.540000e+05     4.877352e-19
 1.560000e+05     4.989095e-19
 1.580000e+05     5.081049e-19
 1.600000e+05     5.169679e-19
 1.620000e+05     5.246869e-19
 1.640000e+05     5.365092e-19
 1.660000e+05     5.511541e-19
 1.680000e+05     5.641633e-19
 1.700000e+05     5.788706e-19
 1.720000e+05     5.963743e-19
 1.740000e+05     6.101645e-19
 1.760000e+05     6.214174e-19
 1.780000e+05     6.316017e-19
 1.800000e+05     6.416067e-19
 1.820000e+05     6.498206e-19
 1.840000e+05     6.592871e-19
 1.860000e+05     6.701629e-19
 1.880000e+05     6.870500e-19
 1.900000e+05     7.003276e-19
 1.920000e+05     7.136071e-19
 1.940000e+05     7.261657e-19
 1.960000e+05     7.416791e-19
 1.980000e+05     7.582366e-19
 2.000000e+05     7.753678e-19
 2.020000e+05     7.937592e-19
 2.040000e+05     8.136615e-19
 2.060000e+05     8.331005e-19
 2.080000e+05     8.527228e-19
 2.100000e+05     8.749663e-19
 2.120000e+05     8.972481e-19
 2.140000e+05     9.200630e-19
 2.160000e+05     9.462347e-19
 2.180000e+05     9.731269e-19
 2.200000e+05     9.994147e-19
 2.220000e+05     1.027475e-18
 2.240000e+05     1.057945e-18
 2.260000e+05     1.087933e-18
 2.280000e+05     1.118023e-18
 2.300000e+05     1.150172e-18
 2.320000e+05     1.184074e-18
 2.340000e+05     1.218984e-18
 2.360000e+05     1.254013e-18
 2.380000e+05     1.290087e-18
 2.400000e+05     1.328464e-18
 2.420000e+05     1.368109e-18
 2.440000e+05     1.407463e-18
 2.460000e+05     1.447876e-18
 2.480000e+05     1.490621e-18
 2.500000e+05     1.534915e-18
 2.520000e+05     1.578837e-18
 2.540000e+05     1.622518e-18
 2.560000e+05     1.668668e-18
 2.580000e+05     1.718256e-18
 2.600000e+05     1.769856e-18
 2.620000e+05     1.820246e-18
 2.640000e+05     1.870613e-18
 2.660000e+05     1.923531e-18
 2.680000e+05     1.979035e-18
 2.700000e+05     2.035989e-18
 2.720000e+05     2.093057e-18
 2.740000e+05     2.149943e-18
 2.760000e+05     2.209010e-18
 2.780000e+05     2.271415e-18
 2.800000e+05     2.336776e-18
 2.820000e+05     2.404030e-18
 2.840000e+05     2.470752e-18
 2.860000e+05     2.536672e-18
 2.880000e+05     2.603980e-18
 2.900000e+05     2.674945e-18
 2.920000e+05     2.747574e-18
 2.940000e+05     2.822515e-18
 2.960000e+05     2.898806e-18
 2.980000e+05     2.975046e-18
 3.000000e+05     3.051675e-18
 3.020000e+05     3.131325e-18
 3.040000e+05     3.213123e-18
 3.060000e+05     3.295791e-18
 3.080000e+05     3.380056e-18
 3.100000e+05     3.464659e-18
 3.120000e+05     3.548626e-18
 3.140000e+05     3.635653e-18
 3.160000e+05     3.725622e-18
 3.180000e+05     3.816506e-18
 3.200000e+05     3.909943e-18
 3.220000e+05     4.006338e-18
 3.240000e+05     4.103688e-18
 3.260000e+05     4.202392e-18
 3.280000e+05     4.301349e-18
 3.300000e+05     4.401568e-18
 3.320000e+05     4.503433e-18
 3.340000e+05     4.618568e-18
 3.360000e+05     4.739290e-18
 3.380000e+05     4.855026e-18
 3.400000e+05     4.960915e-18
 3.420000e+05     5.066091e-18
 3.440000e+05     5.176088e-18
 3.460000e+05     5.286562e-18
 3.480000e+05     5.408384e-18
 3.500000e+05     5.538041e-18
 3.520000e+05     5.655423e-18
 3.540000e+05     5.766384e-18
 3.560000e+05     5.877125e-18
 3.580000e+05     5.982075e-18
 3.600000e+05     6.090858e-18
 3.620000e+05     6.203675e-18
 3.640000e+05     6.313759e-18
 3.660000e+05     6.423189e-18
 3.680000e+05     6.534452e-18
 3.700000e+05     6.647940e-18
 3.720000e+05     6.761072e-18
 3.740000e+05     6.875617e-18
 3.760000e+05     6.993889e-18
 3.780000e+05     7.112241e-18
 3.800000e+05     7.231456e-18
 3.820000e+05     7.351455e-18
 3.840000e+05     7.471408e-18
 3.860000e+05     7.592892e-18
 3.880000e+05     7.717549e-18
 3.900000e+05     7.843347e-18
 3.920000e+05     7.969682e-18
 4.320000e+05     1.059219e-17
 4.760000e+05     1.368552e-17
 5.250000e+05     1.723370e-17
 5.790000e+05     2.105781e-17
 6.390000e+05     2.496392e-17
 7.040000e+05     2.847519e-17
 7.760000e+05     3.128938e-17
 8.560000e+05     3.315204e-17
 9.430000e+05     3.392274e-17
 1.040000e+06     3.363223e-17
 1.147000e+06     3.238628e-17
 1.264000e+06     3.039294e-17
 1.394000e+06     2.784404e-17
 1.537000e+06     2.499279e-17
 1.694000e+06     2.204343e-17
 1.868000e+06     1.913547e-17
 2.059000e+06     1.641601e-17
 2.270000e+06     1.394336e-17
 2.503000e+06     1.175742e-17
 2.760000e+06     9.866460e-18
 3.043000e+06     8.257116e-18
 3.354000e+06     6.901192e-18
 3.698000e+06     5.756764e-18
 4.077000e+06     4.795447e-18
 4.495000e+06     3.985485e-18
 4.956000e+06     3.301361e-18
 5.464000e+06     2.723125e-18
 6.024000e+06     2.234665e-18
 6.641000e+06     1.823979e-18
 7.322000e+06     1.480786e-18
 8.073000e+06     1.197300e-18
 8.900000e+06     9.664815e-19
 9.813000e+06     7.808863e-19
 1.082000e+07     6.342466e-19
 1.193000e+07     5.205054e-19
 1.315000e+07     4.341148e-19
 1.450000e+07     3.694689e-19
 1.598000e+07     3.226492e-19
 1.762000e+07     2.894572e-19
 1.943000e+07     2.670591e-19
 2.142000e+07     2.530509e-19
 2.362000e+07     2.454375e-19
 2.604000e+07     2.427669e-19
 2.871000e+07     2.439230e-19
 3.165000e+07     2.480715e-19
 3.489000e+07     2.545955e-19
 3.847000e+07     2.630692e-19
 4.241000e+07     2.731293e-19
 4.676000e+07     2.845799e-19
 5.155000e+07     2.972325e-19
 5.683000e+07     3.109834e-19
 6.266000e+07     3.257911e-19
 6.908000e+07     3.415872e-19
 7.616000e+07     3.583662e-19
 8.397000e+07     3.761421e-19
 9.258000e+07     3.949212e-19
 1.020700e+08     4.147078e-19
 1.125300e+08     4.355438e-19
 1.240600e+08     4.574789e-19
 1.367800e+08     4.805767e-19
 1.508000e+08     5.048556e-19
 1.662500e+08     5.303741e-19
 1.833000e+08     5.572173e-19
 2.020800e+08     5.854088e-19
 2.228000e+08     6.150662e-19
 2.456300e+08     6.462180e-19
 2.708100e+08     6.789722e-19
 2.985700e+08     7.134045e-19
 3.291700e+08     7.495834e-19
 3.629100e+08     7.876101e-19
 4.001100e+08     8.275754e-19
 4.411200e+08     8.695700e-19
 4.863400e+08     9.137147e-19
 5.361900e+08     9.601157e-19
 5.911500e+08     1.008884e-18
 6.517400e+08     1.060139e-18
 7.185400e+08     1.113983e-18
 7.921900e+08     1.170564e-18
 8.733900e+08     1.230014e-18
 9.629200e+08     1.292507e-18
 1.000000e+09     1.317549e-18
