## EBL from Khaire & Srianand 2018; Q17 Model with alpha=-1.7 
## Column1:wavelength (Angstrom);  Column2:EBL specific intensity J_nu (erg/s/cm^2/Hz/Sr)
## ===========================================================================================
 1.000000e-08     6.466967e-41
 1.122019e-08     9.402390e-41
 1.258925e-08     1.340493e-40
 1.412538e-08     1.870464e-40
 1.584893e-08     2.558315e-40
 1.778279e-08     3.436825e-40
 1.995263e-08     4.543543e-40
 2.238721e-08     5.921306e-40
 2.511887e-08     7.619056e-40
 2.818382e-08     9.692700e-40
 3.162278e-08     1.220635e-39
 3.548135e-08     1.523353e-39
 3.981071e-08     1.885885e-39
 4.466837e-08     2.317987e-39
 5.011870e-08     2.830900e-39
 5.623413e-08     3.437634e-39
 6.309576e-08     4.153220e-39
 7.079456e-08     4.995046e-39
 7.943284e-08     5.983274e-39
 8.912505e-08     7.141220e-39
 1.000000e-07     8.495943e-39
 1.122019e-07     1.007876e-38
 1.258925e-07     1.192597e-38
 1.412538e-07     1.407969e-38
 1.584892e-07     1.658865e-38
 1.778279e-07     1.950945e-38
 1.995263e-07     2.290761e-38
 2.238721e-07     2.685902e-38
 2.511887e-07     3.145179e-38
 2.818382e-07     3.678789e-38
 3.162278e-07     4.298565e-38
 3.548136e-07     5.018208e-38
 3.981071e-07     5.853592e-38
 4.466837e-07     6.823141e-38
 5.011870e-07     7.948169e-38
 5.623413e-07     9.253418e-38
 6.309576e-07     1.076753e-37
 7.079456e-07     1.252368e-37
 7.943284e-07     1.456039e-37
 8.912505e-07     1.692219e-37
 1.000000e-06     1.966080e-37
 1.122019e-06     2.283606e-37
 1.258925e-06     2.651732e-37
 1.412538e-06     3.078507e-37
 1.584893e-06     3.573239e-37
 1.778279e-06     4.146726e-37
 1.995263e-06     4.811486e-37
 2.238721e-06     5.582004e-37
 2.511887e-06     6.475091e-37
 2.818382e-06     7.510202e-37
 3.162278e-06     8.709912e-37
 3.548136e-06     1.010035e-36
 3.981071e-06     1.171180e-36
 4.466837e-06     1.357938e-36
 5.011870e-06     1.574374e-36
 5.623413e-06     1.825204e-36
 6.309576e-06     2.115890e-36
 7.079456e-06     2.452757e-36
 7.943284e-06     2.843142e-36
 8.912505e-06     3.295541e-36
 1.000000e-05     3.819807e-36
 1.122019e-05     4.427347e-36
 1.258925e-05     5.131378e-36
 1.412538e-05     5.947238e-36
 1.584893e-05     6.892665e-36
 1.778279e-05     7.988246e-36
 1.995263e-05     9.257825e-36
 2.238721e-05     1.072901e-35
 2.511887e-05     1.243384e-35
 2.818382e-05     1.440939e-35
 3.162278e-05     1.669867e-35
 3.548135e-05     1.935148e-35
 3.981071e-05     2.242552e-35
 4.466837e-05     2.598772e-35
 5.011870e-05     3.011553e-35
 5.623413e-05     3.489883e-35
 6.309577e-05     4.044167e-35
 7.079457e-05     4.686456e-35
 7.943284e-05     5.430738e-35
 8.912505e-05     6.293192e-35
 1.000000e-04     7.292599e-35
 1.122018e-04     8.450685e-35
 1.258926e-04     9.790573e-35
 1.412538e-04     1.130507e-34
 1.584893e-04     1.305268e-34
 1.778279e-04     1.508064e-34
 1.995262e-04     1.743858e-34
 2.238722e-04     2.018344e-34
 2.511887e-04     2.338187e-34
 2.818383e-04     2.711248e-34
 3.162278e-04     3.146803e-34
 3.548134e-04     3.655807e-34
 3.981073e-04     4.251217e-34
 4.466837e-04     4.948359e-34
 5.011873e-04     5.765382e-34
 5.623413e-04     6.723790e-34
 6.309572e-04     7.849082e-34
 7.079460e-04     9.171518e-34
 7.943284e-04     1.072700e-33
 8.912510e-04     1.255821e-33
 1.000000e-03     1.471585e-33
 1.122018e-03     1.726023e-33
 1.258926e-03     2.026317e-33
 1.412538e-03     2.381007e-33
 1.584893e-03     2.800271e-33
 1.778279e-03     3.296242e-33
 1.995262e-03     3.883382e-33
 2.238722e-03     4.578942e-33
 2.511887e-03     5.403498e-33
 2.818383e-03     6.381624e-33
 3.162278e-03     7.542664e-33
 3.548133e-03     8.921659e-33
 3.981073e-03     1.056051e-32
 4.466837e-03     1.250928e-32
 5.011873e-03     1.482790e-32
 5.623413e-03     1.758819e-32
 6.309573e-03     2.087655e-32
 7.079460e-03     2.479746e-32
 7.943284e-03     2.947837e-32
 8.912510e-03     3.507628e-32
 1.000000e-02     4.178647e-32
 1.122019e-02     4.985331e-32
 1.258925e-02     5.958271e-32
 1.412538e-02     7.135666e-32
 1.584894e-02     8.564681e-32
 1.778279e-02     1.030294e-31
 1.995263e-02     1.241997e-31
 2.238721e-02     1.499856e-31
 2.511887e-02     1.813644e-31
 2.818385e-02     2.194803e-31
 3.162277e-02     2.656668e-31
 3.548136e-02     3.214780e-31
 3.981071e-02     3.887215e-31
 4.466837e-02     4.695109e-31
 5.011876e-02     5.663198e-31
 5.623413e-02     6.820552e-31
 6.309576e-02     8.201509e-31
 7.079456e-02     9.846651e-31
 7.943284e-02     1.180419e-30
 8.912515e-02     1.413137e-30
 1.000000e-01     1.689637e-30
 1.122019e-01     2.018361e-30
 1.258925e-01     2.396443e-30
 1.412538e-01     2.809077e-30
 1.584894e-01     3.249852e-30
 1.778279e-01     3.714646e-30
 1.995263e-01     4.200056e-30
 2.238721e-01     4.703009e-30
 2.511887e-01     5.220777e-30
 2.818385e-01     5.750974e-30
 3.162278e-01     6.291587e-30
 3.548135e-01     6.841004e-30
 3.981071e-01     7.397969e-30
 4.466837e-01     7.961586e-30
 5.011876e-01     8.531268e-30
 5.623413e-01     9.106696e-30
 6.309576e-01     9.685854e-30
 7.079456e-01     1.027112e-29
 7.943284e-01     1.086195e-29
 8.912515e-01     1.145817e-29
 1.000000e+00     1.205959e-29
 1.122019e+00     1.266579e-29
 1.258925e+00     1.327588e-29
 1.412538e+00     1.388820e-29
 1.584894e+00     1.449992e-29
 1.778279e+00     1.510645e-29
 1.995263e+00     1.570065e-29
 2.238721e+00     1.627154e-29
 2.511887e+00     1.680288e-29
 2.818385e+00     1.727104e-29
 3.162278e+00     1.763649e-29
 3.548136e+00     1.783067e-29
 3.981071e+00     1.788795e-29
 4.466837e+00     1.776799e-29
 5.011876e+00     1.741061e-29
 5.623413e+00     1.676006e-29
 6.309576e+00     1.577155e-29
 7.079456e+00     1.433710e-29
 7.943284e+00     1.269533e-29
 8.912516e+00     1.104793e-29
 1.000000e+01     9.411907e-30
 1.122019e+01     7.902960e-30
 1.258925e+01     6.579204e-30
 1.412538e+01     5.448901e-30
 1.584894e+01     4.504937e-30
 1.778279e+01     3.727023e-30
 1.995263e+01     3.089839e-30
 2.238721e+01     2.569723e-30
 2.511887e+01     2.144604e-30
 2.818385e+01     1.796832e-30
 3.162278e+01     1.511172e-30
 3.548135e+01     1.276017e-30
 3.981071e+01     1.081352e-30
 4.466837e+01     9.196224e-31
 5.011876e+01     7.848805e-31
 5.623413e+01     6.723848e-31
 6.309576e+01     5.779687e-31
 7.079456e+01     4.987546e-31
 7.943284e+01     4.320191e-31
 8.912515e+01     3.758877e-31
 1.000000e+02     3.285276e-31
 1.120000e+02     2.891337e-31
 1.250000e+02     2.568478e-31
 1.400000e+02     2.286401e-31
 1.550000e+02     2.071656e-31
 1.650000e+02     1.955948e-31
 1.750000e+02     1.858670e-31
 1.850000e+02     1.780830e-31
 1.900000e+02     1.757246e-31
 1.950000e+02     1.757387e-31
 2.000000e+02     1.807823e-31
 2.050000e+02     1.964541e-31
 2.100000e+02     2.340524e-31
 2.150000e+02     3.155153e-31
 2.180000e+02     4.013820e-31
 2.210000e+02     5.312118e-31
 2.240000e+02     7.248156e-31
 2.260000e+02     9.026182e-31
 2.270000e+02     1.009958e-30
 2.275000e+02     1.068898e-30
 2.278400e+02     1.111128e-30
 2.380000e+02     4.591162e-24
 2.500000e+02     5.051017e-24
 2.700000e+02     5.339633e-24
 2.900000e+02     5.611979e-24
 3.035000e+02     5.789474e-24
 3.037800e+02     5.802828e-24
 3.045000e+02     5.808216e-24
 3.060000e+02     5.824251e-24
 3.080000e+02     5.847954e-24
 3.100000e+02     5.873181e-24
 3.120000e+02     5.898637e-24
 3.150000e+02     5.936657e-24
 3.200000e+02     5.999473e-24
 3.250000e+02     6.061789e-24
 3.300000e+02     6.123199e-24
 3.400000e+02     6.244251e-24
 3.600000e+02     6.478781e-24
 3.800000e+02     6.703653e-24
 4.050000e+02     6.972796e-24
 4.250000e+02     7.179969e-24
 4.500000e+02     7.428843e-24
 4.650000e+02     7.577088e-24
 4.750000e+02     7.673905e-24
 4.820000e+02     7.740980e-24
 4.870000e+02     7.788433e-24
 4.910000e+02     7.825913e-24
 4.950000e+02     7.863186e-24
 4.980000e+02     7.891189e-24
 5.000000e+02     7.909867e-24
 5.020000e+02     7.928860e-24
 5.039800e+02     7.948795e-24
 5.100000e+02     1.082016e-23
 5.250000e+02     1.111151e-23
 5.600000e+02     1.142914e-23
 6.000000e+02     1.182106e-23
 6.500000e+02     1.247696e-23
 7.000000e+02     1.343394e-23
 7.500000e+02     1.491259e-23
 8.000000e+02     1.707594e-23
 8.300000e+02     1.882339e-23
 8.600000e+02     2.096641e-23
 8.800000e+02     2.263855e-23
 8.900000e+02     2.355352e-23
 8.960000e+02     2.412882e-23
 9.000000e+02     2.452370e-23
 9.030000e+02     2.482643e-23
 9.060000e+02     2.513273e-23
 9.090000e+02     2.544605e-23
 9.117800e+02     2.573942e-23
 9.300000e+02     7.629210e-22
 9.500000e+02     2.066803e-21
 9.750000e+02     4.101853e-21
 9.900000e+02     4.984221e-21
 1.005000e+03     6.026560e-21
 1.025000e+03     7.749579e-21
 1.045000e+03     9.242058e-21
 1.065000e+03     1.118761e-20
 1.085000e+03     1.301166e-20
 1.105000e+03     1.465354e-20
 1.125000e+03     1.626524e-20
 1.145000e+03     1.764108e-20
 1.165000e+03     1.917386e-20
 1.185000e+03     2.033684e-20
 1.205000e+03     2.148220e-20
 1.215600e+03     2.200930e-20
 1.215670e+03     2.609968e-20
 1.216000e+03     2.609801e-20
 1.218000e+03     2.607894e-20
 1.221000e+03     2.602716e-20
 1.225000e+03     2.595185e-20
 1.230000e+03     2.597882e-20
 1.240000e+03     2.643513e-20
 1.250000e+03     2.681415e-20
 1.265000e+03     2.822493e-20
 1.285000e+03     2.912319e-20
 1.305000e+03     2.988058e-20
 1.325000e+03     3.078132e-20
 1.345000e+03     3.204451e-20
 1.365000e+03     3.302523e-20
 1.385000e+03     3.378941e-20
 1.405000e+03     3.449587e-20
 1.425000e+03     3.498130e-20
 1.442000e+03     3.578843e-20
 1.455000e+03     3.610814e-20
 1.475000e+03     3.659205e-20
 1.517000e+03     3.751608e-20
 1.595000e+03     3.822151e-20
 1.672000e+03     3.866149e-20
 1.745000e+03     3.870549e-20
 1.825000e+03     3.879414e-20
 1.905000e+03     3.832949e-20
 1.984000e+03     3.812772e-20
 2.065000e+03     3.667121e-20
 2.135000e+03     3.630189e-20
 2.215000e+03     3.587266e-20
 2.295000e+03     3.538429e-20
 2.375000e+03     3.486117e-20
 2.455000e+03     3.440874e-20
 2.525000e+03     3.396117e-20
 2.605000e+03     3.359990e-20
 2.685000e+03     3.339708e-20
 2.765000e+03     3.308957e-20
 2.845000e+03     3.271986e-20
 2.950000e+03     3.237726e-20
 3.110000e+03     3.190008e-20
 3.270000e+03     3.137903e-20
 3.430000e+03     3.086358e-20
 3.590000e+03     3.037183e-20
 3.730000e+03     3.028395e-20
 3.890000e+03     3.166827e-20
 4.050000e+03     3.308148e-20
 4.210000e+03     3.513280e-20
 4.370000e+03     3.668732e-20
 4.530000e+03     3.802516e-20
 4.690000e+03     3.923085e-20
 4.850000e+03     3.998328e-20
 5.010000e+03     4.062175e-20
 5.170000e+03     4.110063e-20
 5.330000e+03     4.153047e-20
 5.490000e+03     4.188072e-20
 5.650000e+03     4.220097e-20
 5.810000e+03     4.252233e-20
 5.970000e+03     4.266136e-20
 6.130000e+03     4.281463e-20
 6.290000e+03     4.288186e-20
 6.450000e+03     4.289472e-20
 6.610000e+03     4.287922e-20
 6.770000e+03     4.288430e-20
 6.930000e+03     4.284432e-20
 7.090000e+03     4.276701e-20
 7.250000e+03     4.268311e-20
 7.410000e+03     4.262544e-20
 7.570000e+03     4.261276e-20
 7.730000e+03     4.265960e-20
 7.890000e+03     4.270135e-20
 8.050000e+03     4.272583e-20
 8.210000e+03     4.277461e-20
 8.370000e+03     4.282454e-20
 8.530000e+03     4.287844e-20
 8.690000e+03     4.297310e-20
 8.850000e+03     4.316216e-20
 9.010000e+03     4.331624e-20
 9.170000e+03     4.345074e-20
 9.330000e+03     4.368480e-20
 9.490000e+03     4.390443e-20
 9.650000e+03     4.407223e-20
 9.810000e+03     4.425141e-20
 9.970000e+03     4.443643e-20
 1.050000e+04     4.479489e-20
 1.150000e+04     4.485203e-20
 1.250000e+04     4.466215e-20
 1.350000e+04     4.441081e-20
 1.450000e+04     4.430057e-20
 1.550000e+04     4.463080e-20
 1.650000e+04     4.449728e-20
 1.750000e+04     4.396057e-20
 1.850000e+04     4.320090e-20
 1.950000e+04     4.233102e-20
 2.050000e+04     4.143575e-20
 2.150000e+04     4.058171e-20
 2.250000e+04     3.982075e-20
 2.350000e+04     3.919332e-20
 2.450000e+04     3.873156e-20
 2.550000e+04     3.846214e-20
 2.650000e+04     3.840818e-20
 2.750000e+04     3.858870e-20
 2.850000e+04     3.901772e-20
 2.950000e+04     3.970433e-20
 3.050000e+04     4.065307e-20
 3.150000e+04     4.140588e-20
 3.250000e+04     4.224294e-20
 3.350000e+04     4.316940e-20
 3.450000e+04     4.413896e-20
 3.550000e+04     4.511927e-20
 3.650000e+04     4.613517e-20
 3.750000e+04     4.718007e-20
 3.850000e+04     4.824603e-20
 3.950000e+04     4.932485e-20
 4.050000e+04     5.040591e-20
 4.150000e+04     5.148504e-20
 4.250000e+04     5.256728e-20
 4.350000e+04     5.365488e-20
 4.450000e+04     5.474527e-20
 4.550000e+04     5.583554e-20
 4.650000e+04     5.692370e-20
 4.750000e+04     5.800715e-20
 4.850000e+04     5.908417e-20
 4.950000e+04     6.015415e-20
 5.050000e+04     6.121701e-20
 5.150000e+04     6.227264e-20
 5.250000e+04     6.332157e-20
 5.350000e+04     6.434897e-20
 5.450000e+04     6.507550e-20
 5.550000e+04     6.602348e-20
 5.650000e+04     6.709995e-20
 5.750000e+04     6.850156e-20
 5.850000e+04     6.949423e-20
 5.950000e+04     7.036290e-20
 6.050000e+04     7.205248e-20
 6.150000e+04     7.726917e-20
 6.250000e+04     8.732161e-20
 6.350000e+04     9.265198e-20
 6.450000e+04     9.365816e-20
 6.550000e+04     9.405493e-20
 6.650010e+04     9.433258e-20
 6.750010e+04     9.485600e-20
 6.850010e+04     9.544287e-20
 6.950010e+04     9.678936e-20
 7.020000e+04     9.864683e-20
 7.100000e+04     9.988643e-20
 7.180000e+04     1.014325e-19
 7.260000e+04     1.036628e-19
 7.340000e+04     1.066868e-19
 7.420000e+04     1.109699e-19
 7.500000e+04     1.169704e-19
 7.580000e+04     1.250799e-19
 7.660000e+04     1.339966e-19
 7.740000e+04     1.420630e-19
 7.820000e+04     1.491166e-19
 7.900000e+04     1.550914e-19
 7.980000e+04     1.595028e-19
 8.060000e+04     1.621144e-19
 8.140000e+04     1.632824e-19
 8.220000e+04     1.632928e-19
 8.300000e+04     1.629966e-19
 8.380000e+04     1.628480e-19
 8.460000e+04     1.628136e-19
 8.540000e+04     1.630368e-19
 8.620000e+04     1.639812e-19
 8.700000e+04     1.651477e-19
 8.780000e+04     1.651645e-19
 8.860000e+04     1.636245e-19
 8.940000e+04     1.611668e-19
 9.020000e+04     1.582701e-19
 9.100000e+04     1.551090e-19
 9.180000e+04     1.517680e-19
 9.260000e+04     1.483759e-19
 9.340000e+04     1.450785e-19
 9.420000e+04     1.419186e-19
 9.500000e+04     1.389158e-19
 9.580000e+04     1.361017e-19
 9.660000e+04     1.338610e-19
 9.740000e+04     1.317852e-19
 9.820000e+04     1.292841e-19
 9.900000e+04     1.266102e-19
 9.980000e+04     1.242581e-19
 1.006000e+05     1.218936e-19
 1.020000e+05     1.180135e-19
 1.040000e+05     1.132680e-19
 1.060000e+05     1.105274e-19
 1.080000e+05     1.089455e-19
 1.100000e+05     1.087116e-19
 1.120000e+05     1.174140e-19
 1.140000e+05     1.359472e-19
 1.160000e+05     1.399496e-19
 1.180000e+05     1.397830e-19
 1.200000e+05     1.399294e-19
 1.220000e+05     1.401031e-19
 1.240000e+05     1.411531e-19
 1.260000e+05     1.439460e-19
 1.280000e+05     1.509282e-19
 1.300000e+05     1.548362e-19
 1.320000e+05     1.496725e-19
 1.340000e+05     1.471895e-19
 1.360000e+05     1.445538e-19
 1.380000e+05     1.414181e-19
 1.400000e+05     1.382280e-19
 1.420000e+05     1.360247e-19
 1.440000e+05     1.336595e-19
 1.460000e+05     1.306794e-19
 1.480000e+05     1.280435e-19
 1.500000e+05     1.256466e-19
 1.520000e+05     1.236030e-19
 1.540000e+05     1.218785e-19
 1.560000e+05     1.227232e-19
 1.580000e+05     1.230759e-19
 1.600000e+05     1.219789e-19
 1.620000e+05     1.226335e-19
 1.640000e+05     1.242850e-19
 1.660000e+05     1.282624e-19
 1.680000e+05     1.305413e-19
 1.700000e+05     1.348010e-19
 1.720000e+05     1.395957e-19
 1.740000e+05     1.423336e-19
 1.760000e+05     1.441190e-19
 1.780000e+05     1.442695e-19
 1.800000e+05     1.445257e-19
 1.820000e+05     1.437099e-19
 1.840000e+05     1.429198e-19
 1.860000e+05     1.423415e-19
 1.880000e+05     1.459027e-19
 1.900000e+05     1.466926e-19
 1.920000e+05     1.461032e-19
 1.940000e+05     1.458355e-19
 1.960000e+05     1.452753e-19
 1.980000e+05     1.452347e-19
 2.000000e+05     1.447310e-19
 2.020000e+05     1.447355e-19
 2.040000e+05     1.445742e-19
 2.060000e+05     1.449471e-19
 2.080000e+05     1.450274e-19
 2.100000e+05     1.453791e-19
 2.120000e+05     1.457122e-19
 2.140000e+05     1.464670e-19
 2.160000e+05     1.473539e-19
 2.180000e+05     1.482877e-19
 2.200000e+05     1.493072e-19
 2.220000e+05     1.504761e-19
 2.240000e+05     1.518212e-19
 2.260000e+05     1.532358e-19
 2.280000e+05     1.546969e-19
 2.300000e+05     1.562422e-19
 2.320000e+05     1.578792e-19
 2.340000e+05     1.596094e-19
 2.360000e+05     1.614063e-19
 2.380000e+05     1.632465e-19
 2.400000e+05     1.651390e-19
 2.420000e+05     1.671012e-19
 2.440000e+05     1.691433e-19
 2.460000e+05     1.712412e-19
 2.480000e+05     1.733665e-19
 2.500000e+05     1.755295e-19
 2.520000e+05     1.777430e-19
 2.540000e+05     1.799989e-19
 2.560000e+05     1.823538e-19
 2.580000e+05     1.851456e-19
 2.600000e+05     1.885262e-19
 2.620000e+05     1.915254e-19
 2.640000e+05     1.939375e-19
 2.660000e+05     1.963032e-19
 2.680000e+05     1.988347e-19
 2.700000e+05     2.012985e-19
 2.720000e+05     2.037914e-19
 2.740000e+05     2.063848e-19
 2.760000e+05     2.089547e-19
 2.780000e+05     2.115877e-19
 2.800000e+05     2.143836e-19
 2.820000e+05     2.175789e-19
 2.840000e+05     2.209025e-19
 2.860000e+05     2.239118e-19
 2.880000e+05     2.268376e-19
 2.900000e+05     2.299042e-19
 2.920000e+05     2.330710e-19
 2.940000e+05     2.362625e-19
 2.960000e+05     2.396020e-19
 2.980000e+05     2.430208e-19
 3.000000e+05     2.464370e-19
 3.020000e+05     2.499645e-19
 3.040000e+05     2.535702e-19
 3.060000e+05     2.572106e-19
 3.080000e+05     2.609856e-19
 3.100000e+05     2.648431e-19
 3.120000e+05     2.687771e-19
 3.140000e+05     2.728521e-19
 3.160000e+05     2.770130e-19
 3.180000e+05     2.812710e-19
 3.200000e+05     2.856919e-19
 3.220000e+05     2.903264e-19
 3.240000e+05     2.951463e-19
 3.260000e+05     3.001695e-19
 3.280000e+05     3.053951e-19
 3.300000e+05     3.108127e-19
 3.320000e+05     3.166096e-19
 3.340000e+05     3.249414e-19
 3.360000e+05     3.367667e-19
 3.380000e+05     3.451723e-19
 3.400000e+05     3.508013e-19
 3.420000e+05     3.550485e-19
 3.440000e+05     3.595397e-19
 3.460000e+05     3.661700e-19
 3.480000e+05     3.779401e-19
 3.500000e+05     3.920900e-19
 3.520000e+05     3.998456e-19
 3.540000e+05     4.054989e-19
 3.560000e+05     4.085238e-19
 3.580000e+05     4.130168e-19
 3.600000e+05     4.191057e-19
 3.620000e+05     4.242147e-19
 3.640000e+05     4.283796e-19
 3.660000e+05     4.338992e-19
 3.680000e+05     4.398352e-19
 3.700000e+05     4.448203e-19
 3.720000e+05     4.497438e-19
 3.740000e+05     4.555147e-19
 3.760000e+05     4.612402e-19
 3.780000e+05     4.665977e-19
 3.800000e+05     4.723667e-19
 3.820000e+05     4.786028e-19
 3.840000e+05     4.846302e-19
 3.860000e+05     4.904896e-19
 3.880000e+05     4.966349e-19
 3.900000e+05     5.028949e-19
 3.920000e+05     5.089345e-19
 4.320000e+05     6.419229e-19
 4.760000e+05     8.003991e-19
 5.250000e+05     9.845822e-19
 5.790000e+05     1.191964e-18
 6.390000e+05     1.424758e-18
 7.040000e+05     1.679746e-18
 7.760000e+05     2.080703e-18
 8.560000e+05     2.673360e-18
 9.430000e+05     3.456165e-18
 1.040000e+06     4.409908e-18
 1.147000e+06     5.448993e-18
 1.264000e+06     6.452239e-18
 1.394000e+06     7.306404e-18
 1.537000e+06     7.895266e-18
 1.694000e+06     8.153603e-18
 1.868000e+06     8.066871e-18
 2.059000e+06     7.667975e-18
 2.270000e+06     7.022741e-18
 2.503000e+06     6.215842e-18
 2.760000e+06     5.333111e-18
 3.043000e+06     4.449622e-18
 3.354000e+06     3.620934e-18
 3.698000e+06     2.877779e-18
 4.077000e+06     2.240801e-18
 4.495000e+06     1.712767e-18
 4.956000e+06     1.287665e-18
 5.464000e+06     9.540659e-19
 6.024000e+06     6.976881e-19
 6.641000e+06     5.043562e-19
 7.322000e+06     3.607173e-19
 8.073000e+06     2.555922e-19
 8.900000e+06     1.796904e-19
 9.813000e+06     1.260437e-19
 1.082000e+07     8.837106e-20
 1.193000e+07     6.201549e-20
 1.315000e+07     4.363270e-20
 1.450000e+07     3.073363e-20
 1.598000e+07     2.173742e-20
 1.762000e+07     1.539373e-20
 1.943000e+07     1.094295e-20
 2.142000e+07     7.832808e-21
 2.362000e+07     5.650676e-21
 2.604000e+07     4.129622e-21
 2.871000e+07     3.066268e-21
 3.165000e+07     2.334898e-21
 3.489000e+07     1.828411e-21
 3.847000e+07     1.486990e-21
 4.241000e+07     1.261630e-21
 4.676000e+07     1.118201e-21
 5.155000e+07     1.032752e-21
 5.683000e+07     9.898609e-22
 6.266000e+07     9.824621e-22
 6.908000e+07     9.997402e-22
 7.616000e+07     1.036231e-21
 8.397000e+07     1.084893e-21
 9.258000e+07     1.150675e-21
 1.020700e+08     1.226034e-21
 1.125300e+08     1.312845e-21
 1.240600e+08     1.411628e-21
 1.367800e+08     1.517900e-21
 1.508000e+08     1.636263e-21
 1.662500e+08     1.768870e-21
 1.833000e+08     1.909610e-21
 2.020800e+08     2.062444e-21
 2.228000e+08     2.225701e-21
 2.456300e+08     2.404941e-21
 2.708100e+08     2.600109e-21
 2.985700e+08     2.809275e-21
 3.291700e+08     3.036640e-21
 3.629100e+08     3.280503e-21
 4.001100e+08     3.543979e-21
 4.411200e+08     3.829737e-21
 4.863400e+08     4.139205e-21
 5.361900e+08     4.473293e-21
 5.911500e+08     4.837415e-21
 6.517400e+08     5.230246e-21
 7.185400e+08     5.654629e-21
 7.921900e+08     6.113095e-21
 8.733900e+08     6.607233e-21
 9.629200e+08     7.140672e-21
 1.000000e+09     7.358759e-21
