## EBL from Khaire & Srianand 2018; Q14 Model with alpha=-1.4 
## Column1:wavelength (Angstrom);  Column2:EBL specific intensity J_nu (erg/s/cm^2/Hz/Sr)
## ===========================================================================================
 1.000000e-08     9.228101e-37
 1.122019e-08     1.343164e-36
 1.258925e-08     1.931714e-36
 1.412538e-08     2.731168e-36
 1.584893e-08     3.790996e-36
 1.778279e-08     5.168330e-36
 1.995263e-08     6.928851e-36
 2.238721e-08     9.147817e-36
 2.511887e-08     1.191142e-35
 2.818382e-08     1.531820e-35
 3.162278e-08     1.948105e-35
 3.548135e-08     2.452930e-35
 3.981071e-08     3.061146e-35
 4.466837e-08     3.789847e-35
 5.011870e-08     4.658704e-35
 5.623413e-08     5.690448e-35
 6.309576e-08     6.911306e-35
 7.079456e-08     8.351600e-35
 7.943284e-08     1.004646e-34
 8.912505e-08     1.203649e-34
 1.000000e-07     1.436881e-34
 1.122019e-07     1.709792e-34
 1.258925e-07     2.028698e-34
 1.412538e-07     2.400931e-34
 1.584892e-07     2.834966e-34
 1.778279e-07     3.340654e-34
 1.995263e-07     3.929392e-34
 2.238721e-07     4.614390e-34
 2.511887e-07     5.410975e-34
 2.818382e-07     6.336890e-34
 3.162278e-07     7.412724e-34
 3.548136e-07     8.662320e-34
 3.981071e-07     1.011330e-33
 4.466837e-07     1.179773e-33
 5.011870e-07     1.375269e-33
 5.623413e-07     1.602124e-33
 6.309576e-07     1.865321e-33
 7.079456e-07     2.170637e-33
 7.943284e-07     2.524772e-33
 8.912505e-07     2.935477e-33
 1.000000e-06     3.411753e-33
 1.122019e-06     3.964015e-33
 1.258925e-06     4.604330e-33
 1.412538e-06     5.346706e-33
 1.584893e-06     6.207341e-33
 1.778279e-06     7.205033e-33
 1.995263e-06     8.361561e-33
 2.238721e-06     9.702137e-33
 2.511887e-06     1.125602e-32
 2.818382e-06     1.305706e-32
 3.162278e-06     1.514455e-32
 3.548136e-06     1.756397e-32
 3.981071e-06     2.036801e-32
 4.466837e-06     2.361781e-32
 5.011870e-06     2.738411e-32
 5.623413e-06     3.174898e-32
 6.309576e-06     3.680747e-32
 7.079456e-06     4.266965e-32
 7.943284e-06     4.946328e-32
 8.912505e-06     5.733612e-32
 1.000000e-05     6.645972e-32
 1.122019e-05     7.703260e-32
 1.258925e-05     8.928473e-32
 1.412538e-05     1.034831e-31
 1.584893e-05     1.199364e-31
 1.778279e-05     1.390030e-31
 1.995263e-05     1.610977e-31
 2.238721e-05     1.867012e-31
 2.511887e-05     2.163709e-31
 2.818382e-05     2.507522e-31
 3.162278e-05     2.905935e-31
 3.548135e-05     3.367616e-31
 3.981071e-05     3.902607e-31
 4.466837e-05     4.522556e-31
 5.011870e-05     5.240942e-31
 5.623413e-05     6.073408e-31
 6.309577e-05     7.038063e-31
 7.079457e-05     8.155882e-31
 7.943284e-05     9.451205e-31
 8.912505e-05     1.095219e-30
 1.000000e-04     1.269153e-30
 1.122018e-04     1.470703e-30
 1.258926e-04     1.704141e-30
 1.412538e-04     1.971054e-30
 1.584893e-04     2.277825e-30
 1.778279e-04     2.632052e-30
 1.995262e-04     3.042447e-30
 2.238722e-04     3.519043e-30
 2.511887e-04     4.073469e-30
 2.818383e-04     4.719314e-30
 3.162278e-04     5.472521e-30
 3.548134e-04     6.351857e-30
 3.981073e-04     7.379474e-30
 4.466837e-04     8.581534e-30
 5.011873e-04     9.988998e-30
 5.623413e-04     1.163851e-29
 6.309572e-04     1.357350e-29
 7.079460e-04     1.584548e-29
 7.943284e-04     1.851549e-29
 8.912510e-04     2.165607e-29
 1.000000e-03     2.535338e-29
 1.122018e-03     2.970984e-29
 1.258926e-03     3.484728e-29
 1.412538e-03     4.091054e-29
 1.584893e-03     4.807220e-29
 1.778279e-03     5.653781e-29
 1.995262e-03     6.655233e-29
 2.238722e-03     7.840779e-29
 2.511887e-03     9.245240e-29
 2.818383e-03     1.091019e-28
 3.162278e-03     1.288523e-28
 3.548133e-03     1.522961e-28
 3.981073e-03     1.801414e-28
 4.466837e-03     2.132338e-28
 5.011873e-03     2.525854e-28
 5.623413e-03     2.994094e-28
 6.309573e-03     3.551660e-28
 7.079460e-03     4.216257e-28
 7.943284e-03     5.009593e-28
 8.912510e-03     5.958681e-28
 1.000000e-02     7.097646e-28
 1.122019e-02     8.470102e-28
 1.258925e-02     1.013204e-27
 1.412538e-02     1.215524e-27
 1.584894e-02     1.463073e-27
 1.778279e-02     1.767232e-27
 1.995263e-02     2.141996e-27
 2.238721e-02     2.604259e-27
 2.511887e-02     3.174105e-27
 2.818385e-02     3.875070e-27
 3.162277e-02     4.734432e-27
 3.548136e-02     5.783638e-27
 3.981071e-02     7.058708e-27
 4.466837e-02     8.601013e-27
 5.011876e-02     1.045806e-26
 5.623413e-02     1.268463e-26
 6.309576e-02     1.534436e-26
 7.079456e-02     1.851131e-26
 7.943284e-02     2.227240e-26
 8.912515e-02     2.672977e-26
 1.000000e-01     3.200408e-26
 1.122019e-01     3.824022e-26
 1.258925e-01     4.550711e-26
 1.412538e-01     5.370674e-26
 1.584894e-01     6.273745e-26
 1.778279e-01     7.250395e-26
 1.995263e-01     8.292142e-26
 2.238721e-01     9.391603e-26
 2.511887e-01     1.054256e-25
 2.818385e-01     1.173985e-25
 3.162278e-01     1.297438e-25
 3.548135e-01     1.416562e-25
 3.981071e-01     1.533876e-25
 4.466837e-01     1.651796e-25
 5.011876e-01     1.772219e-25
 5.623413e-01     1.896606e-25
 6.309576e-01     2.026158e-25
 7.079456e-01     2.161976e-25
 7.943284e-01     2.305210e-25
 8.912515e-01     2.457149e-25
 1.000000e+00     2.619310e-25
 1.122019e+00     2.793493e-25
 1.258925e+00     2.981843e-25
 1.412538e+00     3.186913e-25
 1.584894e+00     3.411726e-25
 1.778279e+00     3.659862e-25
 1.995263e+00     3.935565e-25
 2.238721e+00     4.243839e-25
 2.511887e+00     4.590610e-25
 2.818385e+00     4.982878e-25
 3.162278e+00     5.428915e-25
 3.548136e+00     5.938522e-25
 3.981071e+00     6.523270e-25
 4.466837e+00     7.196872e-25
 5.011876e+00     7.975530e-25
 5.623413e+00     8.878388e-25
 6.309576e+00     9.927042e-25
 7.079456e+00     1.112741e-24
 7.943284e+00     1.251898e-24
 8.912516e+00     1.414617e-24
 1.000000e+01     1.605767e-24
 1.122019e+01     1.830735e-24
 1.258925e+01     2.095505e-24
 1.412538e+01     2.406732e-24
 1.584894e+01     2.771709e-24
 1.778279e+01     3.198245e-24
 1.995263e+01     3.694374e-24
 2.238721e+01     4.267744e-24
 2.511887e+01     4.924717e-24
 2.818385e+01     5.668981e-24
 3.162278e+01     6.499878e-24
 3.548135e+01     7.409494e-24
 3.981071e+01     8.384303e-24
 4.466837e+01     9.283938e-24
 5.011876e+01     1.037094e-23
 5.623413e+01     1.148258e-23
 6.309576e+01     1.267995e-23
 7.079456e+01     1.393123e-23
 7.943284e+01     1.535548e-23
 8.912515e+01     1.698914e-23
 1.000000e+02     1.881370e-23
 1.120000e+02     2.093354e-23
 1.250000e+02     2.321151e-23
 1.400000e+02     2.562879e-23
 1.550000e+02     2.792639e-23
 1.650000e+02     2.936046e-23
 1.750000e+02     3.069256e-23
 1.850000e+02     3.199078e-23
 1.900000e+02     3.256429e-23
 1.950000e+02     3.317935e-23
 2.000000e+02     3.383514e-23
 2.050000e+02     3.460359e-23
 2.100000e+02     3.568118e-23
 2.150000e+02     3.741185e-23
 2.180000e+02     3.903914e-23
 2.210000e+02     4.140923e-23
 2.240000e+02     4.488048e-23
 2.260000e+02     4.807429e-23
 2.270000e+02     5.007381e-23
 2.275000e+02     5.111544e-23
 2.278400e+02     5.185612e-23
 2.380000e+02     6.237608e-23
 2.500000e+02     7.292395e-23
 2.700000e+02     8.829733e-23
 2.900000e+02     1.018961e-22
 3.035000e+02     1.107445e-22
 3.037800e+02     1.823959e-22
 3.045000e+02     1.820919e-22
 3.060000e+02     1.818160e-22
 3.080000e+02     1.814022e-22
 3.100000e+02     1.810131e-22
 3.120000e+02     1.806485e-22
 3.150000e+02     1.801208e-22
 3.200000e+02     1.794434e-22
 3.250000e+02     1.783028e-22
 3.300000e+02     1.777726e-22
 3.400000e+02     1.756581e-22
 3.600000e+02     1.738939e-22
 3.800000e+02     1.747185e-22
 4.050000e+02     1.788819e-22
 4.250000e+02     1.837251e-22
 4.500000e+02     1.928251e-22
 4.650000e+02     1.998965e-22
 4.750000e+02     2.037495e-22
 4.820000e+02     2.075300e-22
 4.870000e+02     2.099175e-22
 4.910000e+02     2.118446e-22
 4.950000e+02     2.135058e-22
 4.980000e+02     2.147618e-22
 5.000000e+02     2.155607e-22
 5.020000e+02     2.163612e-22
 5.039800e+02     2.180663e-22
 5.100000e+02     2.212314e-22
 5.250000e+02     2.299166e-22
 5.600000e+02     2.484342e-22
 6.000000e+02     2.701978e-22
 6.500000e+02     2.976984e-22
 7.000000e+02     3.255160e-22
 7.500000e+02     3.575396e-22
 8.000000e+02     3.932268e-22
 8.300000e+02     4.184572e-22
 8.600000e+02     4.473221e-22
 8.800000e+02     4.682632e-22
 8.900000e+02     4.786450e-22
 8.960000e+02     4.870933e-22
 9.000000e+02     4.918900e-22
 9.030000e+02     4.955189e-22
 9.060000e+02     4.991763e-22
 9.090000e+02     5.028624e-22
 9.117800e+02     5.075862e-22
 9.300000e+02     7.364891e-22
 9.500000e+02     8.766115e-22
 9.750000e+02     1.279688e-21
 9.900000e+02     1.449491e-21
 1.005000e+03     1.706888e-21
 1.025000e+03     2.076473e-21
 1.045000e+03     2.466872e-21
 1.065000e+03     2.957352e-21
 1.085000e+03     3.516494e-21
 1.105000e+03     4.050579e-21
 1.125000e+03     4.687196e-21
 1.145000e+03     5.269794e-21
 1.165000e+03     5.951364e-21
 1.185000e+03     6.576646e-21
 1.205000e+03     7.251325e-21
 1.215600e+03     7.546540e-21
 1.215670e+03     7.796876e-21
 1.216000e+03     7.806192e-21
 1.218000e+03     7.860384e-21
 1.221000e+03     7.942348e-21
 1.225000e+03     8.050269e-21
 1.230000e+03     8.183572e-21
 1.240000e+03     8.478451e-21
 1.250000e+03     8.820651e-21
 1.265000e+03     9.421780e-21
 1.285000e+03     1.021209e-20
 1.305000e+03     1.106825e-20
 1.325000e+03     1.191840e-20
 1.345000e+03     1.278535e-20
 1.365000e+03     1.366465e-20
 1.385000e+03     1.452041e-20
 1.405000e+03     1.538144e-20
 1.425000e+03     1.620561e-20
 1.442000e+03     1.690596e-20
 1.455000e+03     1.748854e-20
 1.475000e+03     1.833242e-20
 1.517000e+03     2.000658e-20
 1.595000e+03     2.284421e-20
 1.672000e+03     2.550002e-20
 1.745000e+03     2.786424e-20
 1.825000e+03     3.026251e-20
 1.905000e+03     3.230132e-20
 1.984000e+03     3.402811e-20
 2.065000e+03     3.553850e-20
 2.135000e+03     3.655968e-20
 2.215000e+03     3.752462e-20
 2.295000e+03     3.841088e-20
 2.375000e+03     3.929840e-20
 2.455000e+03     4.024483e-20
 2.525000e+03     4.104594e-20
 2.605000e+03     4.205358e-20
 2.685000e+03     4.319639e-20
 2.765000e+03     4.427719e-20
 2.845000e+03     4.515184e-20
 2.950000e+03     4.652357e-20
 3.110000e+03     4.862394e-20
 3.270000e+03     5.051938e-20
 3.430000e+03     5.233904e-20
 3.590000e+03     5.406609e-20
 3.730000e+03     5.576202e-20
 3.890000e+03     6.010913e-20
 4.050000e+03     6.430433e-20
 4.210000e+03     7.105707e-20
 4.370000e+03     7.720667e-20
 4.530000e+03     8.320658e-20
 4.690000e+03     8.913093e-20
 4.850000e+03     9.430661e-20
 5.010000e+03     9.881813e-20
 5.170000e+03     1.032362e-19
 5.330000e+03     1.074263e-19
 5.490000e+03     1.114438e-19
 5.650000e+03     1.153714e-19
 5.810000e+03     1.191926e-19
 5.970000e+03     1.225323e-19
 6.130000e+03     1.258377e-19
 6.290000e+03     1.287220e-19
 6.450000e+03     1.315023e-19
 6.610000e+03     1.340001e-19
 6.770000e+03     1.365345e-19
 6.930000e+03     1.388691e-19
 7.090000e+03     1.410109e-19
 7.250000e+03     1.430191e-19
 7.410000e+03     1.449434e-19
 7.570000e+03     1.468103e-19
 7.730000e+03     1.487674e-19
 7.890000e+03     1.505558e-19
 8.050000e+03     1.522507e-19
 8.210000e+03     1.538932e-19
 8.370000e+03     1.554695e-19
 8.530000e+03     1.569627e-19
 8.690000e+03     1.584043e-19
 8.850000e+03     1.600122e-19
 9.010000e+03     1.615543e-19
 9.170000e+03     1.630626e-19
 9.330000e+03     1.647395e-19
 9.490000e+03     1.663179e-19
 9.650000e+03     1.678682e-19
 9.810000e+03     1.693054e-19
 9.970000e+03     1.708688e-19
 1.050000e+04     1.750507e-19
 1.150000e+04     1.801851e-19
 1.250000e+04     1.840858e-19
 1.350000e+04     1.868692e-19
 1.450000e+04     1.893200e-19
 1.550000e+04     1.922477e-19
 1.650000e+04     1.946040e-19
 1.750000e+04     1.950088e-19
 1.850000e+04     1.934051e-19
 1.950000e+04     1.901449e-19
 2.050000e+04     1.861137e-19
 2.150000e+04     1.816223e-19
 2.250000e+04     1.765966e-19
 2.350000e+04     1.704692e-19
 2.450000e+04     1.631949e-19
 2.550000e+04     1.567951e-19
 2.650000e+04     1.505399e-19
 2.750000e+04     1.450651e-19
 2.850000e+04     1.400418e-19
 2.950000e+04     1.352973e-19
 3.050000e+04     1.307581e-19
 3.150000e+04     1.263836e-19
 3.250000e+04     1.221323e-19
 3.350000e+04     1.179932e-19
 3.450000e+04     1.139840e-19
 3.550000e+04     1.101429e-19
 3.650000e+04     1.064476e-19
 3.750000e+04     1.028913e-19
 3.850000e+04     9.958559e-20
 3.950000e+04     9.676765e-20
 4.050000e+04     9.374471e-20
 4.150000e+04     9.060943e-20
 4.250000e+04     8.754081e-20
 4.350000e+04     8.447995e-20
 4.450000e+04     8.149183e-20
 4.550000e+04     7.867634e-20
 4.650000e+04     7.608778e-20
 4.750000e+04     7.376650e-20
 4.850000e+04     7.176372e-20
 4.950000e+04     7.013364e-20
 5.050000e+04     6.891929e-20
 5.150000e+04     6.814455e-20
 5.250000e+04     6.782890e-20
 5.350000e+04     6.800131e-20
 5.450000e+04     6.837956e-20
 5.550000e+04     6.916835e-20
 5.650000e+04     7.078929e-20
 5.750000e+04     7.322604e-20
 5.850000e+04     7.501694e-20
 5.950000e+04     7.649172e-20
 6.050000e+04     7.969461e-20
 6.150000e+04     8.683668e-20
 6.250000e+04     1.045664e-19
 6.350000e+04     1.176022e-19
 6.450000e+04     1.231811e-19
 6.550000e+04     1.263265e-19
 6.650010e+04     1.298417e-19
 6.750010e+04     1.334216e-19
 6.850010e+04     1.365775e-19
 6.950010e+04     1.408269e-19
 7.020000e+04     1.454108e-19
 7.100000e+04     1.502677e-19
 7.180000e+04     1.551744e-19
 7.260000e+04     1.601494e-19
 7.340000e+04     1.669886e-19
 7.420000e+04     1.769911e-19
 7.500000e+04     1.907324e-19
 7.580000e+04     2.083748e-19
 7.660000e+04     2.281429e-19
 7.740000e+04     2.466893e-19
 7.820000e+04     2.642572e-19
 7.900000e+04     2.796626e-19
 7.980000e+04     2.914274e-19
 8.060000e+04     3.000866e-19
 8.140000e+04     3.055532e-19
 8.220000e+04     3.094510e-19
 8.300000e+04     3.126410e-19
 8.380000e+04     3.153571e-19
 8.460000e+04     3.179265e-19
 8.540000e+04     3.210978e-19
 8.620000e+04     3.246637e-19
 8.700000e+04     3.271886e-19
 8.780000e+04     3.271177e-19
 8.860000e+04     3.246230e-19
 8.940000e+04     3.211533e-19
 9.020000e+04     3.165278e-19
 9.100000e+04     3.117521e-19
 9.180000e+04     3.067241e-19
 9.260000e+04     3.014347e-19
 9.340000e+04     2.964477e-19
 9.420000e+04     2.913738e-19
 9.500000e+04     2.863704e-19
 9.580000e+04     2.816259e-19
 9.660000e+04     2.777591e-19
 9.740000e+04     2.740540e-19
 9.820000e+04     2.698579e-19
 9.900000e+04     2.656169e-19
 9.980000e+04     2.615444e-19
 1.006000e+05     2.575159e-19
 1.020000e+05     2.512416e-19
 1.040000e+05     2.432720e-19
 1.060000e+05     2.386320e-19
 1.080000e+05     2.363799e-19
 1.100000e+05     2.349690e-19
 1.120000e+05     2.459215e-19
 1.140000e+05     2.703306e-19
 1.160000e+05     2.784073e-19
 1.180000e+05     2.829685e-19
 1.200000e+05     2.886977e-19
 1.220000e+05     2.981245e-19
 1.240000e+05     3.102003e-19
 1.260000e+05     3.275358e-19
 1.280000e+05     3.553036e-19
 1.300000e+05     3.801908e-19
 1.320000e+05     3.905297e-19
 1.340000e+05     3.965409e-19
 1.360000e+05     4.082397e-19
 1.380000e+05     4.165007e-19
 1.400000e+05     4.259063e-19
 1.420000e+05     4.358405e-19
 1.440000e+05     4.450857e-19
 1.460000e+05     4.542881e-19
 1.480000e+05     4.629008e-19
 1.500000e+05     4.715839e-19
 1.520000e+05     4.800325e-19
 1.540000e+05     4.880990e-19
 1.560000e+05     4.991499e-19
 1.580000e+05     5.081274e-19
 1.600000e+05     5.168286e-19
 1.620000e+05     5.241269e-19
 1.640000e+05     5.354814e-19
 1.660000e+05     5.491748e-19
 1.680000e+05     5.616413e-19
 1.700000e+05     5.753922e-19
 1.720000e+05     5.919169e-19
 1.740000e+05     6.053492e-19
 1.760000e+05     6.158088e-19
 1.780000e+05     6.259708e-19
 1.800000e+05     6.357393e-19
 1.820000e+05     6.438958e-19
 1.840000e+05     6.534302e-19
 1.860000e+05     6.640650e-19
 1.880000e+05     6.805125e-19
 1.900000e+05     6.937856e-19
 1.920000e+05     7.066690e-19
 1.940000e+05     7.195387e-19
 1.960000e+05     7.351128e-19
 1.980000e+05     7.513586e-19
 2.000000e+05     7.686587e-19
 2.020000e+05     7.874194e-19
 2.040000e+05     8.075232e-19
 2.060000e+05     8.271989e-19
 2.080000e+05     8.474538e-19
 2.100000e+05     8.701197e-19
 2.120000e+05     8.928896e-19
 2.140000e+05     9.164900e-19
 2.160000e+05     9.433150e-19
 2.180000e+05     9.707319e-19
 2.200000e+05     9.978159e-19
 2.220000e+05     1.026372e-18
 2.240000e+05     1.057001e-18
 2.260000e+05     1.087467e-18
 2.280000e+05     1.118031e-18
 2.300000e+05     1.150178e-18
 2.320000e+05     1.184208e-18
 2.340000e+05     1.219671e-18
 2.360000e+05     1.255035e-18
 2.380000e+05     1.291174e-18
 2.400000e+05     1.330006e-18
 2.420000e+05     1.370304e-18
 2.440000e+05     1.410135e-18
 2.460000e+05     1.450767e-18
 2.480000e+05     1.494052e-18
 2.500000e+05     1.538836e-18
 2.520000e+05     1.582873e-18
 2.540000e+05     1.626697e-18
 2.560000e+05     1.673169e-18
 2.580000e+05     1.723051e-18
 2.600000e+05     1.774799e-18
 2.620000e+05     1.825448e-18
 2.640000e+05     1.876366e-18
 2.660000e+05     1.930035e-18
 2.680000e+05     1.986272e-18
 2.700000e+05     2.043982e-18
 2.720000e+05     2.102118e-18
 2.740000e+05     2.160588e-18
 2.760000e+05     2.221356e-18
 2.780000e+05     2.285451e-18
 2.800000e+05     2.352630e-18
 2.820000e+05     2.421931e-18
 2.840000e+05     2.491029e-18
 2.860000e+05     2.559393e-18
 2.880000e+05     2.629068e-18
 2.900000e+05     2.702239e-18
 2.920000e+05     2.776870e-18
 2.940000e+05     2.853851e-18
 2.960000e+05     2.932178e-18
 2.980000e+05     3.010683e-18
 3.000000e+05     3.089207e-18
 3.020000e+05     3.171160e-18
 3.040000e+05     3.254872e-18
 3.060000e+05     3.339685e-18
 3.080000e+05     3.426255e-18
 3.100000e+05     3.512807e-18
 3.120000e+05     3.599428e-18
 3.140000e+05     3.688585e-18
 3.160000e+05     3.780809e-18
 3.180000e+05     3.873986e-18
 3.200000e+05     3.969753e-18
 3.220000e+05     4.068476e-18
 3.240000e+05     4.167900e-18
 3.260000e+05     4.269102e-18
 3.280000e+05     4.370353e-18
 3.300000e+05     4.472959e-18
 3.320000e+05     4.577169e-18
 3.340000e+05     4.694032e-18
 3.360000e+05     4.816062e-18
 3.380000e+05     4.933086e-18
 3.400000e+05     5.041274e-18
 3.420000e+05     5.148543e-18
 3.440000e+05     5.260118e-18
 3.460000e+05     5.371674e-18
 3.480000e+05     5.495287e-18
 3.500000e+05     5.626451e-18
 3.520000e+05     5.745721e-18
 3.540000e+05     5.859015e-18
 3.560000e+05     5.971487e-18
 3.580000e+05     6.079615e-18
 3.600000e+05     6.189478e-18
 3.620000e+05     6.303868e-18
 3.640000e+05     6.417302e-18
 3.660000e+05     6.528927e-18
 3.680000e+05     6.642468e-18
 3.700000e+05     6.757644e-18
 3.720000e+05     6.871281e-18
 3.740000e+05     6.988268e-18
 3.760000e+05     7.108715e-18
 3.780000e+05     7.228205e-18
 3.800000e+05     7.349558e-18
 3.820000e+05     7.471855e-18
 3.840000e+05     7.592993e-18
 3.860000e+05     7.716519e-18
 3.880000e+05     7.842395e-18
 3.900000e+05     7.968175e-18
 3.920000e+05     8.095318e-18
 4.320000e+05     1.073180e-17
 4.760000e+05     1.384381e-17
 5.250000e+05     1.740346e-17
 5.790000e+05     2.121307e-17
 6.390000e+05     2.506638e-17
 7.040000e+05     2.849080e-17
 7.760000e+05     3.119691e-17
 8.560000e+05     3.294462e-17
 9.430000e+05     3.360854e-17
 1.040000e+06     3.322803e-17
 1.147000e+06     3.191694e-17
 1.264000e+06     2.988703e-17
 1.394000e+06     2.733021e-17
 1.537000e+06     2.449749e-17
 1.694000e+06     2.158824e-17
 1.868000e+06     1.873660e-17
 2.059000e+06     1.608245e-17
 2.270000e+06     1.367813e-17
 2.503000e+06     1.155793e-17
 2.760000e+06     9.725773e-18
 3.043000e+06     8.165415e-18
 3.354000e+06     6.847427e-18
 3.698000e+06     5.730200e-18
 4.077000e+06     4.786305e-18
 4.495000e+06     3.985792e-18
 4.956000e+06     3.305218e-18
 5.464000e+06     2.726689e-18
 6.024000e+06     2.235863e-18
 6.641000e+06     1.822083e-18
 7.322000e+06     1.475941e-18
 8.073000e+06     1.190128e-18
 8.900000e+06     9.577652e-19
 9.813000e+06     7.713607e-19
 1.082000e+07     6.245060e-19
 1.193000e+07     5.109614e-19
 1.315000e+07     4.250111e-19
 1.450000e+07     3.609178e-19
 1.598000e+07     3.146626e-19
 1.762000e+07     2.819889e-19
 1.943000e+07     2.600241e-19
 2.142000e+07     2.463471e-19
 2.362000e+07     2.389614e-19
 2.604000e+07     2.364176e-19
 2.871000e+07     2.376128e-19
 3.165000e+07     2.417227e-19
 3.489000e+07     2.481411e-19
 3.847000e+07     2.564517e-19
 4.241000e+07     2.663000e-19
 4.676000e+07     2.774978e-19
 5.155000e+07     2.898644e-19
 5.683000e+07     3.032951e-19
 6.266000e+07     3.177533e-19
 6.908000e+07     3.331725e-19
 7.616000e+07     3.495498e-19
 8.397000e+07     3.668974e-19
 9.258000e+07     3.852226e-19
 1.020700e+08     4.045290e-19
 1.125300e+08     4.248607e-19
 1.240600e+08     4.462636e-19
 1.367800e+08     4.688016e-19
 1.508000e+08     4.924927e-19
 1.662500e+08     5.173920e-19
 1.833000e+08     5.435824e-19
 2.020800e+08     5.710910e-19
 2.228000e+08     6.000296e-19
 2.456300e+08     6.304281e-19
 2.708100e+08     6.623898e-19
 2.985700e+08     6.959909e-19
 3.291700e+08     7.312954e-19
 3.629100e+08     7.684027e-19
 4.001100e+08     8.074022e-19
 4.411200e+08     8.483833e-19
 4.863400e+08     8.914660e-19
 5.361900e+08     9.367508e-19
 5.911500e+08     9.843457e-19
 6.517400e+08     1.034368e-18
 7.185400e+08     1.086914e-18
 7.921900e+08     1.142135e-18
 8.733900e+08     1.200156e-18
 9.629200e+08     1.261150e-18
 1.000000e+09     1.285592e-18
