## EBL from Khaire & Srianand 2018; Q14 Model with alpha=-1.4 
## Column1:wavelength (Angstrom);  Column2:EBL specific intensity J_nu (erg/s/cm^2/Hz/Sr)
## ===========================================================================================
 1.000000e-08     3.106806e-37
 1.122019e-08     4.517443e-37
 1.258925e-08     6.470829e-37
 1.412538e-08     9.091922e-37
 1.584893e-08     1.252858e-36
 1.778279e-08     1.695296e-36
 1.995263e-08     2.256329e-36
 2.238721e-08     2.958658e-36
 2.511887e-08     3.828260e-36
 2.818382e-08     4.894814e-36
 3.162278e-08     6.192336e-36
 3.548135e-08     7.759813e-36
 3.981071e-08     9.642052e-36
 4.466837e-08     1.189068e-35
 5.011870e-08     1.456516e-35
 5.623413e-08     1.773424e-35
 6.309576e-08     2.147732e-35
 7.079456e-08     2.588623e-35
 7.943284e-08     3.106740e-35
 8.912505e-08     3.714390e-35
 1.000000e-07     4.425852e-35
 1.122019e-07     5.257655e-35
 1.258925e-07     6.228946e-35
 1.412538e-07     7.361954e-35
 1.584892e-07     8.682385e-35
 1.778279e-07     1.022011e-34
 1.995263e-07     1.200968e-34
 2.238721e-07     1.409116e-34
 2.511887e-07     1.651103e-34
 2.818382e-07     1.932310e-34
 3.162278e-07     2.258978e-34
 3.548136e-07     2.638339e-34
 3.981071e-07     3.078768e-34
 4.466837e-07     3.589987e-34
 5.011870e-07     4.183242e-34
 5.623413e-07     4.871588e-34
 6.309576e-07     5.670137e-34
 7.079456e-07     6.596399e-34
 7.943284e-07     7.670693e-34
 8.912505e-07     8.916523e-34
 1.000000e-06     1.036118e-33
 1.122019e-06     1.203624e-33
 1.258925e-06     1.397830e-33
 1.412538e-06     1.622982e-33
 1.584893e-06     1.883993e-33
 1.778279e-06     2.186560e-33
 1.995263e-06     2.537289e-33
 2.238721e-06     2.943824e-33
 2.511887e-06     3.415034e-33
 2.818382e-06     3.961187e-33
 3.162278e-06     4.594194e-33
 3.548136e-06     5.327846e-33
 3.981071e-06     6.178116e-33
 4.466837e-06     7.163545e-33
 5.011870e-06     8.305574e-33
 5.623413e-06     9.629099e-33
 6.309576e-06     1.116293e-32
 7.079456e-06     1.294044e-32
 7.943284e-06     1.500038e-32
 8.912505e-06     1.738753e-32
 1.000000e-05     2.015393e-32
 1.122019e-05     2.335974e-32
 1.258925e-05     2.707471e-32
 1.412538e-05     3.137979e-32
 1.584893e-05     3.636859e-32
 1.778279e-05     4.214970e-32
 1.995263e-05     4.884899e-32
 2.238721e-05     5.661214e-32
 2.511887e-05     6.560817e-32
 2.818382e-05     7.603273e-32
 3.162278e-05     8.811281e-32
 3.548135e-05     1.021112e-31
 3.981071e-05     1.183323e-31
 4.466837e-05     1.371294e-31
 5.011870e-05     1.589111e-31
 5.623413e-05     1.841517e-31
 6.309577e-05     2.134004e-31
 7.079457e-05     2.472930e-31
 7.943284e-05     2.865675e-31
 8.912505e-05     3.320778e-31
 1.000000e-04     3.848150e-31
 1.122018e-04     4.459253e-31
 1.258926e-04     5.166678e-31
 1.412538e-04     5.971567e-31
 1.584893e-04     6.897467e-31
 1.778279e-04     7.968847e-31
 1.995262e-04     9.212459e-31
 2.238722e-04     1.065871e-30
 2.511887e-04     1.234284e-30
 2.818383e-04     1.430618e-30
 3.162278e-04     1.659732e-30
 3.548134e-04     1.927362e-30
 3.981073e-04     2.240287e-30
 4.466837e-04     2.606519e-30
 5.011873e-04     3.035545e-30
 5.623413e-04     3.538599e-30
 6.309572e-04     4.129000e-30
 7.079460e-04     4.822550e-30
 7.943284e-04     5.637990e-30
 8.912510e-04     6.597587e-30
 1.000000e-03     7.727804e-30
 1.122018e-03     9.060096e-30
 1.258926e-03     1.063191e-29
 1.412538e-03     1.248776e-29
 1.584893e-03     1.468072e-29
 1.778279e-03     1.727400e-29
 1.995262e-03     2.034293e-29
 2.238722e-03     2.397740e-29
 2.511887e-03     2.828454e-29
 2.818383e-03     3.339232e-29
 3.162278e-03     3.945351e-29
 3.548133e-03     4.665050e-29
 3.981073e-03     5.520138e-29
 4.466837e-03     6.536668e-29
 5.011873e-03     7.745835e-29
 5.623413e-03     9.185065e-29
 6.309573e-03     1.089949e-28
 7.079460e-03     1.294400e-28
 7.943284e-03     1.538628e-28
 8.912510e-03     1.831107e-28
 1.000000e-02     2.182620e-28
 1.122019e-02     2.607019e-28
 1.258925e-02     3.122143e-28
 1.412538e-02     3.750850e-28
 1.584894e-02     4.522019e-28
 1.778279e-02     5.471542e-28
 1.995263e-02     6.643224e-28
 2.238721e-02     8.089488e-28
 2.511887e-02     9.872157e-28
 2.818385e-02     1.206312e-27
 3.162277e-02     1.474520e-27
 3.548136e-02     1.801346e-27
 3.981071e-02     2.197651e-27
 4.466837e-02     2.675906e-27
 5.011876e-02     3.250439e-27
 5.623413e-02     3.937815e-27
 6.309576e-02     4.757323e-27
 7.079456e-02     5.731474e-27
 7.943284e-02     6.886759e-27
 8.912515e-02     8.254393e-27
 1.000000e-01     9.871306e-27
 1.122019e-01     1.178248e-26
 1.258925e-01     1.399339e-26
 1.412538e-01     1.645240e-26
 1.584894e-01     1.912312e-26
 1.778279e-01     2.197840e-26
 1.995263e-01     2.499678e-26
 2.238721e-01     2.816055e-26
 2.511887e-01     3.145510e-26
 2.818385e-01     3.486849e-26
 3.162278e-01     3.836148e-26
 3.548135e-01     4.162681e-26
 3.981071e-01     4.484750e-26
 4.466837e-01     4.812237e-26
 5.011876e-01     5.150524e-26
 5.623413e-01     5.502957e-26
 6.309576e-01     5.872227e-26
 7.079456e-01     6.261070e-26
 7.943284e-01     6.672661e-26
 8.912515e-01     7.110802e-26
 1.000000e+00     7.580085e-26
 1.122019e+00     8.086033e-26
 1.258925e+00     8.635213e-26
 1.412538e+00     9.235459e-26
 1.584894e+00     9.896024e-26
 1.778279e+00     1.062786e-25
 1.995263e+00     1.144391e-25
 2.238721e+00     1.235944e-25
 2.511887e+00     1.339249e-25
 2.818385e+00     1.456434e-25
 3.162278e+00     1.590005e-25
 3.548136e+00     1.742923e-25
 3.981071e+00     1.918659e-25
 4.466837e+00     2.121303e-25
 5.011876e+00     2.355630e-25
 5.623413e+00     2.627197e-25
 6.309576e+00     2.941809e-25
 7.079456e+00     3.298614e-25
 7.943284e+00     3.711306e-25
 8.912516e+00     4.192077e-25
 1.000000e+01     4.752457e-25
 1.122019e+01     5.403460e-25
 1.258925e+01     6.154822e-25
 1.412538e+01     7.014911e-25
 1.584894e+01     7.989688e-25
 1.778279e+01     9.083011e-25
 1.995263e+01     1.028438e-24
 2.238721e+01     1.152946e-24
 2.511887e+01     1.284227e-24
 2.818385e+01     1.411351e-24
 3.162278e+01     1.542199e-24
 3.548135e+01     1.663482e-24
 3.981071e+01     1.780401e-24
 4.466837e+01     1.854799e-24
 5.011876e+01     1.914590e-24
 5.623413e+01     1.957606e-24
 6.309576e+01     1.987086e-24
 7.079456e+01     2.010424e-24
 7.943284e+01     2.040452e-24
 8.912515e+01     2.076840e-24
 1.000000e+02     2.118007e-24
 1.120000e+02     2.160965e-24
 1.250000e+02     2.199206e-24
 1.400000e+02     2.229500e-24
 1.550000e+02     2.247457e-24
 1.650000e+02     2.253027e-24
 1.750000e+02     2.254372e-24
 1.850000e+02     2.255584e-24
 1.900000e+02     2.259944e-24
 1.950000e+02     2.273216e-24
 2.000000e+02     2.309077e-24
 2.050000e+02     2.397461e-24
 2.100000e+02     2.599485e-24
 2.150000e+02     3.038723e-24
 2.180000e+02     3.509156e-24
 2.210000e+02     4.226657e-24
 2.240000e+02     5.313183e-24
 2.260000e+02     6.324453e-24
 2.270000e+02     6.939427e-24
 2.275000e+02     7.276383e-24
 2.278400e+02     7.519193e-24
 2.380000e+02     1.926538e-23
 2.500000e+02     3.157344e-23
 2.700000e+02     4.632144e-23
 2.900000e+02     5.747836e-23
 3.035000e+02     6.356763e-23
 3.037800e+02     1.323791e-22
 3.045000e+02     1.303939e-22
 3.060000e+02     1.267979e-22
 3.080000e+02     1.222821e-22
 3.100000e+02     1.181549e-22
 3.120000e+02     1.142678e-22
 3.150000e+02     1.092230e-22
 3.200000e+02     1.020841e-22
 3.250000e+02     9.653347e-23
 3.300000e+02     9.235798e-23
 3.400000e+02     8.705550e-23
 3.600000e+02     8.487269e-23
 3.800000e+02     8.808146e-23
 4.050000e+02     9.412073e-23
 4.250000e+02     9.947023e-23
 4.500000e+02     1.061331e-22
 4.650000e+02     1.101542e-22
 4.750000e+02     1.128012e-22
 4.820000e+02     1.147059e-22
 4.870000e+02     1.159989e-22
 4.910000e+02     1.171256e-22
 4.950000e+02     1.181340e-22
 4.980000e+02     1.189735e-22
 5.000000e+02     1.194919e-22
 5.020000e+02     1.200088e-22
 5.039800e+02     1.204857e-22
 5.100000e+02     1.239001e-22
 5.250000e+02     1.319934e-22
 5.600000e+02     1.464680e-22
 6.000000e+02     1.605471e-22
 6.500000e+02     1.765218e-22
 7.000000e+02     1.938444e-22
 7.500000e+02     2.145237e-22
 8.000000e+02     2.412856e-22
 8.300000e+02     2.610446e-22
 8.600000e+02     2.848276e-22
 8.800000e+02     3.032906e-22
 8.900000e+02     3.134053e-22
 8.960000e+02     3.197231e-22
 9.000000e+02     3.240853e-22
 9.030000e+02     3.275406e-22
 9.060000e+02     3.308675e-22
 9.090000e+02     3.344020e-22
 9.117800e+02     3.376114e-22
 9.300000e+02     7.921625e-22
 9.500000e+02     1.426609e-21
 9.750000e+02     2.497448e-21
 9.900000e+02     2.980802e-21
 1.005000e+03     3.565859e-21
 1.025000e+03     4.603170e-21
 1.045000e+03     5.496070e-21
 1.065000e+03     6.748258e-21
 1.085000e+03     8.019728e-21
 1.105000e+03     9.269284e-21
 1.125000e+03     1.062743e-20
 1.145000e+03     1.183604e-20
 1.165000e+03     1.322051e-20
 1.185000e+03     1.441044e-20
 1.205000e+03     1.561334e-20
 1.215600e+03     1.620093e-20
 1.215670e+03     1.734452e-20
 1.216000e+03     1.735974e-20
 1.218000e+03     1.744613e-20
 1.221000e+03     1.755494e-20
 1.225000e+03     1.767905e-20
 1.230000e+03     1.787287e-20
 1.240000e+03     1.840942e-20
 1.250000e+03     1.900075e-20
 1.265000e+03     2.008122e-20
 1.285000e+03     2.132522e-20
 1.305000e+03     2.267457e-20
 1.325000e+03     2.391997e-20
 1.345000e+03     2.533287e-20
 1.365000e+03     2.664842e-20
 1.385000e+03     2.798012e-20
 1.405000e+03     2.915485e-20
 1.425000e+03     3.029498e-20
 1.442000e+03     3.130909e-20
 1.455000e+03     3.208454e-20
 1.475000e+03     3.322276e-20
 1.517000e+03     3.526840e-20
 1.595000e+03     3.845558e-20
 1.672000e+03     4.125794e-20
 1.745000e+03     4.367928e-20
 1.825000e+03     4.600035e-20
 1.905000e+03     4.768628e-20
 1.984000e+03     4.907360e-20
 2.065000e+03     5.013785e-20
 2.135000e+03     5.070599e-20
 2.215000e+03     5.119325e-20
 2.295000e+03     5.170684e-20
 2.375000e+03     5.211668e-20
 2.455000e+03     5.262536e-20
 2.525000e+03     5.302557e-20
 2.605000e+03     5.358076e-20
 2.685000e+03     5.438539e-20
 2.765000e+03     5.501459e-20
 2.845000e+03     5.538793e-20
 2.950000e+03     5.617110e-20
 3.110000e+03     5.727038e-20
 3.270000e+03     5.813084e-20
 3.430000e+03     5.886604e-20
 3.590000e+03     5.950318e-20
 3.730000e+03     6.044944e-20
 3.890000e+03     6.439744e-20
 4.050000e+03     6.855298e-20
 4.210000e+03     7.454611e-20
 4.370000e+03     7.952670e-20
 4.530000e+03     8.427984e-20
 4.690000e+03     8.869169e-20
 4.850000e+03     9.195639e-20
 5.010000e+03     9.495046e-20
 5.170000e+03     9.758784e-20
 5.330000e+03     1.000697e-19
 5.490000e+03     1.023290e-19
 5.650000e+03     1.044830e-19
 5.810000e+03     1.065890e-19
 5.970000e+03     1.082346e-19
 6.130000e+03     1.098794e-19
 6.290000e+03     1.112955e-19
 6.450000e+03     1.125592e-19
 6.610000e+03     1.136947e-19
 6.770000e+03     1.148770e-19
 6.930000e+03     1.159280e-19
 7.090000e+03     1.168518e-19
 7.250000e+03     1.177008e-19
 7.410000e+03     1.185179e-19
 7.570000e+03     1.193508e-19
 7.730000e+03     1.202602e-19
 7.890000e+03     1.210897e-19
 8.050000e+03     1.218192e-19
 8.210000e+03     1.225666e-19
 8.370000e+03     1.232698e-19
 8.530000e+03     1.239187e-19
 8.690000e+03     1.246014e-19
 8.850000e+03     1.254817e-19
 9.010000e+03     1.262787e-19
 9.170000e+03     1.270075e-19
 9.330000e+03     1.280090e-19
 9.490000e+03     1.289570e-19
 9.650000e+03     1.297510e-19
 9.810000e+03     1.305854e-19
 9.970000e+03     1.314128e-19
 1.050000e+04     1.334557e-19
 1.150000e+04     1.353843e-19
 1.250000e+04     1.364597e-19
 1.350000e+04     1.370454e-19
 1.450000e+04     1.376764e-19
 1.550000e+04     1.391042e-19
 1.650000e+04     1.400589e-19
 1.750000e+04     1.395255e-19
 1.850000e+04     1.374811e-19
 1.950000e+04     1.342203e-19
 2.050000e+04     1.306348e-19
 2.150000e+04     1.267933e-19
 2.250000e+04     1.225931e-19
 2.350000e+04     1.173441e-19
 2.450000e+04     1.113851e-19
 2.550000e+04     1.063537e-19
 2.650000e+04     1.015516e-19
 2.750000e+04     9.754548e-20
 2.850000e+04     9.392290e-20
 2.950000e+04     9.057690e-20
 3.050000e+04     8.744808e-20
 3.150000e+04     8.451439e-20
 3.250000e+04     8.174659e-20
 3.350000e+04     7.914234e-20
 3.450000e+04     7.671680e-20
 3.550000e+04     7.448752e-20
 3.650000e+04     7.242162e-20
 3.750000e+04     7.050634e-20
 3.850000e+04     6.875869e-20
 3.950000e+04     6.730266e-20
 4.050000e+04     6.619647e-20
 4.150000e+04     6.483514e-20
 4.250000e+04     6.330908e-20
 4.350000e+04     6.180601e-20
 4.450000e+04     6.040191e-20
 4.550000e+04     5.928720e-20
 4.650000e+04     5.844947e-20
 4.750000e+04     5.780906e-20
 4.850000e+04     5.735962e-20
 4.950000e+04     5.716791e-20
 5.050000e+04     5.731582e-20
 5.150000e+04     5.786406e-20
 5.250000e+04     5.883523e-20
 5.350000e+04     6.023693e-20
 5.450000e+04     6.207360e-20
 5.550000e+04     6.442545e-20
 5.650000e+04     6.726107e-20
 5.750000e+04     7.072884e-20
 5.850000e+04     7.309556e-20
 5.950000e+04     7.469001e-20
 6.050000e+04     7.745024e-20
 6.150000e+04     8.314687e-20
 6.250000e+04     9.701859e-20
 6.350000e+04     1.065533e-19
 6.450000e+04     1.103936e-19
 6.550000e+04     1.135041e-19
 6.650010e+04     1.166379e-19
 6.750010e+04     1.203882e-19
 6.850010e+04     1.238974e-19
 6.950010e+04     1.289173e-19
 7.020000e+04     1.336648e-19
 7.100000e+04     1.383394e-19
 7.180000e+04     1.428396e-19
 7.260000e+04     1.474541e-19
 7.340000e+04     1.530900e-19
 7.420000e+04     1.610197e-19
 7.500000e+04     1.719414e-19
 7.580000e+04     1.857175e-19
 7.660000e+04     2.009989e-19
 7.740000e+04     2.156138e-19
 7.820000e+04     2.293067e-19
 7.900000e+04     2.415256e-19
 7.980000e+04     2.509839e-19
 8.060000e+04     2.578389e-19
 8.140000e+04     2.626275e-19
 8.220000e+04     2.663809e-19
 8.300000e+04     2.696312e-19
 8.380000e+04     2.726214e-19
 8.460000e+04     2.757612e-19
 8.540000e+04     2.793188e-19
 8.620000e+04     2.832385e-19
 8.700000e+04     2.861947e-19
 8.780000e+04     2.871195e-19
 8.860000e+04     2.863183e-19
 8.940000e+04     2.847047e-19
 9.020000e+04     2.826133e-19
 9.100000e+04     2.801813e-19
 9.180000e+04     2.777998e-19
 9.260000e+04     2.755756e-19
 9.340000e+04     2.734403e-19
 9.420000e+04     2.715462e-19
 9.500000e+04     2.699415e-19
 9.580000e+04     2.684109e-19
 9.660000e+04     2.674398e-19
 9.740000e+04     2.666774e-19
 9.820000e+04     2.654435e-19
 9.900000e+04     2.639775e-19
 9.980000e+04     2.625894e-19
 1.006000e+05     2.613556e-19
 1.020000e+05     2.593769e-19
 1.040000e+05     2.568675e-19
 1.060000e+05     2.555011e-19
 1.080000e+05     2.539334e-19
 1.100000e+05     2.524808e-19
 1.120000e+05     2.587113e-19
 1.140000e+05     2.768539e-19
 1.160000e+05     2.820114e-19
 1.180000e+05     2.851480e-19
 1.200000e+05     2.894455e-19
 1.220000e+05     2.954602e-19
 1.240000e+05     3.036259e-19
 1.260000e+05     3.150084e-19
 1.280000e+05     3.362325e-19
 1.300000e+05     3.568645e-19
 1.320000e+05     3.577645e-19
 1.340000e+05     3.648705e-19
 1.360000e+05     3.692269e-19
 1.380000e+05     3.747631e-19
 1.400000e+05     3.799869e-19
 1.420000e+05     3.869594e-19
 1.440000e+05     3.942280e-19
 1.460000e+05     4.014108e-19
 1.480000e+05     4.088580e-19
 1.500000e+05     4.162747e-19
 1.520000e+05     4.230280e-19
 1.540000e+05     4.292721e-19
 1.560000e+05     4.377020e-19
 1.580000e+05     4.445514e-19
 1.600000e+05     4.486878e-19
 1.620000e+05     4.539244e-19
 1.640000e+05     4.605746e-19
 1.660000e+05     4.706866e-19
 1.680000e+05     4.792577e-19
 1.700000e+05     4.900301e-19
 1.720000e+05     5.021581e-19
 1.740000e+05     5.104703e-19
 1.760000e+05     5.172950e-19
 1.780000e+05     5.220190e-19
 1.800000e+05     5.268130e-19
 1.820000e+05     5.304214e-19
 1.840000e+05     5.347108e-19
 1.860000e+05     5.396954e-19
 1.880000e+05     5.503079e-19
 1.900000e+05     5.579591e-19
 1.920000e+05     5.661050e-19
 1.940000e+05     5.754376e-19
 1.960000e+05     5.864451e-19
 1.980000e+05     5.986122e-19
 2.000000e+05     6.118198e-19
 2.020000e+05     6.260576e-19
 2.040000e+05     6.420482e-19
 2.060000e+05     6.577510e-19
 2.080000e+05     6.738082e-19
 2.100000e+05     6.921732e-19
 2.120000e+05     7.107116e-19
 2.140000e+05     7.289789e-19
 2.160000e+05     7.498103e-19
 2.180000e+05     7.718496e-19
 2.200000e+05     7.926178e-19
 2.220000e+05     8.143008e-19
 2.240000e+05     8.382395e-19
 2.260000e+05     8.616376e-19
 2.280000e+05     8.844924e-19
 2.300000e+05     9.092612e-19
 2.320000e+05     9.360521e-19
 2.340000e+05     9.632833e-19
 2.360000e+05     9.905568e-19
 2.380000e+05     1.019566e-18
 2.400000e+05     1.050704e-18
 2.420000e+05     1.082772e-18
 2.440000e+05     1.115079e-18
 2.460000e+05     1.149071e-18
 2.480000e+05     1.185387e-18
 2.500000e+05     1.222719e-18
 2.520000e+05     1.260150e-18
 2.540000e+05     1.298833e-18
 2.560000e+05     1.339518e-18
 2.580000e+05     1.382027e-18
 2.600000e+05     1.425390e-18
 2.620000e+05     1.468661e-18
 2.640000e+05     1.512146e-18
 2.660000e+05     1.556707e-18
 2.680000e+05     1.603099e-18
 2.700000e+05     1.649314e-18
 2.720000e+05     1.695031e-18
 2.740000e+05     1.740938e-18
 2.760000e+05     1.788490e-18
 2.780000e+05     1.837909e-18
 2.800000e+05     1.889668e-18
 2.820000e+05     1.943504e-18
 2.840000e+05     1.997039e-18
 2.860000e+05     2.049950e-18
 2.880000e+05     2.103443e-18
 2.900000e+05     2.158971e-18
 2.920000e+05     2.216042e-18
 2.940000e+05     2.273623e-18
 2.960000e+05     2.332771e-18
 2.980000e+05     2.392482e-18
 3.000000e+05     2.451742e-18
 3.020000e+05     2.512732e-18
 3.040000e+05     2.575707e-18
 3.060000e+05     2.639422e-18
 3.080000e+05     2.703878e-18
 3.100000e+05     2.768451e-18
 3.120000e+05     2.832877e-18
 3.140000e+05     2.899852e-18
 3.160000e+05     2.967861e-18
 3.180000e+05     3.037288e-18
 3.200000e+05     3.109600e-18
 3.220000e+05     3.181248e-18
 3.240000e+05     3.253941e-18
 3.260000e+05     3.329410e-18
 3.280000e+05     3.403433e-18
 3.300000e+05     3.477991e-18
 3.320000e+05     3.551713e-18
 3.340000e+05     3.634548e-18
 3.360000e+05     3.725179e-18
 3.380000e+05     3.808786e-18
 3.400000e+05     3.878677e-18
 3.420000e+05     3.952651e-18
 3.440000e+05     4.027621e-18
 3.460000e+05     4.098379e-18
 3.480000e+05     4.187365e-18
 3.500000e+05     4.285927e-18
 3.520000e+05     4.375807e-18
 3.540000e+05     4.457212e-18
 3.560000e+05     4.531758e-18
 3.580000e+05     4.602413e-18
 3.600000e+05     4.679598e-18
 3.620000e+05     4.759702e-18
 3.640000e+05     4.834323e-18
 3.660000e+05     4.907180e-18
 3.680000e+05     4.985720e-18
 3.700000e+05     5.065980e-18
 3.720000e+05     5.143858e-18
 3.740000e+05     5.222494e-18
 3.760000e+05     5.305727e-18
 3.780000e+05     5.389755e-18
 3.800000e+05     5.472476e-18
 3.820000e+05     5.556718e-18
 3.840000e+05     5.644521e-18
 3.860000e+05     5.732880e-18
 3.880000e+05     5.820869e-18
 3.900000e+05     5.910457e-18
 3.920000e+05     6.002182e-18
 4.320000e+05     7.914088e-18
 4.760000e+05     1.010971e-17
 5.250000e+05     1.249522e-17
 5.790000e+05     1.491520e-17
 6.390000e+05     1.725627e-17
 7.040000e+05     1.923437e-17
 7.760000e+05     2.068772e-17
 8.560000e+05     2.150203e-17
 9.430000e+05     2.165548e-17
 1.040000e+06     2.123020e-17
 1.147000e+06     2.035206e-17
 1.264000e+06     1.917802e-17
 1.394000e+06     1.783349e-17
 1.537000e+06     1.644291e-17
 1.694000e+06     1.507813e-17
 1.868000e+06     1.376694e-17
 2.059000e+06     1.252809e-17
 2.270000e+06     1.134497e-17
 2.503000e+06     1.020287e-17
 2.760000e+06     9.090262e-18
 3.043000e+06     8.005226e-18
 3.354000e+06     6.955414e-18
 3.698000e+06     5.948246e-18
 4.077000e+06     5.005546e-18
 4.495000e+06     4.142910e-18
 4.956000e+06     3.373200e-18
 5.464000e+06     2.703999e-18
 6.024000e+06     2.135911e-18
 6.641000e+06     1.664876e-18
 7.322000e+06     1.282058e-18
 8.073000e+06     9.774537e-19
 8.900000e+06     7.398570e-19
 9.813000e+06     5.572746e-19
 1.082000e+07     4.194251e-19
 1.193000e+07     3.170784e-19
 1.315000e+07     2.424331e-19
 1.450000e+07     1.884562e-19
 1.598000e+07     1.503173e-19
 1.762000e+07     1.235082e-19
 1.943000e+07     1.050888e-19
 2.142000e+07     9.279383e-20
 2.362000e+07     8.485874e-20
 2.604000e+07     8.009674e-20
 2.871000e+07     7.764459e-20
 3.165000e+07     7.690113e-20
 3.489000e+07     7.742378e-20
 3.847000e+07     7.891851e-20
 4.241000e+07     8.117466e-20
 4.676000e+07     8.403899e-20
 5.155000e+07     8.740182e-20
 5.683000e+07     9.119689e-20
 6.266000e+07     9.537451e-20
 6.908000e+07     9.990722e-20
 7.616000e+07     1.047785e-19
 8.397000e+07     1.099720e-19
 9.258000e+07     1.154869e-19
 1.020700e+08     1.213223e-19
 1.125300e+08     1.274865e-19
 1.240600e+08     1.339915e-19
 1.367800e+08     1.408591e-19
 1.508000e+08     1.480907e-19
 1.662500e+08     1.556930e-19
 1.833000e+08     1.637051e-19
 2.020800e+08     1.721381e-19
 2.228000e+08     1.810140e-19
 2.456300e+08     1.903534e-19
 2.708100e+08     2.001911e-19
 2.985700e+08     2.105436e-19
 3.291700e+08     2.214297e-19
 3.629100e+08     2.328945e-19
 4.001100e+08     2.449535e-19
 4.411200e+08     2.576488e-19
 4.863400e+08     2.710052e-19
 5.361900e+08     2.850742e-19
 5.911500e+08     2.998749e-19
 6.517400e+08     3.154583e-19
 7.185400e+08     3.318444e-19
 7.921900e+08     3.490921e-19
 8.733900e+08     3.672359e-19
 9.629200e+08     3.863311e-19
 1.000000e+09     3.939922e-19
