## EBL from Khaire & Srianand 2018; Q14 Model with alpha=-1.4 
## Column1:wavelength (Angstrom);  Column2:EBL specific intensity J_nu (erg/s/cm^2/Hz/Sr)
## ===========================================================================================
 1.000000e-08     2.587889e-38
 1.122019e-08     3.778745e-38
 1.258925e-08     5.504926e-38
 1.412538e-08     7.982966e-38
 1.584893e-08     1.149843e-37
 1.778279e-08     1.641819e-37
 1.995263e-08     2.320057e-37
 2.238721e-08     3.240304e-37
 2.511887e-08     4.468839e-37
 2.818382e-08     6.082993e-37
 3.162278e-08     8.171984e-37
 3.548135e-08     1.083797e-36
 3.981071e-08     1.419767e-36
 4.466837e-08     1.838456e-36
 5.011870e-08     2.355118e-36
 5.623413e-08     2.987245e-36
 6.309576e-08     3.754886e-36
 7.079456e-08     4.681069e-36
 7.943284e-08     5.792306e-36
 8.912505e-08     7.119093e-36
 1.000000e-07     8.696653e-36
 1.122019e-07     1.056560e-35
 1.258925e-07     1.277286e-35
 1.412538e-07     1.537276e-35
 1.584892e-07     1.842809e-35
 1.778279e-07     2.201166e-35
 1.995263e-07     2.620768e-35
 2.238721e-07     3.111373e-35
 2.511887e-07     3.684295e-35
 2.818382e-07     4.352636e-35
 3.162278e-07     5.131592e-35
 3.548136e-07     6.038766e-35
 3.981071e-07     7.094547e-35
 4.466837e-07     8.322603e-35
 5.011870e-07     9.750321e-35
 5.623413e-07     1.140949e-34
 6.309576e-07     1.333693e-34
 7.079456e-07     1.557528e-34
 7.943284e-07     1.817401e-34
 8.912505e-07     2.119041e-34
 1.000000e-06     2.469095e-34
 1.122019e-06     2.875256e-34
 1.258925e-06     3.346439e-34
 1.412538e-06     3.892991e-34
 1.584893e-06     4.526882e-34
 1.778279e-06     5.261998e-34
 1.995263e-06     6.114432e-34
 2.238721e-06     7.102810e-34
 2.511887e-06     8.248749e-34
 2.818382e-06     9.577259e-34
 3.162278e-06     1.111739e-33
 3.548136e-06     1.290272e-33
 3.981071e-06     1.497220e-33
 4.466837e-06     1.737100e-33
 5.011870e-06     2.015139e-33
 5.623413e-06     2.337402e-33
 6.309576e-06     2.710912e-33
 7.079456e-06     3.143802e-33
 7.943284e-06     3.645512e-33
 8.912505e-06     4.226964e-33
 1.000000e-05     4.900831e-33
 1.122019e-05     5.681785e-33
 1.258925e-05     6.586821e-33
 1.412538e-05     7.635662e-33
 1.584893e-05     8.851123e-33
 1.778279e-05     1.025968e-32
 1.995263e-05     1.189200e-32
 2.238721e-05     1.378359e-32
 2.511887e-05     1.597564e-32
 2.818382e-05     1.851584e-32
 3.162278e-05     2.145951e-32
 3.548135e-05     2.487069e-32
 3.981071e-05     2.882359e-32
 4.466837e-05     3.340428e-32
 5.011870e-05     3.871237e-32
 5.623413e-05     4.486346e-32
 6.309577e-05     5.199136e-32
 7.079457e-05     6.025105e-32
 7.943284e-05     6.982244e-32
 8.912505e-05     8.091360e-32
 1.000000e-04     9.376608e-32
 1.122018e-04     1.086593e-31
 1.258926e-04     1.259173e-31
 1.412538e-04     1.458998e-31
 1.584893e-04     1.690214e-31
 1.778279e-04     1.957607e-31
 1.995262e-04     2.266667e-31
 2.238722e-04     2.623753e-31
 2.511887e-04     3.036306e-31
 2.818383e-04     3.513156e-31
 3.162278e-04     4.064842e-31
 3.548134e-04     4.703965e-31
 3.981073e-04     5.445551e-31
 4.466837e-04     6.307418e-31
 5.011873e-04     7.310631e-31
 5.623413e-04     8.480030e-31
 6.309572e-04     9.844886e-31
 7.079460e-04     1.143973e-30
 7.943284e-04     1.330529e-30
 8.912510e-04     1.548976e-30
 1.000000e-03     1.805012e-30
 1.122018e-03     2.105388e-30
 1.258926e-03     2.458114e-30
 1.412538e-03     2.872678e-30
 1.584893e-03     3.360355e-30
 1.778279e-03     3.934541e-30
 1.995262e-03     4.611158e-30
 2.238722e-03     5.409141e-30
 2.511887e-03     6.351016e-30
 2.818383e-03     7.463614e-30
 3.162278e-03     8.778894e-30
 3.548133e-03     1.033493e-29
 3.981073e-03     1.217716e-29
 4.466837e-03     1.435972e-29
 5.011873e-03     1.694726e-29
 5.623413e-03     2.001694e-29
 6.309573e-03     2.366102e-29
 7.079460e-03     2.798986e-29
 7.943284e-03     3.313581e-29
 8.912510e-03     3.925825e-29
 1.000000e-02     4.655006e-29
 1.122019e-02     5.524643e-29
 1.258925e-02     6.563629e-29
 1.412538e-02     7.807832e-29
 1.584894e-02     9.302007e-29
 1.778279e-02     1.110237e-28
 1.995263e-02     1.327972e-28
 2.238721e-02     1.592290e-28
 2.511887e-02     1.914308e-28
 2.818385e-02     2.307821e-28
 3.162277e-02     2.789783e-28
 3.548136e-02     3.380847e-28
 3.981071e-02     4.105848e-28
 4.466837e-02     4.994423e-28
 5.011876e-02     6.081543e-28
 5.623413e-02     7.408177e-28
 6.309576e-02     9.022089e-28
 7.079456e-02     1.097861e-27
 7.943284e-02     1.334191e-27
 8.912515e-02     1.618617e-27
 1.000000e-01     1.959740e-27
 1.122019e-01     2.367569e-27
 1.258925e-01     2.853463e-27
 1.412538e-01     3.429225e-27
 1.584894e-01     4.106846e-27
 1.778279e-01     4.897771e-27
 1.995263e-01     5.811818e-27
 2.238721e-01     6.855937e-27
 2.511887e-01     8.033329e-27
 2.818385e-01     9.343002e-27
 3.162278e-01     1.077998e-26
 3.548135e-01     1.233273e-26
 3.981071e-01     1.398757e-26
 4.466837e-01     1.572944e-26
 5.011876e-01     1.754202e-26
 5.623413e-01     1.940931e-26
 6.309576e-01     2.131788e-26
 7.079456e-01     2.325909e-26
 7.943284e-01     2.523111e-26
 8.912515e-01     2.723927e-26
 1.000000e+00     2.929530e-26
 1.122019e+00     3.141581e-26
 1.258925e+00     3.362049e-26
 1.412538e+00     3.593144e-26
 1.584894e+00     3.837268e-26
 1.778279e+00     4.097081e-26
 1.995263e+00     4.375587e-26
 2.238721e+00     4.676232e-26
 2.511887e+00     5.003043e-26
 2.818385e+00     5.360747e-26
 3.162278e+00     5.754915e-26
 3.548136e+00     6.192138e-26
 3.981071e+00     6.680194e-26
 4.466837e+00     7.228291e-26
 5.011876e+00     7.847289e-26
 5.623413e+00     8.550022e-26
 6.309576e+00     9.351661e-26
 7.079456e+00     1.026915e-25
 7.943284e+00     1.132265e-25
 8.912516e+00     1.253598e-25
 1.000000e+01     1.393717e-25
 1.122019e+01     1.555944e-25
 1.258925e+01     1.744238e-25
 1.412538e+01     1.963352e-25
 1.584894e+01     2.218938e-25
 1.778279e+01     2.517653e-25
 1.995263e+01     2.867189e-25
 2.238721e+01     3.276223e-25
 2.511887e+01     3.754308e-25
 2.818385e+01     4.311582e-25
 3.162278e+01     4.958279e-25
 3.548135e+01     5.703951e-25
 3.981071e+01     6.556207e-25
 4.466837e+01     7.519108e-25
 5.011876e+01     8.591167e-25
 5.623413e+01     9.763545e-25
 6.309576e+01     1.101914e-24
 7.079456e+01     1.233314e-24
 7.943284e+01     1.367599e-24
 8.912515e+01     1.502570e-24
 1.000000e+02     1.639467e-24
 1.120000e+02     1.780518e-24
 1.250000e+02     1.928834e-24
 1.400000e+02     2.099414e-24
 1.550000e+02     2.267629e-24
 1.650000e+02     2.375158e-24
 1.750000e+02     2.479270e-24
 1.850000e+02     2.582249e-24
 1.900000e+02     2.631831e-24
 1.950000e+02     2.679961e-24
 2.000000e+02     2.727923e-24
 2.050000e+02     2.776578e-24
 2.100000e+02     2.827635e-24
 2.150000e+02     2.885950e-24
 2.180000e+02     2.927066e-24
 2.210000e+02     2.980202e-24
 2.240000e+02     3.044740e-24
 2.260000e+02     3.101626e-24
 2.270000e+02     3.132048e-24
 2.275000e+02     3.149650e-24
 2.278400e+02     3.162123e-24
 2.380000e+02     3.393211e-24
 2.500000e+02     3.674106e-24
 2.700000e+02     4.194003e-24
 2.900000e+02     4.774254e-24
 3.035000e+02     5.184610e-24
 3.037800e+02     5.828127e-24
 3.045000e+02     5.855477e-24
 3.060000e+02     5.912753e-24
 3.080000e+02     5.988929e-24
 3.100000e+02     6.065265e-24
 3.120000e+02     6.141055e-24
 3.150000e+02     6.254803e-24
 3.200000e+02     6.445408e-24
 3.250000e+02     6.636140e-24
 3.300000e+02     6.826459e-24
 3.400000e+02     7.237411e-24
 3.600000e+02     8.062893e-24
 3.800000e+02     8.944044e-24
 4.050000e+02     1.008258e-23
 4.250000e+02     1.099635e-23
 4.500000e+02     1.213969e-23
 4.650000e+02     1.282227e-23
 4.750000e+02     1.328262e-23
 4.820000e+02     1.360783e-23
 4.870000e+02     1.383900e-23
 4.910000e+02     1.402328e-23
 4.950000e+02     1.420984e-23
 4.980000e+02     1.434241e-23
 5.000000e+02     1.443425e-23
 5.020000e+02     1.452435e-23
 5.039800e+02     1.461481e-23
 5.100000e+02     1.488805e-23
 5.250000e+02     1.555905e-23
 5.600000e+02     1.710584e-23
 6.000000e+02     1.876041e-23
 6.500000e+02     2.077536e-23
 7.000000e+02     2.260230e-23
 7.500000e+02     2.433120e-23
 8.000000e+02     2.608669e-23
 8.300000e+02     2.717680e-23
 8.600000e+02     2.832446e-23
 8.800000e+02     2.912101e-23
 8.900000e+02     2.953441e-23
 8.960000e+02     2.978541e-23
 9.000000e+02     2.995489e-23
 9.030000e+02     3.008187e-23
 9.060000e+02     3.022483e-23
 9.090000e+02     3.035687e-23
 9.117800e+02     3.048062e-23
 9.300000e+02     3.836118e-23
 9.500000e+02     4.629312e-23
 9.750000e+02     6.079777e-23
 9.900000e+02     7.241478e-23
 1.005000e+03     8.095738e-23
 1.025000e+03     1.019278e-22
 1.045000e+03     1.149064e-22
 1.065000e+03     1.324795e-22
 1.085000e+03     1.568525e-22
 1.105000e+03     1.844449e-22
 1.125000e+03     2.132384e-22
 1.145000e+03     2.409013e-22
 1.165000e+03     2.681193e-22
 1.185000e+03     2.995274e-22
 1.205000e+03     3.295804e-22
 1.215600e+03     3.444040e-22
 1.215670e+03     3.478358e-22
 1.216000e+03     3.482929e-22
 1.218000e+03     3.510357e-22
 1.221000e+03     3.550266e-22
 1.225000e+03     3.602990e-22
 1.230000e+03     3.664924e-22
 1.240000e+03     3.804230e-22
 1.250000e+03     3.953226e-22
 1.265000e+03     4.206690e-22
 1.285000e+03     4.569153e-22
 1.305000e+03     4.964083e-22
 1.325000e+03     5.351221e-22
 1.345000e+03     5.811952e-22
 1.365000e+03     6.270492e-22
 1.385000e+03     6.726702e-22
 1.405000e+03     7.153876e-22
 1.425000e+03     7.582749e-22
 1.442000e+03     7.981840e-22
 1.455000e+03     8.281788e-22
 1.475000e+03     8.747416e-22
 1.517000e+03     9.699384e-22
 1.595000e+03     1.150064e-21
 1.672000e+03     1.329913e-21
 1.745000e+03     1.506596e-21
 1.825000e+03     1.698455e-21
 1.905000e+03     1.886197e-21
 1.984000e+03     2.067950e-21
 2.065000e+03     2.246700e-21
 2.135000e+03     2.395441e-21
 2.215000e+03     2.559871e-21
 2.295000e+03     2.723145e-21
 2.375000e+03     2.886593e-21
 2.455000e+03     3.054405e-21
 2.525000e+03     3.201933e-21
 2.605000e+03     3.374404e-21
 2.685000e+03     3.563321e-21
 2.765000e+03     3.750287e-21
 2.845000e+03     3.927865e-21
 2.950000e+03     4.183491e-21
 3.110000e+03     4.608475e-21
 3.270000e+03     5.037578e-21
 3.430000e+03     5.491010e-21
 3.590000e+03     5.949652e-21
 3.730000e+03     6.370149e-21
 3.890000e+03     6.964185e-21
 4.050000e+03     7.581940e-21
 4.210000e+03     8.412731e-21
 4.370000e+03     9.299525e-21
 4.530000e+03     1.016430e-20
 4.690000e+03     1.115194e-20
 4.850000e+03     1.214151e-20
 5.010000e+03     1.309415e-20
 5.170000e+03     1.406124e-20
 5.330000e+03     1.506804e-20
 5.490000e+03     1.607215e-20
 5.650000e+03     1.710470e-20
 5.810000e+03     1.818162e-20
 5.970000e+03     1.920432e-20
 6.130000e+03     2.025667e-20
 6.290000e+03     2.129219e-20
 6.450000e+03     2.231428e-20
 6.610000e+03     2.332098e-20
 6.770000e+03     2.435160e-20
 6.930000e+03     2.534031e-20
 7.090000e+03     2.631676e-20
 7.250000e+03     2.727645e-20
 7.410000e+03     2.822575e-20
 7.570000e+03     2.915928e-20
 7.730000e+03     3.009775e-20
 7.890000e+03     3.101596e-20
 8.050000e+03     3.190663e-20
 8.210000e+03     3.279141e-20
 8.370000e+03     3.365977e-20
 8.530000e+03     3.450646e-20
 8.690000e+03     3.533514e-20
 8.850000e+03     3.616322e-20
 9.010000e+03     3.697735e-20
 9.170000e+03     3.776462e-20
 9.330000e+03     3.855159e-20
 9.490000e+03     3.933530e-20
 9.650000e+03     4.008958e-20
 9.810000e+03     4.082746e-20
 9.970000e+03     4.156735e-20
 1.050000e+04     4.386988e-20
 1.150000e+04     4.767624e-20
 1.250000e+04     5.094413e-20
 1.350000e+04     5.368412e-20
 1.450000e+04     5.606664e-20
 1.550000e+04     5.818958e-20
 1.650000e+04     6.007278e-20
 1.750000e+04     6.154164e-20
 1.850000e+04     6.256419e-20
 1.950000e+04     6.319940e-20
 2.050000e+04     6.351609e-20
 2.150000e+04     6.361287e-20
 2.250000e+04     6.344656e-20
 2.350000e+04     6.291876e-20
 2.450000e+04     6.210486e-20
 2.550000e+04     6.140173e-20
 2.650000e+04     6.075126e-20
 2.750000e+04     6.009097e-20
 2.850000e+04     5.941857e-20
 2.950000e+04     5.875374e-20
 3.050000e+04     5.811772e-20
 3.150000e+04     5.752598e-20
 3.250000e+04     5.698593e-20
 3.350000e+04     5.650307e-20
 3.450000e+04     5.609535e-20
 3.550000e+04     5.577903e-20
 3.650000e+04     5.555779e-20
 3.750000e+04     5.543256e-20
 3.850000e+04     5.538405e-20
 3.950000e+04     5.536809e-20
 4.050000e+04     5.535709e-20
 4.150000e+04     5.536189e-20
 4.250000e+04     5.535847e-20
 4.350000e+04     5.537829e-20
 4.450000e+04     5.545693e-20
 4.550000e+04     5.559799e-20
 4.650000e+04     5.578713e-20
 4.750000e+04     5.600329e-20
 4.850000e+04     5.625041e-20
 4.950000e+04     5.653020e-20
 5.050000e+04     5.683571e-20
 5.150000e+04     5.716185e-20
 5.250000e+04     5.750983e-20
 5.350000e+04     5.782447e-20
 5.450000e+04     5.809689e-20
 5.550000e+04     5.840908e-20
 5.650000e+04     5.873651e-20
 5.750000e+04     5.909462e-20
 5.850000e+04     5.946114e-20
 5.950000e+04     5.982826e-20
 6.050000e+04     6.034270e-20
 6.150000e+04     6.149511e-20
 6.250000e+04     6.348491e-20
 6.350000e+04     6.504658e-20
 6.450000e+04     6.601905e-20
 6.550000e+04     6.686010e-20
 6.650010e+04     6.779630e-20
 6.750010e+04     6.858727e-20
 6.850010e+04     6.929102e-20
 6.950010e+04     7.044893e-20
 7.020000e+04     7.133644e-20
 7.100000e+04     7.226693e-20
 7.180000e+04     7.327792e-20
 7.260000e+04     7.443343e-20
 7.340000e+04     7.569347e-20
 7.420000e+04     7.717884e-20
 7.500000e+04     7.909378e-20
 7.580000e+04     8.151151e-20
 7.660000e+04     8.420877e-20
 7.740000e+04     8.686689e-20
 7.820000e+04     8.933876e-20
 7.900000e+04     9.163509e-20
 7.980000e+04     9.375595e-20
 8.060000e+04     9.573108e-20
 8.140000e+04     9.752341e-20
 8.220000e+04     9.907415e-20
 8.300000e+04     1.004852e-19
 8.380000e+04     1.018857e-19
 8.460000e+04     1.032652e-19
 8.540000e+04     1.046144e-19
 8.620000e+04     1.061398e-19
 8.700000e+04     1.078155e-19
 8.780000e+04     1.093011e-19
 8.860000e+04     1.104728e-19
 8.940000e+04     1.114497e-19
 9.020000e+04     1.123275e-19
 9.100000e+04     1.130965e-19
 9.180000e+04     1.137975e-19
 9.260000e+04     1.145456e-19
 9.340000e+04     1.153300e-19
 9.420000e+04     1.160459e-19
 9.500000e+04     1.167280e-19
 9.580000e+04     1.173572e-19
 9.660000e+04     1.180564e-19
 9.740000e+04     1.187850e-19
 9.820000e+04     1.194464e-19
 9.900000e+04     1.200959e-19
 9.980000e+04     1.207401e-19
 1.006000e+05     1.213458e-19
 1.020000e+05     1.223806e-19
 1.040000e+05     1.239843e-19
 1.060000e+05     1.260235e-19
 1.080000e+05     1.281306e-19
 1.100000e+05     1.304608e-19
 1.120000e+05     1.342846e-19
 1.140000e+05     1.399742e-19
 1.160000e+05     1.437550e-19
 1.180000e+05     1.467644e-19
 1.200000e+05     1.496025e-19
 1.220000e+05     1.523830e-19
 1.240000e+05     1.544350e-19
 1.260000e+05     1.568131e-19
 1.280000e+05     1.598837e-19
 1.300000e+05     1.624813e-19
 1.320000e+05     1.631875e-19
 1.340000e+05     1.635754e-19
 1.360000e+05     1.641806e-19
 1.380000e+05     1.645531e-19
 1.400000e+05     1.643386e-19
 1.420000e+05     1.649185e-19
 1.440000e+05     1.641133e-19
 1.460000e+05     1.639714e-19
 1.480000e+05     1.641877e-19
 1.500000e+05     1.645171e-19
 1.520000e+05     1.642591e-19
 1.540000e+05     1.644122e-19
 1.560000e+05     1.652174e-19
 1.580000e+05     1.659994e-19
 1.600000e+05     1.667470e-19
 1.620000e+05     1.674409e-19
 1.640000e+05     1.682751e-19
 1.660000e+05     1.697540e-19
 1.680000e+05     1.714176e-19
 1.700000e+05     1.736606e-19
 1.720000e+05     1.756605e-19
 1.740000e+05     1.766866e-19
 1.760000e+05     1.778380e-19
 1.780000e+05     1.792988e-19
 1.800000e+05     1.806093e-19
 1.820000e+05     1.818547e-19
 1.840000e+05     1.828391e-19
 1.860000e+05     1.834608e-19
 1.880000e+05     1.849553e-19
 1.900000e+05     1.861395e-19
 1.920000e+05     1.875006e-19
 1.940000e+05     1.884157e-19
 1.960000e+05     1.892270e-19
 1.980000e+05     1.899101e-19
 2.000000e+05     1.906897e-19
 2.020000e+05     1.915530e-19
 2.040000e+05     1.925009e-19
 2.060000e+05     1.933202e-19
 2.080000e+05     1.942356e-19
 2.100000e+05     1.951437e-19
 2.120000e+05     1.960918e-19
 2.140000e+05     1.971897e-19
 2.160000e+05     1.983483e-19
 2.180000e+05     1.995457e-19
 2.200000e+05     2.007661e-19
 2.220000e+05     2.017795e-19
 2.240000e+05     2.030111e-19
 2.260000e+05     2.044872e-19
 2.280000e+05     2.060194e-19
 2.300000e+05     2.076039e-19
 2.320000e+05     2.092424e-19
 2.340000e+05     2.108712e-19
 2.360000e+05     2.126725e-19
 2.380000e+05     2.145023e-19
 2.400000e+05     2.163865e-19
 2.420000e+05     2.183948e-19
 2.440000e+05     2.204508e-19
 2.460000e+05     2.225191e-19
 2.480000e+05     2.246493e-19
 2.500000e+05     2.269059e-19
 2.520000e+05     2.292814e-19
 2.540000e+05     2.316854e-19
 2.560000e+05     2.340626e-19
 2.580000e+05     2.365621e-19
 2.600000e+05     2.393749e-19
 2.620000e+05     2.421453e-19
 2.640000e+05     2.447741e-19
 2.660000e+05     2.474942e-19
 2.680000e+05     2.502606e-19
 2.700000e+05     2.530366e-19
 2.720000e+05     2.558351e-19
 2.740000e+05     2.586864e-19
 2.760000e+05     2.616061e-19
 2.780000e+05     2.645825e-19
 2.800000e+05     2.676301e-19
 2.820000e+05     2.707644e-19
 2.840000e+05     2.739486e-19
 2.860000e+05     2.771430e-19
 2.880000e+05     2.803617e-19
 2.900000e+05     2.835968e-19
 2.920000e+05     2.869010e-19
 2.940000e+05     2.902922e-19
 2.960000e+05     2.937400e-19
 2.980000e+05     2.972389e-19
 3.000000e+05     3.007874e-19
 3.020000e+05     3.044112e-19
 3.040000e+05     3.081157e-19
 3.060000e+05     3.118619e-19
 3.080000e+05     3.156276e-19
 3.100000e+05     3.195130e-19
 3.120000e+05     3.234812e-19
 3.140000e+05     3.275151e-19
 3.160000e+05     3.316268e-19
 3.180000e+05     3.358234e-19
 3.200000e+05     3.401058e-19
 3.220000e+05     3.444808e-19
 3.240000e+05     3.489371e-19
 3.260000e+05     3.534779e-19
 3.280000e+05     3.581098e-19
 3.300000e+05     3.628423e-19
 3.320000e+05     3.677072e-19
 3.340000e+05     3.730189e-19
 3.360000e+05     3.790997e-19
 3.380000e+05     3.846376e-19
 3.400000e+05     3.897367e-19
 3.420000e+05     3.948498e-19
 3.440000e+05     3.999748e-19
 3.460000e+05     4.053282e-19
 3.480000e+05     4.117557e-19
 3.500000e+05     4.188138e-19
 3.520000e+05     4.247318e-19
 3.540000e+05     4.303251e-19
 3.560000e+05     4.359094e-19
 3.580000e+05     4.415486e-19
 3.600000e+05     4.473128e-19
 3.620000e+05     4.531144e-19
 3.640000e+05     4.590607e-19
 3.660000e+05     4.650204e-19
 3.680000e+05     4.709174e-19
 3.700000e+05     4.770734e-19
 3.720000e+05     4.832637e-19
 3.740000e+05     4.894884e-19
 3.760000e+05     4.958286e-19
 3.780000e+05     5.022821e-19
 3.800000e+05     5.085741e-19
 3.820000e+05     5.151457e-19
 3.840000e+05     5.217162e-19
 3.860000e+05     5.283272e-19
 3.880000e+05     5.350611e-19
 3.900000e+05     5.418769e-19
 3.920000e+05     5.487669e-19
 4.320000e+05     6.992656e-19
 4.760000e+05     8.926979e-19
 5.250000e+05     1.138891e-18
 5.790000e+05     1.440759e-18
 6.390000e+05     1.804927e-18
 7.040000e+05     2.226543e-18
 7.760000e+05     2.737109e-18
 8.560000e+05     3.372463e-18
 9.430000e+05     4.136436e-18
 1.040000e+06     5.045198e-18
 1.147000e+06     6.057389e-18
 1.264000e+06     7.096302e-18
 1.394000e+06     8.084064e-18
 1.537000e+06     8.911443e-18
 1.694000e+06     9.493457e-18
 1.868000e+06     9.776012e-18
 2.059000e+06     9.737422e-18
 2.270000e+06     9.395305e-18
 2.503000e+06     8.797281e-18
 2.760000e+06     8.011618e-18
 3.043000e+06     7.114613e-18
 3.354000e+06     6.178143e-18
 3.698000e+06     5.253798e-18
 4.077000e+06     4.388713e-18
 4.495000e+06     3.609313e-18
 4.956000e+06     2.929457e-18
 5.464000e+06     2.352572e-18
 6.024000e+06     1.873595e-18
 6.641000e+06     1.483291e-18
 7.322000e+06     1.169379e-18
 8.073000e+06     9.200544e-19
 8.900000e+06     7.239331e-19
 9.813000e+06     5.701468e-19
 1.082000e+07     4.501448e-19
 1.193000e+07     3.566640e-19
 1.315000e+07     2.839420e-19
 1.450000e+07     2.269180e-19
 1.598000e+07     1.825325e-19
 1.762000e+07     1.476018e-19
 1.943000e+07     1.202917e-19
 2.142000e+07     9.909373e-20
 2.362000e+07     8.266000e-20
 2.604000e+07     7.010392e-20
 2.871000e+07     6.060771e-20
 3.165000e+07     5.356476e-20
 3.489000e+07     4.846460e-20
 3.847000e+07     4.490006e-20
 4.241000e+07     4.256494e-20
 4.676000e+07     4.120166e-20
 5.155000e+07     4.061579e-20
 5.683000e+07     4.065047e-20
 6.266000e+07     4.118777e-20
 6.908000e+07     4.213482e-20
 7.616000e+07     4.342292e-20
 8.397000e+07     4.499950e-20
 9.258000e+07     4.682225e-20
 1.020700e+08     4.886140e-20
 1.125300e+08     5.109828e-20
 1.240600e+08     5.351935e-20
 1.367800e+08     5.611805e-20
 1.508000e+08     5.888729e-20
 1.662500e+08     6.182622e-20
 1.833000e+08     6.494059e-20
 2.020800e+08     6.822779e-20
 2.228000e+08     7.169872e-20
 2.456300e+08     7.535526e-20
 2.708100e+08     7.920883e-20
 2.985700e+08     8.326689e-20
 3.291700e+08     8.753925e-20
 3.629100e+08     9.203675e-20
 4.001100e+08     9.677035e-20
 4.411200e+08     1.017519e-19
 4.863400e+08     1.069953e-19
 5.361900e+08     1.125128e-19
 5.911500e+08     1.183195e-19
 6.517400e+08     1.244315e-19
 7.185400e+08     1.308653e-19
 7.921900e+08     1.376379e-19
 8.733900e+08     1.447668e-19
 9.629200e+08     1.522709e-19
 1.000000e+09     1.552821e-19
