## EBL from Khaire & Srianand 2018; Q14 Model with alpha=-1.4 
## Column1:wavelength (Angstrom);  Column2:EBL specific intensity J_nu (erg/s/cm^2/Hz/Sr)
## ===========================================================================================
 1.000000e-08     4.275707e-37
 1.122019e-08     6.218000e-37
 1.258925e-08     8.911788e-37
 1.412538e-08     1.253220e-36
 1.584893e-08     1.728571e-36
 1.778279e-08     2.341240e-36
 1.995263e-08     3.118883e-36
 2.238721e-08     4.093165e-36
 2.511887e-08     5.300336e-36
 2.818382e-08     6.781811e-36
 3.162278e-08     8.585056e-36
 3.548135e-08     1.076447e-35
 3.981071e-08     1.338256e-35
 4.466837e-08     1.651135e-35
 5.011870e-08     2.023376e-35
 5.623413e-08     2.464570e-35
 6.309576e-08     2.985788e-35
 7.079456e-08     3.599836e-35
 7.943284e-08     4.321555e-35
 8.912505e-08     5.168104e-35
 1.000000e-07     6.159395e-35
 1.122019e-07     7.318473e-35
 1.258925e-07     8.672036e-35
 1.412538e-07     1.025108e-34
 1.584892e-07     1.209144e-34
 1.778279e-07     1.423477e-34
 1.995263e-07     1.672925e-34
 2.238721e-07     1.963073e-34
 2.511887e-07     2.300402e-34
 2.818382e-07     2.692413e-34
 3.162278e-07     3.147813e-34
 3.548136e-07     3.676680e-34
 3.981071e-07     4.290694e-34
 4.466837e-07     5.003410e-34
 5.011870e-07     5.830507e-34
 5.623413e-07     6.790189e-34
 6.309576e-07     7.903527e-34
 7.079456e-07     9.194935e-34
 7.943284e-07     1.069274e-33
 8.912505e-07     1.242972e-33
 1.000000e-06     1.444393e-33
 1.122019e-06     1.677939e-33
 1.258925e-06     1.948711e-33
 1.412538e-06     2.262633e-33
 1.584893e-06     2.626552e-33
 1.778279e-06     3.048414e-33
 1.995263e-06     3.537428e-33
 2.238721e-06     4.104252e-33
 2.511887e-06     4.761254e-33
 2.818382e-06     5.522747e-33
 3.162278e-06     6.405344e-33
 3.548136e-06     7.428269e-33
 3.981071e-06     8.613796e-33
 4.466837e-06     9.987776e-33
 5.011870e-06     1.158010e-32
 5.623413e-06     1.342549e-32
 6.309576e-06     1.556412e-32
 7.079456e-06     1.804251e-32
 7.943284e-06     2.091469e-32
 8.912505e-06     2.424311e-32
 1.000000e-05     2.810030e-32
 1.122019e-05     3.257018e-32
 1.258925e-05     3.774999e-32
 1.412538e-05     4.375259e-32
 1.584893e-05     5.070849e-32
 1.778279e-05     5.876914e-32
 1.995263e-05     6.811002e-32
 2.238721e-05     7.893423e-32
 2.511887e-05     9.147747e-32
 2.818382e-05     1.060125e-31
 3.162278e-05     1.228559e-31
 3.548135e-05     1.423740e-31
 3.981071e-05     1.649913e-31
 4.466837e-05     1.912002e-31
 5.011870e-05     2.215706e-31
 5.623413e-05     2.567639e-31
 6.309577e-05     2.975455e-31
 7.079457e-05     3.448023e-31
 7.943284e-05     3.995631e-31
 8.912505e-05     4.630186e-31
 1.000000e-04     5.365506e-31
 1.122018e-04     6.217574e-31
 1.258926e-04     7.204042e-31
 1.412538e-04     8.327181e-31
 1.584893e-04     9.618908e-31
 1.778279e-04     1.111312e-30
 1.995262e-04     1.284712e-30
 2.238722e-04     1.486334e-30
 2.511887e-04     1.721092e-30
 2.818383e-04     1.994745e-30
 3.162278e-04     2.314068e-30
 3.548134e-04     2.687045e-30
 3.981073e-04     3.123120e-30
 4.466837e-04     3.633448e-30
 5.011873e-04     4.231240e-30
 5.623413e-04     4.932140e-30
 6.309572e-04     5.754690e-30
 7.079460e-04     6.720890e-30
 7.943284e-04     7.856832e-30
 8.912510e-04     9.193517e-30
 1.000000e-03     1.076778e-29
 1.122018e-03     1.262342e-29
 1.258926e-03     1.481254e-29
 1.412538e-03     1.739712e-29
 1.584893e-03     2.045101e-29
 1.778279e-03     2.406222e-29
 1.995262e-03     2.833559e-29
 2.238722e-03     3.339621e-29
 2.511887e-03     3.939319e-29
 2.818383e-03     4.650463e-29
 3.162278e-03     5.494311e-29
 3.548133e-03     6.496248e-29
 3.981073e-03     7.686622e-29
 4.466837e-03     9.101687e-29
 5.011873e-03     1.078485e-28
 5.623413e-03     1.278818e-28
 6.309573e-03     1.517446e-28
 7.079460e-03     1.802001e-28
 7.943284e-03     2.141882e-28
 8.912510e-03     2.548860e-28
 1.000000e-02     3.037884e-28
 1.122019e-02     3.628158e-28
 1.258925e-02     4.344397e-28
 1.412538e-02     5.218283e-28
 1.584894e-02     6.289856e-28
 1.778279e-02     7.608926e-28
 1.995263e-02     9.236348e-28
 2.238721e-02     1.124502e-27
 2.511887e-02     1.372101e-27
 2.818385e-02     1.676448e-27
 3.162277e-02     2.049093e-27
 3.548136e-02     2.503296e-27
 3.981071e-02     3.054216e-27
 4.466837e-02     3.719250e-27
 5.011876e-02     4.518393e-27
 5.623413e-02     5.474745e-27
 6.309576e-02     6.615200e-27
 7.079456e-02     7.971133e-27
 7.943284e-02     9.579453e-27
 8.912515e-02     1.148364e-26
 1.000000e-01     1.373512e-26
 1.122019e-01     1.639638e-26
 1.258925e-01     1.947843e-26
 1.412538e-01     2.291313e-26
 1.584894e-01     2.665018e-26
 1.778279e-01     3.065095e-26
 1.995263e-01     3.488459e-26
 2.238721e-01     3.932553e-26
 2.511887e-01     4.395272e-26
 2.818385e-01     4.874893e-26
 3.162278e-01     5.366298e-26
 3.548135e-01     5.827636e-26
 3.981071e-01     6.282276e-26
 4.466837e-01     6.743697e-26
 5.011876e-01     7.219609e-26
 5.623413e-01     7.714933e-26
 6.309576e-01     8.233591e-26
 7.079456e-01     8.779488e-26
 7.943284e-01     9.357084e-26
 8.912515e-01     9.971687e-26
 1.000000e+00     1.062969e-25
 1.122019e+00     1.133879e-25
 1.258925e+00     1.210813e-25
 1.412538e+00     1.294861e-25
 1.584894e+00     1.387314e-25
 1.778279e+00     1.489698e-25
 1.995263e+00     1.603819e-25
 2.238721e+00     1.731806e-25
 2.511887e+00     1.876181e-25
 2.818385e+00     2.039915e-25
 3.162278e+00     2.226519e-25
 3.548136e+00     2.440143e-25
 3.981071e+00     2.685674e-25
 4.466837e+00     2.968879e-25
 5.011876e+00     3.296538e-25
 5.623413e+00     3.676597e-25
 6.309576e+00     4.117555e-25
 7.079456e+00     4.619073e-25
 7.943284e+00     5.200476e-25
 8.912516e+00     5.879981e-25
 1.000000e+01     6.675722e-25
 1.122019e+01     7.606311e-25
 1.258925e+01     8.690516e-25
 1.412538e+01     9.946791e-25
 1.584894e+01     1.139211e-24
 1.778279e+01     1.304076e-24
 1.995263e+01     1.489806e-24
 2.238721e+01     1.693949e-24
 2.511887e+01     1.914782e-24
 2.818385e+01     2.137357e-24
 3.162278e+01     2.388942e-24
 3.548135e+01     2.610181e-24
 3.981071e+01     2.842045e-24
 4.466837e+01     3.052569e-24
 5.011876e+01     3.246762e-24
 5.623413e+01     3.411631e-24
 6.309576e+01     3.559680e-24
 7.079456e+01     3.704753e-24
 7.943284e+01     3.873744e-24
 8.912515e+01     4.064001e-24
 1.000000e+02     4.278424e-24
 1.120000e+02     4.503119e-24
 1.250000e+02     4.724278e-24
 1.400000e+02     4.936422e-24
 1.550000e+02     5.106801e-24
 1.650000e+02     5.199777e-24
 1.750000e+02     5.277136e-24
 1.850000e+02     5.346286e-24
 1.900000e+02     5.383856e-24
 1.950000e+02     5.435094e-24
 2.000000e+02     5.519996e-24
 2.050000e+02     5.693051e-24
 2.100000e+02     6.056489e-24
 2.150000e+02     6.826251e-24
 2.180000e+02     7.654930e-24
 2.210000e+02     8.902108e-24
 2.240000e+02     1.080274e-23
 2.260000e+02     1.256957e-23
 2.270000e+02     1.365356e-23
 2.275000e+02     1.424939e-23
 2.278400e+02     1.467956e-23
 2.380000e+02     2.500202e-23
 2.500000e+02     3.523601e-23
 2.700000e+02     4.850670e-23
 2.900000e+02     5.933613e-23
 3.035000e+02     6.562155e-23
 3.037800e+02     1.423637e-22
 3.045000e+02     1.405241e-22
 3.060000e+02     1.373909e-22
 3.080000e+02     1.334606e-22
 3.100000e+02     1.296826e-22
 3.120000e+02     1.261062e-22
 3.150000e+02     1.212428e-22
 3.200000e+02     1.144344e-22
 3.250000e+02     1.085801e-22
 3.300000e+02     1.040248e-22
 3.400000e+02     9.736056e-23
 3.600000e+02     9.201531e-23
 3.800000e+02     9.328278e-23
 4.050000e+02     9.857187e-23
 4.250000e+02     1.038588e-22
 4.500000e+02     1.106186e-22
 4.650000e+02     1.148235e-22
 4.750000e+02     1.176050e-22
 4.820000e+02     1.194380e-22
 4.870000e+02     1.208928e-22
 4.910000e+02     1.219444e-22
 4.950000e+02     1.231225e-22
 4.980000e+02     1.238713e-22
 5.000000e+02     1.244025e-22
 5.020000e+02     1.249479e-22
 5.039800e+02     1.256081e-22
 5.100000e+02     1.283252e-22
 5.250000e+02     1.351067e-22
 5.600000e+02     1.486030e-22
 6.000000e+02     1.623063e-22
 6.500000e+02     1.784848e-22
 7.000000e+02     1.956445e-22
 7.500000e+02     2.158281e-22
 8.000000e+02     2.415304e-22
 8.300000e+02     2.604077e-22
 8.600000e+02     2.834155e-22
 8.800000e+02     3.008141e-22
 8.900000e+02     3.107084e-22
 8.960000e+02     3.167884e-22
 9.000000e+02     3.207580e-22
 9.030000e+02     3.240936e-22
 9.060000e+02     3.272616e-22
 9.090000e+02     3.304636e-22
 9.117800e+02     3.337202e-22
 9.300000e+02     7.762045e-22
 9.500000e+02     1.242913e-21
 9.750000e+02     2.184511e-21
 9.900000e+02     2.621152e-21
 1.005000e+03     3.158400e-21
 1.025000e+03     4.115048e-21
 1.045000e+03     4.944019e-21
 1.065000e+03     6.066184e-21
 1.085000e+03     7.215661e-21
 1.105000e+03     8.343117e-21
 1.125000e+03     9.583890e-21
 1.145000e+03     1.069797e-20
 1.165000e+03     1.198510e-20
 1.185000e+03     1.309581e-20
 1.205000e+03     1.423129e-20
 1.215600e+03     1.478189e-20
 1.215670e+03     1.563632e-20
 1.216000e+03     1.565271e-20
 1.218000e+03     1.574489e-20
 1.221000e+03     1.586602e-20
 1.225000e+03     1.599782e-20
 1.230000e+03     1.618876e-20
 1.240000e+03     1.671610e-20
 1.250000e+03     1.728922e-20
 1.265000e+03     1.825660e-20
 1.285000e+03     1.954364e-20
 1.305000e+03     2.093006e-20
 1.325000e+03     2.219277e-20
 1.345000e+03     2.355274e-20
 1.365000e+03     2.481339e-20
 1.385000e+03     2.602790e-20
 1.405000e+03     2.714099e-20
 1.425000e+03     2.825582e-20
 1.442000e+03     2.923762e-20
 1.455000e+03     2.999867e-20
 1.475000e+03     3.115551e-20
 1.517000e+03     3.325882e-20
 1.595000e+03     3.649119e-20
 1.672000e+03     3.944438e-20
 1.745000e+03     4.192513e-20
 1.825000e+03     4.426391e-20
 1.905000e+03     4.608638e-20
 1.984000e+03     4.765812e-20
 2.065000e+03     4.882101e-20
 2.135000e+03     4.949414e-20
 2.215000e+03     5.009248e-20
 2.295000e+03     5.061809e-20
 2.375000e+03     5.112168e-20
 2.455000e+03     5.178294e-20
 2.525000e+03     5.224642e-20
 2.605000e+03     5.291891e-20
 2.685000e+03     5.383679e-20
 2.765000e+03     5.454364e-20
 2.845000e+03     5.506543e-20
 2.950000e+03     5.599985e-20
 3.110000e+03     5.731232e-20
 3.270000e+03     5.840653e-20
 3.430000e+03     5.935982e-20
 3.590000e+03     6.023061e-20
 3.730000e+03     6.133399e-20
 3.890000e+03     6.556310e-20
 4.050000e+03     6.983129e-20
 4.210000e+03     7.617429e-20
 4.370000e+03     8.159702e-20
 4.530000e+03     8.671330e-20
 4.690000e+03     9.145255e-20
 4.850000e+03     9.512851e-20
 5.010000e+03     9.845451e-20
 5.170000e+03     1.014404e-19
 5.330000e+03     1.042534e-19
 5.490000e+03     1.068364e-19
 5.650000e+03     1.093085e-19
 5.810000e+03     1.117212e-19
 5.970000e+03     1.136549e-19
 6.130000e+03     1.155775e-19
 6.290000e+03     1.172334e-19
 6.450000e+03     1.187280e-19
 6.610000e+03     1.200699e-19
 6.770000e+03     1.214424e-19
 6.930000e+03     1.226737e-19
 7.090000e+03     1.237645e-19
 7.250000e+03     1.247698e-19
 7.410000e+03     1.257388e-19
 7.570000e+03     1.267154e-19
 7.730000e+03     1.277834e-19
 7.890000e+03     1.287560e-19
 8.050000e+03     1.296234e-19
 8.210000e+03     1.305122e-19
 8.370000e+03     1.313447e-19
 8.530000e+03     1.321177e-19
 8.690000e+03     1.329203e-19
 8.850000e+03     1.339228e-19
 9.010000e+03     1.348341e-19
 9.170000e+03     1.356692e-19
 9.330000e+03     1.368157e-19
 9.490000e+03     1.378561e-19
 9.650000e+03     1.387666e-19
 9.810000e+03     1.397040e-19
 9.970000e+03     1.406473e-19
 1.050000e+04     1.430180e-19
 1.150000e+04     1.453804e-19
 1.250000e+04     1.468217e-19
 1.350000e+04     1.476788e-19
 1.450000e+04     1.485362e-19
 1.550000e+04     1.501772e-19
 1.650000e+04     1.513201e-19
 1.750000e+04     1.508521e-19
 1.850000e+04     1.487579e-19
 1.950000e+04     1.453540e-19
 2.050000e+04     1.415703e-19
 2.150000e+04     1.375054e-19
 2.250000e+04     1.330560e-19
 2.350000e+04     1.275237e-19
 2.450000e+04     1.211821e-19
 2.550000e+04     1.158140e-19
 2.650000e+04     1.106554e-19
 2.750000e+04     1.063115e-19
 2.850000e+04     1.023516e-19
 2.950000e+04     9.865298e-20
 3.050000e+04     9.514883e-20
 3.150000e+04     9.181333e-20
 3.250000e+04     8.861595e-20
 3.350000e+04     8.555866e-20
 3.450000e+04     8.266580e-20
 3.550000e+04     7.996817e-20
 3.650000e+04     7.744222e-20
 3.750000e+04     7.507826e-20
 3.850000e+04     7.288815e-20
 3.950000e+04     7.089986e-20
 4.050000e+04     6.943962e-20
 4.150000e+04     6.780530e-20
 4.250000e+04     6.596658e-20
 4.350000e+04     6.403129e-20
 4.450000e+04     6.209888e-20
 4.550000e+04     6.027483e-20
 4.650000e+04     5.868578e-20
 4.750000e+04     5.738603e-20
 4.850000e+04     5.650033e-20
 4.950000e+04     5.603448e-20
 5.050000e+04     5.594371e-20
 5.150000e+04     5.621277e-20
 5.250000e+04     5.687002e-20
 5.350000e+04     5.796372e-20
 5.450000e+04     5.953832e-20
 5.550000e+04     6.168055e-20
 5.650000e+04     6.424234e-20
 5.750000e+04     6.731164e-20
 5.850000e+04     6.935863e-20
 5.950000e+04     7.095564e-20
 6.050000e+04     7.390031e-20
 6.150000e+04     7.986584e-20
 6.250000e+04     9.419654e-20
 6.350000e+04     1.041506e-19
 6.450000e+04     1.079348e-19
 6.550000e+04     1.111949e-19
 6.650010e+04     1.142954e-19
 6.750010e+04     1.179041e-19
 6.850010e+04     1.208120e-19
 6.950010e+04     1.251453e-19
 7.020000e+04     1.292882e-19
 7.100000e+04     1.334842e-19
 7.180000e+04     1.373512e-19
 7.260000e+04     1.415215e-19
 7.340000e+04     1.469186e-19
 7.420000e+04     1.549294e-19
 7.500000e+04     1.662829e-19
 7.580000e+04     1.807352e-19
 7.660000e+04     1.968308e-19
 7.740000e+04     2.122247e-19
 7.820000e+04     2.265539e-19
 7.900000e+04     2.393606e-19
 7.980000e+04     2.492991e-19
 8.060000e+04     2.563529e-19
 8.140000e+04     2.611914e-19
 8.220000e+04     2.647929e-19
 8.300000e+04     2.676759e-19
 8.380000e+04     2.701822e-19
 8.460000e+04     2.726620e-19
 8.540000e+04     2.755054e-19
 8.620000e+04     2.787051e-19
 8.700000e+04     2.810149e-19
 8.780000e+04     2.814048e-19
 8.860000e+04     2.801831e-19
 8.940000e+04     2.782823e-19
 9.020000e+04     2.759577e-19
 9.100000e+04     2.732616e-19
 9.180000e+04     2.704625e-19
 9.260000e+04     2.675365e-19
 9.340000e+04     2.644692e-19
 9.420000e+04     2.613740e-19
 9.500000e+04     2.584371e-19
 9.580000e+04     2.555045e-19
 9.660000e+04     2.531366e-19
 9.740000e+04     2.511142e-19
 9.820000e+04     2.487097e-19
 9.900000e+04     2.463274e-19
 9.980000e+04     2.441662e-19
 1.006000e+05     2.423536e-19
 1.020000e+05     2.397113e-19
 1.040000e+05     2.370375e-19
 1.060000e+05     2.366332e-19
 1.080000e+05     2.373681e-19
 1.100000e+05     2.393216e-19
 1.120000e+05     2.495499e-19
 1.140000e+05     2.716254e-19
 1.160000e+05     2.784432e-19
 1.180000e+05     2.829319e-19
 1.200000e+05     2.886064e-19
 1.220000e+05     2.967781e-19
 1.240000e+05     3.075231e-19
 1.260000e+05     3.217835e-19
 1.280000e+05     3.456892e-19
 1.300000e+05     3.684048e-19
 1.320000e+05     3.696038e-19
 1.340000e+05     3.781490e-19
 1.360000e+05     3.824303e-19
 1.380000e+05     3.883964e-19
 1.400000e+05     3.925474e-19
 1.420000e+05     3.983580e-19
 1.440000e+05     4.037104e-19
 1.460000e+05     4.090778e-19
 1.480000e+05     4.147297e-19
 1.500000e+05     4.208854e-19
 1.520000e+05     4.268169e-19
 1.540000e+05     4.328634e-19
 1.560000e+05     4.417785e-19
 1.580000e+05     4.494457e-19
 1.600000e+05     4.548259e-19
 1.620000e+05     4.610619e-19
 1.640000e+05     4.685287e-19
 1.660000e+05     4.792555e-19
 1.680000e+05     4.881217e-19
 1.700000e+05     4.992809e-19
 1.720000e+05     5.117378e-19
 1.740000e+05     5.219316e-19
 1.760000e+05     5.300060e-19
 1.780000e+05     5.378322e-19
 1.800000e+05     5.453840e-19
 1.820000e+05     5.525574e-19
 1.840000e+05     5.593622e-19
 1.860000e+05     5.667524e-19
 1.880000e+05     5.787423e-19
 1.900000e+05     5.875158e-19
 1.920000e+05     5.956906e-19
 1.940000e+05     6.053612e-19
 1.960000e+05     6.166326e-19
 1.980000e+05     6.295339e-19
 2.000000e+05     6.436514e-19
 2.020000e+05     6.589613e-19
 2.040000e+05     6.761518e-19
 2.060000e+05     6.929785e-19
 2.080000e+05     7.100546e-19
 2.100000e+05     7.292835e-19
 2.120000e+05     7.487333e-19
 2.140000e+05     7.676807e-19
 2.160000e+05     7.892561e-19
 2.180000e+05     8.122867e-19
 2.200000e+05     8.340611e-19
 2.220000e+05     8.568460e-19
 2.240000e+05     8.822216e-19
 2.260000e+05     9.071587e-19
 2.280000e+05     9.317026e-19
 2.300000e+05     9.583728e-19
 2.320000e+05     9.872620e-19
 2.340000e+05     1.016663e-18
 2.360000e+05     1.046316e-18
 2.380000e+05     1.077926e-18
 2.400000e+05     1.111752e-18
 2.420000e+05     1.146596e-18
 2.440000e+05     1.181970e-18
 2.460000e+05     1.219160e-18
 2.480000e+05     1.258723e-18
 2.500000e+05     1.299448e-18
 2.520000e+05     1.340414e-18
 2.540000e+05     1.382897e-18
 2.560000e+05     1.427488e-18
 2.580000e+05     1.474009e-18
 2.600000e+05     1.521823e-18
 2.620000e+05     1.569784e-18
 2.640000e+05     1.618297e-18
 2.660000e+05     1.668282e-18
 2.680000e+05     1.720281e-18
 2.700000e+05     1.772634e-18
 2.720000e+05     1.824750e-18
 2.740000e+05     1.876790e-18
 2.760000e+05     1.930875e-18
 2.780000e+05     1.986842e-18
 2.800000e+05     2.045304e-18
 2.820000e+05     2.105944e-18
 2.840000e+05     2.166273e-18
 2.860000e+05     2.225988e-18
 2.880000e+05     2.286384e-18
 2.900000e+05     2.348550e-18
 2.920000e+05     2.412685e-18
 2.940000e+05     2.477435e-18
 2.960000e+05     2.543784e-18
 2.980000e+05     2.610575e-18
 3.000000e+05     2.677176e-18
 3.020000e+05     2.745234e-18
 3.040000e+05     2.815219e-18
 3.060000e+05     2.885808e-18
 3.080000e+05     2.957386e-18
 3.100000e+05     3.028794e-18
 3.120000e+05     3.099802e-18
 3.140000e+05     3.173694e-18
 3.160000e+05     3.248635e-18
 3.180000e+05     3.324824e-18
 3.200000e+05     3.404086e-18
 3.220000e+05     3.483244e-18
 3.240000e+05     3.563256e-18
 3.260000e+05     3.646272e-18
 3.280000e+05     3.728493e-18
 3.300000e+05     3.810780e-18
 3.320000e+05     3.892719e-18
 3.340000e+05     3.984237e-18
 3.360000e+05     4.083862e-18
 3.380000e+05     4.176667e-18
 3.400000e+05     4.254302e-18
 3.420000e+05     4.337883e-18
 3.440000e+05     4.423828e-18
 3.460000e+05     4.501138e-18
 3.480000e+05     4.597875e-18
 3.500000e+05     4.708977e-18
 3.520000e+05     4.807813e-18
 3.540000e+05     4.897983e-18
 3.560000e+05     4.984644e-18
 3.580000e+05     5.064973e-18
 3.600000e+05     5.148241e-18
 3.620000e+05     5.235913e-18
 3.640000e+05     5.322028e-18
 3.660000e+05     5.406109e-18
 3.680000e+05     5.490905e-18
 3.700000e+05     5.579148e-18
 3.720000e+05     5.669507e-18
 3.740000e+05     5.759045e-18
 3.760000e+05     5.849474e-18
 3.780000e+05     5.942097e-18
 3.800000e+05     6.036254e-18
 3.820000e+05     6.130262e-18
 3.840000e+05     6.225608e-18
 3.860000e+05     6.323764e-18
 3.880000e+05     6.423364e-18
 3.900000e+05     6.522816e-18
 3.920000e+05     6.623076e-18
 4.320000e+05     8.782479e-18
 4.760000e+05     1.129770e-17
 5.250000e+05     1.404309e-17
 5.790000e+05     1.682249e-17
 6.390000e+05     1.949676e-17
 7.040000e+05     2.175057e-17
 7.760000e+05     2.340291e-17
 8.560000e+05     2.431779e-17
 9.430000e+05     2.445928e-17
 1.040000e+06     2.390557e-17
 1.147000e+06     2.279233e-17
 1.264000e+06     2.130163e-17
 1.394000e+06     1.958329e-17
 1.537000e+06     1.779888e-17
 1.694000e+06     1.605219e-17
 1.868000e+06     1.439482e-17
 2.059000e+06     1.286876e-17
 2.270000e+06     1.146658e-17
 2.503000e+06     1.017596e-17
 2.760000e+06     8.979193e-18
 3.043000e+06     7.862028e-18
 3.354000e+06     6.816776e-18
 3.698000e+06     5.836195e-18
 4.077000e+06     4.929583e-18
 4.495000e+06     4.103534e-18
 4.956000e+06     3.365422e-18
 5.464000e+06     2.720315e-18
 6.024000e+06     2.168492e-18
 6.641000e+06     1.706844e-18
 7.322000e+06     1.328082e-18
 8.073000e+06     1.023813e-18
 8.900000e+06     7.842684e-19
 9.813000e+06     5.985747e-19
 1.082000e+07     4.572263e-19
 1.193000e+07     3.514865e-19
 1.315000e+07     2.738586e-19
 1.450000e+07     2.174521e-19
 1.598000e+07     1.775027e-19
 1.762000e+07     1.494655e-19
 1.943000e+07     1.303355e-19
 2.142000e+07     1.177667e-19
 2.362000e+07     1.099173e-19
 2.604000e+07     1.055323e-19
 2.871000e+07     1.036973e-19
 3.165000e+07     1.037703e-19
 3.489000e+07     1.052769e-19
 3.847000e+07     1.079021e-19
 4.241000e+07     1.114174e-19
 4.676000e+07     1.156588e-19
 5.155000e+07     1.205029e-19
 5.683000e+07     1.258832e-19
 6.266000e+07     1.317483e-19
 6.908000e+07     1.380666e-19
 7.616000e+07     1.448268e-19
 8.397000e+07     1.520134e-19
 9.258000e+07     1.596265e-19
 1.020700e+08     1.676707e-19
 1.125300e+08     1.761577e-19
 1.240600e+08     1.851040e-19
 1.367800e+08     1.945401e-19
 1.508000e+08     2.044704e-19
 1.662500e+08     2.149057e-19
 1.833000e+08     2.258983e-19
 2.020800e+08     2.374607e-19
 2.228000e+08     2.496254e-19
 2.456300e+08     2.624169e-19
 2.708100e+08     2.758851e-19
 2.985700e+08     2.900505e-19
 3.291700e+08     3.049397e-19
 3.629100e+08     3.206119e-19
 4.001100e+08     3.370899e-19
 4.411200e+08     3.544287e-19
 4.863400e+08     3.726614e-19
 5.361900e+08     3.918539e-19
 5.911500e+08     4.120374e-19
 6.517400e+08     4.332769e-19
 7.185400e+08     4.556075e-19
 7.921900e+08     4.791021e-19
 8.733900e+08     5.038103e-19
 9.629200e+08     5.297982e-19
 1.000000e+09     5.402204e-19
