## EBL from Khaire & Srianand 2018; Q14 Model with alpha=-1.4 
## Column1:wavelength (Angstrom);  Column2:EBL specific intensity J_nu (erg/s/cm^2/Hz/Sr)
## ===========================================================================================
 1.000000e-08     1.509715e-38
 1.122019e-08     2.205069e-38
 1.258925e-08     3.214666e-38
 1.412538e-08     4.668762e-38
 1.584893e-08     6.742057e-38
 1.778279e-08     9.663374e-38
 1.995263e-08     1.372462e-37
 2.238721e-08     1.928822e-37
 2.511887e-08     2.679310e-37
 2.818382e-08     3.675878e-37
 3.162278e-08     4.979046e-37
 3.548135e-08     6.658472e-37
 3.981071e-08     8.793911e-37
 4.466837e-08     1.147653e-36
 5.011870e-08     1.481045e-36
 5.623413e-08     1.891495e-36
 6.309576e-08     2.392660e-36
 7.079456e-08     3.000206e-36
 7.943284e-08     3.732158e-36
 8.912505e-08     4.609223e-36
 1.000000e-07     5.655297e-36
 1.122019e-07     6.897914e-36
 1.258925e-07     8.368859e-36
 1.412538e-07     1.010492e-35
 1.584892e-07     1.214856e-35
 1.778279e-07     1.454906e-35
 1.995263e-07     1.736335e-35
 2.238721e-07     2.065738e-35
 2.511887e-07     2.450767e-35
 2.818382e-07     2.900273e-35
 3.162278e-07     3.424533e-35
 3.548136e-07     4.035438e-35
 3.981071e-07     4.746771e-35
 4.466837e-07     5.574529e-35
 5.011870e-07     6.537217e-35
 5.623413e-07     7.656325e-35
 6.309576e-07     8.956725e-35
 7.079456e-07     1.046725e-34
 7.943284e-07     1.222135e-34
 8.912505e-07     1.425770e-34
 1.000000e-06     1.662126e-34
 1.122019e-06     1.936402e-34
 1.258925e-06     2.254624e-34
 1.412538e-06     2.623786e-34
 1.584893e-06     3.051976e-34
 1.778279e-06     3.548583e-34
 1.995263e-06     4.124481e-34
 2.238721e-06     4.792264e-34
 2.511887e-06     5.566541e-34
 2.818382e-06     6.464222e-34
 3.162278e-06     7.504925e-34
 3.548136e-06     8.711377e-34
 3.981071e-06     1.010987e-33
 4.466837e-06     1.173097e-33
 5.011870e-06     1.360999e-33
 5.623413e-06     1.578793e-33
 6.309576e-06     1.831225e-33
 7.079456e-06     2.123795e-33
 7.943284e-06     2.462881e-33
 8.912505e-06     2.855866e-33
 1.000000e-05     3.311319e-33
 1.122019e-05     3.839154e-33
 1.258925e-05     4.450860e-33
 1.412538e-05     5.159771e-33
 1.584893e-05     5.981305e-33
 1.778279e-05     6.933358e-33
 1.995263e-05     8.036661e-33
 2.238721e-05     9.315215e-33
 2.511887e-05     1.079687e-32
 2.818382e-05     1.251384e-32
 3.162278e-05     1.450353e-32
 3.548135e-05     1.680924e-32
 3.981071e-05     1.948111e-32
 4.466837e-05     2.257734e-32
 5.011870e-05     2.616524e-32
 5.623413e-05     3.032296e-32
 6.309577e-05     3.514096e-32
 7.079457e-05     4.072398e-32
 7.943284e-05     4.719362e-32
 8.912505e-05     5.469054e-32
 1.000000e-04     6.337802e-32
 1.122018e-04     7.344491e-32
 1.258926e-04     8.511037e-32
 1.412538e-04     9.862106e-32
 1.584893e-04     1.142609e-31
 1.778279e-04     1.323573e-31
 1.995262e-04     1.532850e-31
 2.238722e-04     1.774750e-31
 2.511887e-04     2.054273e-31
 2.818383e-04     2.377289e-31
 3.162278e-04     2.750769e-31
 3.548134e-04     3.183031e-31
 3.981073e-04     3.684017e-31
 4.466837e-04     4.265564e-31
 5.011873e-04     4.941708e-31
 5.623413e-04     5.729033e-31
 6.309572e-04     6.647092e-31
 7.079460e-04     7.718942e-31
 7.943284e-04     8.971761e-31
 8.912510e-04     1.043766e-30
 1.000000e-03     1.215462e-30
 1.122018e-03     1.416755e-30
 1.258926e-03     1.652973e-30
 1.412538e-03     1.930424e-30
 1.584893e-03     2.256601e-30
 1.778279e-03     2.640399e-30
 1.995262e-03     3.092388e-30
 2.238722e-03     3.625136e-30
 2.511887e-03     4.253583e-30
 2.818383e-03     4.995521e-30
 3.162278e-03     5.872137e-30
 3.548133e-03     6.908659e-30
 3.981073e-03     8.135182e-30
 4.466837e-03     9.587562e-30
 5.011873e-03     1.130860e-29
 5.623413e-03     1.334936e-29
 6.309573e-03     1.577086e-29
 7.079460e-03     1.864606e-29
 7.943284e-03     2.206233e-29
 8.912510e-03     2.612466e-29
 1.000000e-02     3.095976e-29
 1.122019e-02     3.672140e-29
 1.258925e-02     4.359749e-29
 1.412538e-02     5.181991e-29
 1.584894e-02     6.167636e-29
 1.778279e-02     7.352648e-29
 1.995263e-02     8.782205e-29
 2.238721e-02     1.051299e-28
 2.511887e-02     1.261610e-28
 2.818385e-02     1.518011e-28
 3.162277e-02     1.831457e-28
 3.548136e-02     2.215389e-28
 3.981071e-02     2.686093e-28
 4.466837e-02     3.263155e-28
 5.011876e-02     3.969852e-28
 5.623413e-02     4.833623e-28
 6.309576e-02     5.886616e-28
 7.079456e-02     7.166206e-28
 7.943284e-02     8.715795e-28
 8.912515e-02     1.058562e-27
 1.000000e-01     1.283384e-27
 1.122019e-01     1.552802e-27
 1.258925e-01     1.874542e-27
 1.412538e-01     2.256930e-27
 1.584894e-01     2.708773e-27
 1.778279e-01     3.238996e-27
 1.995263e-01     3.856000e-27
 2.238721e-01     4.566784e-27
 2.511887e-01     5.376127e-27
 2.818385e-01     6.285901e-27
 3.162278e-01     7.294821e-27
 3.548135e-01     8.397211e-27
 3.981071e-01     9.584856e-27
 4.466837e-01     1.084780e-26
 5.011876e-01     1.217454e-26
 5.623413e-01     1.355284e-26
 6.309576e-01     1.497105e-26
 7.079456e-01     1.641965e-26
 7.943284e-01     1.789310e-26
 8.912515e-01     1.939098e-26
 1.000000e+00     2.091821e-26
 1.122019e+00     2.248441e-26
 1.258925e+00     2.410259e-26
 1.412538e+00     2.578811e-26
 1.584894e+00     2.755803e-26
 1.778279e+00     2.943102e-26
 1.995263e+00     3.142789e-26
 2.238721e+00     3.357210e-26
 2.511887e+00     3.589079e-26
 2.818385e+00     3.841563e-26
 3.162278e+00     4.118381e-26
 3.548136e+00     4.423931e-26
 3.981071e+00     4.763394e-26
 4.466837e+00     5.142912e-26
 5.011876e+00     5.569724e-26
 5.623413e+00     6.052384e-26
 6.309576e+00     6.601008e-26
 7.079456e+00     7.227098e-26
 7.943284e+00     7.944260e-26
 8.912516e+00     8.768511e-26
 1.000000e+01     9.718596e-26
 1.122019e+01     1.081661e-25
 1.258925e+01     1.208868e-25
 1.412538e+01     1.356602e-25
 1.584894e+01     1.528585e-25
 1.778279e+01     1.729231e-25
 1.995263e+01     1.963707e-25
 2.238721e+01     2.237917e-25
 2.511887e+01     2.558469e-25
 2.818385e+01     2.932505e-25
 3.162278e+01     3.367436e-25
 3.548135e+01     3.870488e-25
 3.981071e+01     4.447948e-25
 4.466837e+01     5.104150e-25
 5.011876e+01     5.840120e-25
 5.623413e+01     6.652127e-25
 6.309576e+01     7.530593e-25
 7.079456e+01     8.459817e-25
 7.943284e+01     9.419333e-25
 8.912515e+01     1.038774e-24
 1.000000e+02     1.135247e-24
 1.120000e+02     1.232165e-24
 1.250000e+02     1.329780e-24
 1.400000e+02     1.437801e-24
 1.550000e+02     1.545283e-24
 1.650000e+02     1.616231e-24
 1.750000e+02     1.683146e-24
 1.850000e+02     1.747103e-24
 1.900000e+02     1.778154e-24
 1.950000e+02     1.811116e-24
 2.000000e+02     1.842108e-24
 2.050000e+02     1.873417e-24
 2.100000e+02     1.905806e-24
 2.150000e+02     1.942075e-24
 2.180000e+02     1.967164e-24
 2.210000e+02     1.999996e-24
 2.240000e+02     2.038980e-24
 2.260000e+02     2.073122e-24
 2.270000e+02     2.092972e-24
 2.275000e+02     2.101544e-24
 2.278400e+02     2.109112e-24
 2.380000e+02     2.253224e-24
 2.500000e+02     2.413080e-24
 2.700000e+02     2.729353e-24
 2.900000e+02     3.075072e-24
 3.035000e+02     3.327975e-24
 3.037800e+02     3.692195e-24
 3.045000e+02     3.709407e-24
 3.060000e+02     3.745420e-24
 3.080000e+02     3.793525e-24
 3.100000e+02     3.841533e-24
 3.120000e+02     3.889256e-24
 3.150000e+02     3.961084e-24
 3.200000e+02     4.079969e-24
 3.250000e+02     4.198687e-24
 3.300000e+02     4.317189e-24
 3.400000e+02     4.566432e-24
 3.600000e+02     5.081304e-24
 3.800000e+02     5.631477e-24
 4.050000e+02     6.344658e-24
 4.250000e+02     6.932629e-24
 4.500000e+02     7.702108e-24
 4.650000e+02     8.163531e-24
 4.750000e+02     8.468738e-24
 4.820000e+02     8.683370e-24
 4.870000e+02     8.833998e-24
 4.910000e+02     8.960607e-24
 4.950000e+02     9.085745e-24
 4.980000e+02     9.177514e-24
 5.000000e+02     9.238797e-24
 5.020000e+02     9.299940e-24
 5.039800e+02     9.359419e-24
 5.100000e+02     9.545669e-24
 5.250000e+02     1.001292e-23
 5.600000e+02     1.109628e-23
 6.000000e+02     1.228454e-23
 6.500000e+02     1.369169e-23
 7.000000e+02     1.504729e-23
 7.500000e+02     1.632679e-23
 8.000000e+02     1.754435e-23
 8.300000e+02     1.827650e-23
 8.600000e+02     1.903988e-23
 8.800000e+02     1.956465e-23
 8.900000e+02     1.983548e-23
 8.960000e+02     2.000052e-23
 9.000000e+02     2.011247e-23
 9.030000e+02     2.019635e-23
 9.060000e+02     2.028234e-23
 9.090000e+02     2.036753e-23
 9.117800e+02     2.044648e-23
 9.300000e+02     2.442510e-23
 9.500000e+02     3.085618e-23
 9.750000e+02     4.049999e-23
 9.900000e+02     4.610830e-23
 1.005000e+03     5.194937e-23
 1.025000e+03     6.466682e-23
 1.045000e+03     7.493145e-23
 1.065000e+03     8.914764e-23
 1.085000e+03     1.063335e-22
 1.105000e+03     1.225848e-22
 1.125000e+03     1.435435e-22
 1.145000e+03     1.604401e-22
 1.165000e+03     1.780391e-22
 1.185000e+03     1.969753e-22
 1.205000e+03     2.193053e-22
 1.215600e+03     2.308148e-22
 1.215670e+03     2.327621e-22
 1.216000e+03     2.330471e-22
 1.218000e+03     2.349254e-22
 1.221000e+03     2.376199e-22
 1.225000e+03     2.411094e-22
 1.230000e+03     2.457476e-22
 1.240000e+03     2.565424e-22
 1.250000e+03     2.681148e-22
 1.265000e+03     2.862311e-22
 1.285000e+03     3.105809e-22
 1.305000e+03     3.394865e-22
 1.325000e+03     3.666266e-22
 1.345000e+03     3.958009e-22
 1.365000e+03     4.252616e-22
 1.385000e+03     4.535144e-22
 1.405000e+03     4.827614e-22
 1.425000e+03     5.119396e-22
 1.442000e+03     5.381741e-22
 1.455000e+03     5.584935e-22
 1.475000e+03     5.928547e-22
 1.517000e+03     6.635545e-22
 1.595000e+03     7.886302e-22
 1.672000e+03     9.149677e-22
 1.745000e+03     1.038850e-21
 1.825000e+03     1.173033e-21
 1.905000e+03     1.309820e-21
 1.984000e+03     1.440816e-21
 2.065000e+03     1.571115e-21
 2.135000e+03     1.680643e-21
 2.215000e+03     1.801226e-21
 2.295000e+03     1.920780e-21
 2.375000e+03     2.039765e-21
 2.455000e+03     2.160102e-21
 2.525000e+03     2.266322e-21
 2.605000e+03     2.388971e-21
 2.685000e+03     2.524799e-21
 2.765000e+03     2.658022e-21
 2.845000e+03     2.786502e-21
 2.950000e+03     2.973831e-21
 3.110000e+03     3.279955e-21
 3.270000e+03     3.593830e-21
 3.430000e+03     3.929404e-21
 3.590000e+03     4.269947e-21
 3.730000e+03     4.580753e-21
 3.890000e+03     5.012551e-21
 4.050000e+03     5.464501e-21
 4.210000e+03     6.062769e-21
 4.370000e+03     6.688275e-21
 4.530000e+03     7.324150e-21
 4.690000e+03     8.042103e-21
 4.850000e+03     8.787564e-21
 5.010000e+03     9.483439e-21
 5.170000e+03     1.021733e-20
 5.330000e+03     1.096664e-20
 5.490000e+03     1.171935e-20
 5.650000e+03     1.249678e-20
 5.810000e+03     1.330929e-20
 5.970000e+03     1.409659e-20
 6.130000e+03     1.489046e-20
 6.290000e+03     1.568273e-20
 6.450000e+03     1.647112e-20
 6.610000e+03     1.724845e-20
 6.770000e+03     1.803836e-20
 6.930000e+03     1.881162e-20
 7.090000e+03     1.957090e-20
 7.250000e+03     2.031763e-20
 7.410000e+03     2.106820e-20
 7.570000e+03     2.180283e-20
 7.730000e+03     2.253557e-20
 7.890000e+03     2.325950e-20
 8.050000e+03     2.396831e-20
 8.210000e+03     2.467439e-20
 8.370000e+03     2.536327e-20
 8.530000e+03     2.604288e-20
 8.690000e+03     2.670627e-20
 8.850000e+03     2.736417e-20
 9.010000e+03     2.801414e-20
 9.170000e+03     2.864978e-20
 9.330000e+03     2.928554e-20
 9.490000e+03     2.991228e-20
 9.650000e+03     3.052484e-20
 9.810000e+03     3.112367e-20
 9.970000e+03     3.172737e-20
 1.050000e+04     3.359929e-20
 1.150000e+04     3.675941e-20
 1.250000e+04     3.949785e-20
 1.350000e+04     4.184199e-20
 1.450000e+04     4.389237e-20
 1.550000e+04     4.572070e-20
 1.650000e+04     4.734827e-20
 1.750000e+04     4.865211e-20
 1.850000e+04     4.962414e-20
 1.950000e+04     5.029608e-20
 2.050000e+04     5.071806e-20
 2.150000e+04     5.095338e-20
 2.250000e+04     5.099564e-20
 2.350000e+04     5.084641e-20
 2.450000e+04     5.046230e-20
 2.550000e+04     4.990591e-20
 2.650000e+04     4.931300e-20
 2.750000e+04     4.873419e-20
 2.850000e+04     4.822354e-20
 2.950000e+04     4.774448e-20
 3.050000e+04     4.727338e-20
 3.150000e+04     4.681131e-20
 3.250000e+04     4.636898e-20
 3.350000e+04     4.595865e-20
 3.450000e+04     4.559063e-20
 3.550000e+04     4.526864e-20
 3.650000e+04     4.499571e-20
 3.750000e+04     4.478037e-20
 3.850000e+04     4.463132e-20
 3.950000e+04     4.454627e-20
 4.050000e+04     4.449986e-20
 4.150000e+04     4.448786e-20
 4.250000e+04     4.451156e-20
 4.350000e+04     4.456618e-20
 4.450000e+04     4.462622e-20
 4.550000e+04     4.469664e-20
 4.650000e+04     4.476281e-20
 4.750000e+04     4.484007e-20
 4.850000e+04     4.494750e-20
 4.950000e+04     4.509241e-20
 5.050000e+04     4.527123e-20
 5.150000e+04     4.547448e-20
 5.250000e+04     4.569501e-20
 5.350000e+04     4.591673e-20
 5.450000e+04     4.612095e-20
 5.550000e+04     4.635198e-20
 5.650000e+04     4.659814e-20
 5.750000e+04     4.687798e-20
 5.850000e+04     4.713477e-20
 5.950000e+04     4.741365e-20
 6.050000e+04     4.777442e-20
 6.150000e+04     4.848900e-20
 6.250000e+04     4.970370e-20
 6.350000e+04     5.064320e-20
 6.450000e+04     5.125896e-20
 6.550000e+04     5.179598e-20
 6.650010e+04     5.233655e-20
 6.750010e+04     5.294302e-20
 6.850010e+04     5.347857e-20
 6.950010e+04     5.407049e-20
 7.020000e+04     5.468175e-20
 7.100000e+04     5.531113e-20
 7.180000e+04     5.595992e-20
 7.260000e+04     5.672318e-20
 7.340000e+04     5.755930e-20
 7.420000e+04     5.847274e-20
 7.500000e+04     5.954208e-20
 7.580000e+04     6.098079e-20
 7.660000e+04     6.260691e-20
 7.740000e+04     6.418932e-20
 7.820000e+04     6.575620e-20
 7.900000e+04     6.727547e-20
 7.980000e+04     6.871237e-20
 8.060000e+04     6.997315e-20
 8.140000e+04     7.111012e-20
 8.220000e+04     7.217909e-20
 8.300000e+04     7.325153e-20
 8.380000e+04     7.433291e-20
 8.460000e+04     7.544811e-20
 8.540000e+04     7.658894e-20
 8.620000e+04     7.772630e-20
 8.700000e+04     7.883624e-20
 8.780000e+04     7.985574e-20
 8.860000e+04     8.079481e-20
 8.940000e+04     8.164087e-20
 9.020000e+04     8.241291e-20
 9.100000e+04     8.309356e-20
 9.180000e+04     8.370105e-20
 9.260000e+04     8.426073e-20
 9.340000e+04     8.477368e-20
 9.420000e+04     8.525107e-20
 9.500000e+04     8.574695e-20
 9.580000e+04     8.630520e-20
 9.660000e+04     8.691260e-20
 9.740000e+04     8.745930e-20
 9.820000e+04     8.794036e-20
 9.900000e+04     8.840767e-20
 9.980000e+04     8.885526e-20
 1.006000e+05     8.929153e-20
 1.020000e+05     9.013068e-20
 1.040000e+05     9.140450e-20
 1.060000e+05     9.267531e-20
 1.080000e+05     9.402266e-20
 1.100000e+05     9.551755e-20
 1.120000e+05     9.779459e-20
 1.140000e+05     1.011568e-19
 1.160000e+05     1.037157e-19
 1.180000e+05     1.058126e-19
 1.200000e+05     1.080111e-19
 1.220000e+05     1.104843e-19
 1.240000e+05     1.123875e-19
 1.260000e+05     1.148474e-19
 1.280000e+05     1.178091e-19
 1.300000e+05     1.204415e-19
 1.320000e+05     1.222402e-19
 1.340000e+05     1.240067e-19
 1.360000e+05     1.251822e-19
 1.380000e+05     1.262438e-19
 1.400000e+05     1.273412e-19
 1.420000e+05     1.279559e-19
 1.440000e+05     1.288336e-19
 1.460000e+05     1.290859e-19
 1.480000e+05     1.291861e-19
 1.500000e+05     1.293548e-19
 1.520000e+05     1.294700e-19
 1.540000e+05     1.292822e-19
 1.560000e+05     1.298049e-19
 1.580000e+05     1.294236e-19
 1.600000e+05     1.293728e-19
 1.620000e+05     1.296645e-19
 1.640000e+05     1.302502e-19
 1.660000e+05     1.308698e-19
 1.680000e+05     1.313279e-19
 1.700000e+05     1.321908e-19
 1.720000e+05     1.331772e-19
 1.740000e+05     1.342487e-19
 1.760000e+05     1.351940e-19
 1.780000e+05     1.359550e-19
 1.800000e+05     1.366158e-19
 1.820000e+05     1.373174e-19
 1.840000e+05     1.382634e-19
 1.860000e+05     1.394439e-19
 1.880000e+05     1.407941e-19
 1.900000e+05     1.416879e-19
 1.920000e+05     1.421784e-19
 1.940000e+05     1.428802e-19
 1.960000e+05     1.438307e-19
 1.980000e+05     1.447384e-19
 2.000000e+05     1.456720e-19
 2.020000e+05     1.464728e-19
 2.040000e+05     1.470497e-19
 2.060000e+05     1.476785e-19
 2.080000e+05     1.483731e-19
 2.100000e+05     1.492970e-19
 2.120000e+05     1.502255e-19
 2.140000e+05     1.509776e-19
 2.160000e+05     1.516751e-19
 2.180000e+05     1.523162e-19
 2.200000e+05     1.530216e-19
 2.220000e+05     1.537884e-19
 2.240000e+05     1.546118e-19
 2.260000e+05     1.553744e-19
 2.280000e+05     1.561690e-19
 2.300000e+05     1.569831e-19
 2.320000e+05     1.578104e-19
 2.340000e+05     1.586950e-19
 2.360000e+05     1.596571e-19
 2.380000e+05     1.606562e-19
 2.400000e+05     1.616799e-19
 2.420000e+05     1.627216e-19
 2.440000e+05     1.636246e-19
 2.460000e+05     1.646646e-19
 2.480000e+05     1.658553e-19
 2.500000e+05     1.671065e-19
 2.520000e+05     1.683934e-19
 2.540000e+05     1.697172e-19
 2.560000e+05     1.710661e-19
 2.580000e+05     1.724897e-19
 2.600000e+05     1.740546e-19
 2.620000e+05     1.756039e-19
 2.640000e+05     1.771435e-19
 2.660000e+05     1.787648e-19
 2.680000e+05     1.804162e-19
 2.700000e+05     1.820839e-19
 2.720000e+05     1.837835e-19
 2.740000e+05     1.855499e-19
 2.760000e+05     1.873978e-19
 2.780000e+05     1.893043e-19
 2.800000e+05     1.912237e-19
 2.820000e+05     1.931712e-19
 2.840000e+05     1.951695e-19
 2.860000e+05     1.972704e-19
 2.880000e+05     1.993797e-19
 2.900000e+05     2.014660e-19
 2.920000e+05     2.036102e-19
 2.940000e+05     2.057969e-19
 2.960000e+05     2.080021e-19
 2.980000e+05     2.102248e-19
 3.000000e+05     2.124717e-19
 3.020000e+05     2.147580e-19
 3.040000e+05     2.170950e-19
 3.060000e+05     2.194723e-19
 3.080000e+05     2.218923e-19
 3.100000e+05     2.243362e-19
 3.120000e+05     2.268050e-19
 3.140000e+05     2.293375e-19
 3.160000e+05     2.319095e-19
 3.180000e+05     2.345032e-19
 3.200000e+05     2.371408e-19
 3.220000e+05     2.398410e-19
 3.240000e+05     2.426043e-19
 3.260000e+05     2.454257e-19
 3.280000e+05     2.482997e-19
 3.300000e+05     2.512262e-19
 3.320000e+05     2.542427e-19
 3.340000e+05     2.575392e-19
 3.360000e+05     2.612508e-19
 3.380000e+05     2.646181e-19
 3.400000e+05     2.677836e-19
 3.420000e+05     2.709726e-19
 3.440000e+05     2.742265e-19
 3.460000e+05     2.775777e-19
 3.480000e+05     2.815084e-19
 3.500000e+05     2.858431e-19
 3.520000e+05     2.894942e-19
 3.540000e+05     2.930805e-19
 3.560000e+05     2.966430e-19
 3.580000e+05     3.001609e-19
 3.600000e+05     3.037956e-19
 3.620000e+05     3.074969e-19
 3.640000e+05     3.112457e-19
 3.660000e+05     3.149933e-19
 3.680000e+05     3.187816e-19
 3.700000e+05     3.226938e-19
 3.720000e+05     3.265902e-19
 3.740000e+05     3.305525e-19
 3.760000e+05     3.345546e-19
 3.780000e+05     3.386245e-19
 3.800000e+05     3.426717e-19
 3.820000e+05     3.469421e-19
 3.840000e+05     3.509582e-19
 3.860000e+05     3.551728e-19
 3.880000e+05     3.595253e-19
 3.900000e+05     3.638565e-19
 3.920000e+05     3.681995e-19
 4.320000e+05     4.643818e-19
 4.760000e+05     5.891259e-19
 5.250000e+05     7.493526e-19
 5.790000e+05     9.489449e-19
 6.390000e+05     1.193999e-18
 7.040000e+05     1.480749e-18
 7.760000e+05     1.828746e-18
 8.560000e+05     2.262531e-18
 9.430000e+05     2.787893e-18
 1.040000e+06     3.426241e-18
 1.147000e+06     4.164294e-18
 1.264000e+06     4.962434e-18
 1.394000e+06     5.775169e-18
 1.537000e+06     6.521351e-18
 1.694000e+06     7.126536e-18
 1.868000e+06     7.533302e-18
 2.059000e+06     7.700505e-18
 2.270000e+06     7.619825e-18
 2.503000e+06     7.308889e-18
 2.760000e+06     6.808528e-18
 3.043000e+06     6.173922e-18
 3.354000e+06     5.464087e-18
 3.698000e+06     4.726751e-18
 4.077000e+06     4.008433e-18
 4.495000e+06     3.339771e-18
 4.956000e+06     2.740461e-18
 5.464000e+06     2.220247e-18
 6.024000e+06     1.780074e-18
 6.641000e+06     1.415766e-18
 7.322000e+06     1.119087e-18
 8.073000e+06     8.812003e-19
 8.900000e+06     6.928229e-19
 9.813000e+06     5.444951e-19
 1.082000e+07     4.285194e-19
 1.193000e+07     3.382182e-19
 1.315000e+07     2.680597e-19
 1.450000e+07     2.131619e-19
 1.598000e+07     1.705260e-19
 1.762000e+07     1.370061e-19
 1.943000e+07     1.107768e-19
 2.142000e+07     9.035355e-20
 2.362000e+07     7.442629e-20
 2.604000e+07     6.214827e-20
 2.871000e+07     5.274529e-20
 3.165000e+07     4.565273e-20
 3.489000e+07     4.039295e-20
 3.847000e+07     3.658269e-20
 4.241000e+07     3.393504e-20
 4.676000e+07     3.220325e-20
 5.155000e+07     3.120311e-20
 5.683000e+07     3.078468e-20
 6.266000e+07     3.083240e-20
 6.908000e+07     3.125646e-20
 7.616000e+07     3.198935e-20
 8.397000e+07     3.297947e-20
 9.258000e+07     3.418588e-20
 1.020700e+08     3.557737e-20
 1.125300e+08     3.713266e-20
 1.240600e+08     3.883748e-20
 1.367800e+08     4.068350e-20
 1.508000e+08     4.266262e-20
 1.662500e+08     4.477093e-20
 1.833000e+08     4.701135e-20
 2.020800e+08     4.938089e-20
 2.228000e+08     5.188612e-20
 2.456300e+08     5.452798e-20
 2.708100e+08     5.731425e-20
 2.985700e+08     6.024943e-20
 3.291700e+08     6.334047e-20
 3.629100e+08     6.659567e-20
 4.001100e+08     7.002278e-20
 4.411200e+08     7.362969e-20
 4.863400e+08     7.742673e-20
 5.361900e+08     8.142285e-20
 5.911500e+08     8.562878e-20
 6.517400e+08     9.005581e-20
 7.185400e+08     9.471595e-20
 7.921900e+08     9.962263e-20
 8.733900e+08     1.047883e-19
 9.629200e+08     1.102266e-19
 1.000000e+09     1.124090e-19
