## EBL from Khaire & Srianand 2018; Q15 Model with alpha=-1.5 
## Column1:wavelength (Angstrom);  Column2:EBL specific intensity J_nu (erg/s/cm^2/Hz/Sr)
## ===========================================================================================
 1.000000e-08     9.939725e-37
 1.122019e-08     1.447195e-36
 1.258925e-08     2.084309e-36
 1.412538e-08     2.953995e-36
 1.584893e-08     4.112413e-36
 1.778279e-08     5.624245e-36
 1.995263e-08     7.563765e-36
 2.238721e-08     1.001606e-35
 2.511887e-08     1.307857e-35
 2.818382e-08     1.686273e-35
 3.162278e-08     2.149619e-35
 3.548135e-08     2.712515e-35
 3.981071e-08     3.391744e-35
 4.466837e-08     4.206617e-35
 5.011870e-08     5.179348e-35
 5.623413e-08     6.335593e-35
 6.309576e-08     7.704952e-35
 7.079456e-08     9.321634e-35
 7.943284e-08     1.122527e-34
 8.912505e-08     1.346164e-34
 1.000000e-07     1.608389e-34
 1.122019e-07     1.915349e-34
 1.258925e-07     2.274162e-34
 1.412538e-07     2.693097e-34
 1.584892e-07     3.181711e-34
 1.778279e-07     3.751109e-34
 1.995263e-07     4.414140e-34
 2.238721e-07     5.185699e-34
 2.511887e-07     6.083065e-34
 2.818382e-07     7.126243e-34
 3.162278e-07     8.338450e-34
 3.548136e-07     9.746565e-34
 3.981071e-07     1.138173e-33
 4.466837e-07     1.328009e-33
 5.011870e-07     1.548348e-33
 5.623413e-07     1.804043e-33
 6.309576e-07     2.100713e-33
 7.079456e-07     2.444871e-33
 7.943284e-07     2.844070e-33
 8.912505e-07     3.307052e-33
 1.000000e-06     3.843965e-33
 1.122019e-06     4.466551e-33
 1.258925e-06     5.188416e-33
 1.412538e-06     6.025355e-33
 1.584893e-06     6.995631e-33
 1.778279e-06     8.120439e-33
 1.995263e-06     9.424334e-33
 2.238721e-06     1.093575e-32
 2.511887e-06     1.268766e-32
 2.818382e-06     1.471825e-32
 3.162278e-06     1.707181e-32
 3.548136e-06     1.979964e-32
 3.981071e-06     2.296112e-32
 4.466837e-06     2.662521e-32
 5.011870e-06     3.087165e-32
 5.623413e-06     3.579300e-32
 6.309576e-06     4.149641e-32
 7.079456e-06     4.810600e-32
 7.943284e-06     5.576581e-32
 8.912505e-06     6.464246e-32
 1.000000e-05     7.492935e-32
 1.122019e-05     8.685035e-32
 1.258925e-05     1.006647e-31
 1.412538e-05     1.166736e-31
 1.584893e-05     1.352249e-31
 1.778279e-05     1.567227e-31
 1.995263e-05     1.816349e-31
 2.238721e-05     2.105032e-31
 2.511887e-05     2.439564e-31
 2.818382e-05     2.827218e-31
 3.162278e-05     3.276436e-31
 3.548135e-05     3.796990e-31
 3.981071e-05     4.400203e-31
 4.466837e-05     5.099209e-31
 5.011870e-05     5.909203e-31
 5.623413e-05     6.847827e-31
 6.309577e-05     7.935497e-31
 7.079457e-05     9.195862e-31
 7.943284e-05     1.065637e-30
 8.912505e-05     1.234877e-30
 1.000000e-04     1.430991e-30
 1.122018e-04     1.658243e-30
 1.258926e-04     1.921479e-30
 1.412538e-04     2.222995e-30
 1.584893e-04     2.569548e-30
 1.778279e-04     2.969458e-30
 1.995262e-04     3.432435e-30
 2.238722e-04     3.969751e-30
 2.511887e-04     4.594502e-30
 2.818383e-04     5.321986e-30
 3.162278e-04     6.170141e-30
 3.548134e-04     7.160062e-30
 3.981073e-04     8.316634e-30
 4.466837e-04     9.669230e-30
 5.011873e-04     1.125260e-29
 5.623413e-04     1.310787e-29
 6.309572e-04     1.528376e-29
 7.079460e-04     1.783804e-29
 7.943284e-04     2.083921e-29
 8.912510e-04     2.436858e-29
 1.000000e-03     2.852278e-29
 1.122018e-03     3.341660e-29
 1.258926e-03     3.918664e-29
 1.412538e-03     4.599523e-29
 1.584893e-03     5.403576e-29
 1.778279e-03     6.353859e-29
 1.995262e-03     7.477814e-29
 2.238722e-03     8.808163e-29
 2.511887e-03     1.038391e-28
 2.818383e-03     1.225161e-28
 3.162278e-03     1.446684e-28
 3.548133e-03     1.709595e-28
 3.981073e-03     2.021821e-28
 4.466837e-03     2.392829e-28
 5.011873e-03     2.833948e-28
 5.623413e-03     3.358736e-28
 6.309573e-03     3.983463e-28
 7.079460e-03     4.727736e-28
 7.943284e-03     5.615329e-28
 8.912510e-03     6.675337e-28
 1.000000e-02     7.943695e-28
 1.122019e-02     9.465169e-28
 1.258925e-02     1.129576e-27
 1.412538e-02     1.350567e-27
 1.584894e-02     1.618229e-27
 1.778279e-02     1.943364e-27
 1.995263e-02     2.339180e-27
 2.238721e-02     2.821617e-27
 2.511887e-02     3.409722e-27
 2.818385e-02     4.126012e-27
 3.162277e-02     4.996905e-27
 3.548136e-02     6.053286e-27
 3.981071e-02     7.331072e-27
 4.466837e-02     8.872147e-27
 5.011876e-02     1.072530e-26
 5.623413e-02     1.294755e-26
 6.309576e-02     1.560586e-26
 7.079456e-02     1.877891e-26
 7.943284e-02     2.255971e-26
 8.912515e-02     2.705828e-26
 1.000000e-01     3.240516e-26
 1.122019e-01     3.875734e-26
 1.258925e-01     4.620417e-26
 1.412538e-01     5.466258e-26
 1.584894e-01     6.402677e-26
 1.778279e-01     7.418548e-26
 1.995263e-01     8.503180e-26
 2.238721e-01     9.646754e-26
 2.511887e-01     1.084060e-25
 2.818385e-01     1.207718e-25
 3.162278e-01     1.335010e-25
 3.548135e-01     1.465405e-25
 3.981071e-01     1.598474e-25
 4.466837e-01     1.733886e-25
 5.011876e-01     1.871400e-25
 5.623413e-01     2.010855e-25
 6.309576e-01     2.151905e-25
 7.079456e-01     2.288865e-25
 7.943284e-01     2.423802e-25
 8.912515e-01     2.559216e-25
 1.000000e+00     2.697402e-25
 1.122019e+00     2.840393e-25
 1.258925e+00     2.990037e-25
 1.412538e+00     3.148153e-25
 1.584894e+00     3.316669e-25
 1.778279e+00     3.497765e-25
 1.995263e+00     3.694000e-25
 2.238721e+00     3.908417e-25
 2.511887e+00     4.144678e-25
 2.818385e+00     4.407191e-25
 3.162278e+00     4.701264e-25
 3.548136e+00     5.033307e-25
 3.981071e+00     5.411026e-25
 4.466837e+00     5.843724e-25
 5.011876e+00     6.342585e-25
 5.623413e+00     6.921063e-25
 6.309576e+00     7.594409e-25
 7.079456e+00     8.361312e-25
 7.943284e+00     9.250982e-25
 8.912516e+00     1.029847e-24
 1.000000e+01     1.154303e-24
 1.122019e+01     1.302852e-24
 1.258925e+01     1.480416e-24
 1.412538e+01     1.692547e-24
 1.584894e+01     1.945467e-24
 1.778279e+01     2.246069e-24
 1.995263e+01     2.601794e-24
 2.238721e+01     3.020305e-24
 2.511887e+01     3.508970e-24
 2.818385e+01     4.073962e-24
 3.162278e+01     4.719035e-24
 3.548135e+01     5.444389e-24
 3.981071e+01     6.243926e-24
 4.466837e+01     7.104687e-24
 5.011876e+01     8.013472e-24
 5.623413e+01     9.010123e-24
 6.309576e+01     1.002915e-23
 7.079456e+01     1.115862e-23
 7.943284e+01     1.243500e-23
 8.912515e+01     1.393398e-23
 1.000000e+02     1.567029e-23
 1.120000e+02     1.764874e-23
 1.250000e+02     1.980411e-23
 1.400000e+02     2.218136e-23
 1.550000e+02     2.450821e-23
 1.650000e+02     2.596995e-23
 1.750000e+02     2.734193e-23
 1.850000e+02     2.865267e-23
 1.900000e+02     2.928706e-23
 1.950000e+02     2.995943e-23
 2.000000e+02     3.061068e-23
 2.050000e+02     3.137896e-23
 2.100000e+02     3.231251e-23
 2.150000e+02     3.372582e-23
 2.180000e+02     3.499997e-23
 2.210000e+02     3.680005e-23
 2.240000e+02     3.938001e-23
 2.260000e+02     4.170737e-23
 2.270000e+02     4.314492e-23
 2.275000e+02     4.399616e-23
 2.278400e+02     4.454980e-23
 2.380000e+02     5.276353e-23
 2.500000e+02     6.245107e-23
 2.700000e+02     7.683056e-23
 2.900000e+02     8.906830e-23
 3.035000e+02     9.751422e-23
 3.037800e+02     1.458502e-22
 3.045000e+02     1.460078e-22
 3.060000e+02     1.464196e-22
 3.080000e+02     1.469947e-22
 3.100000e+02     1.475771e-22
 3.120000e+02     1.481665e-22
 3.150000e+02     1.490784e-22
 3.200000e+02     1.500692e-22
 3.250000e+02     1.511150e-22
 3.300000e+02     1.524982e-22
 3.400000e+02     1.544517e-22
 3.600000e+02     1.582525e-22
 3.800000e+02     1.614867e-22
 4.050000e+02     1.674295e-22
 4.250000e+02     1.739999e-22
 4.500000e+02     1.826467e-22
 4.650000e+02     1.893153e-22
 4.750000e+02     1.932889e-22
 4.820000e+02     1.961606e-22
 4.870000e+02     1.995397e-22
 4.910000e+02     2.015626e-22
 4.950000e+02     2.034359e-22
 4.980000e+02     2.047698e-22
 5.000000e+02     2.056558e-22
 5.020000e+02     2.064502e-22
 5.039800e+02     2.072408e-22
 5.100000e+02     2.105494e-22
 5.250000e+02     2.188484e-22
 5.600000e+02     2.380476e-22
 6.000000e+02     2.614768e-22
 6.500000e+02     2.908409e-22
 7.000000e+02     3.212262e-22
 7.500000e+02     3.538394e-22
 8.000000e+02     3.905159e-22
 8.300000e+02     4.148017e-22
 8.600000e+02     4.430140e-22
 8.800000e+02     4.633951e-22
 8.900000e+02     4.746949e-22
 8.960000e+02     4.811955e-22
 9.000000e+02     4.857322e-22
 9.030000e+02     4.891618e-22
 9.060000e+02     4.926147e-22
 9.090000e+02     4.960914e-22
 9.117800e+02     5.009309e-22
 9.300000e+02     7.323442e-22
 9.500000e+02     7.639471e-22
 9.750000e+02     1.083709e-21
 9.900000e+02     1.192266e-21
 1.005000e+03     1.396904e-21
 1.025000e+03     1.657337e-21
 1.045000e+03     1.946851e-21
 1.065000e+03     2.305736e-21
 1.085000e+03     2.729698e-21
 1.105000e+03     3.132508e-21
 1.125000e+03     3.612548e-21
 1.145000e+03     4.048769e-21
 1.165000e+03     4.572086e-21
 1.185000e+03     5.056406e-21
 1.205000e+03     5.565125e-21
 1.215600e+03     5.805493e-21
 1.215670e+03     5.971273e-21
 1.216000e+03     5.977877e-21
 1.218000e+03     6.017859e-21
 1.221000e+03     6.076533e-21
 1.225000e+03     6.154413e-21
 1.230000e+03     6.262695e-21
 1.240000e+03     6.500816e-21
 1.250000e+03     6.777388e-21
 1.265000e+03     7.227525e-21
 1.285000e+03     7.866339e-21
 1.305000e+03     8.533757e-21
 1.325000e+03     9.193591e-21
 1.345000e+03     9.859041e-21
 1.365000e+03     1.056970e-20
 1.385000e+03     1.125803e-20
 1.405000e+03     1.195123e-20
 1.425000e+03     1.262426e-20
 1.442000e+03     1.320164e-20
 1.455000e+03     1.368271e-20
 1.475000e+03     1.440704e-20
 1.517000e+03     1.582200e-20
 1.595000e+03     1.824376e-20
 1.672000e+03     2.058833e-20
 1.745000e+03     2.271333e-20
 1.825000e+03     2.488609e-20
 1.905000e+03     2.677482e-20
 1.984000e+03     2.845471e-20
 2.065000e+03     2.992604e-20
 2.135000e+03     3.093378e-20
 2.215000e+03     3.192299e-20
 2.295000e+03     3.285818e-20
 2.375000e+03     3.378459e-20
 2.455000e+03     3.473676e-20
 2.525000e+03     3.556913e-20
 2.605000e+03     3.656179e-20
 2.685000e+03     3.769568e-20
 2.765000e+03     3.875627e-20
 2.845000e+03     3.964231e-20
 2.950000e+03     4.101194e-20
 3.110000e+03     4.312794e-20
 3.270000e+03     4.507538e-20
 3.430000e+03     4.698070e-20
 3.590000e+03     4.880747e-20
 3.730000e+03     5.052544e-20
 3.890000e+03     5.449624e-20
 4.050000e+03     5.838297e-20
 4.210000e+03     6.467139e-20
 4.370000e+03     7.051561e-20
 4.530000e+03     7.626222e-20
 4.690000e+03     8.202481e-20
 4.850000e+03     8.718724e-20
 5.010000e+03     9.169928e-20
 5.170000e+03     9.627093e-20
 5.330000e+03     1.005956e-19
 5.490000e+03     1.048115e-19
 5.650000e+03     1.089455e-19
 5.810000e+03     1.129796e-19
 5.970000e+03     1.165760e-19
 6.130000e+03     1.201266e-19
 6.290000e+03     1.232883e-19
 6.450000e+03     1.263610e-19
 6.610000e+03     1.291443e-19
 6.770000e+03     1.319493e-19
 6.930000e+03     1.345477e-19
 7.090000e+03     1.369510e-19
 7.250000e+03     1.392084e-19
 7.410000e+03     1.413857e-19
 7.570000e+03     1.434968e-19
 7.730000e+03     1.456699e-19
 7.890000e+03     1.476807e-19
 8.050000e+03     1.496028e-19
 8.210000e+03     1.514404e-19
 8.370000e+03     1.532322e-19
 8.530000e+03     1.549096e-19
 8.690000e+03     1.565390e-19
 8.850000e+03     1.583017e-19
 9.010000e+03     1.599867e-19
 9.170000e+03     1.616422e-19
 9.330000e+03     1.633414e-19
 9.490000e+03     1.651733e-19
 9.650000e+03     1.667575e-19
 9.810000e+03     1.683878e-19
 9.970000e+03     1.700030e-19
 1.050000e+04     1.746327e-19
 1.150000e+04     1.805666e-19
 1.250000e+04     1.852234e-19
 1.350000e+04     1.886433e-19
 1.450000e+04     1.916177e-19
 1.550000e+04     1.948941e-19
 1.650000e+04     1.975970e-19
 1.750000e+04     1.984071e-19
 1.850000e+04     1.972295e-19
 1.950000e+04     1.943884e-19
 2.050000e+04     1.906709e-19
 2.150000e+04     1.864468e-19
 2.250000e+04     1.816554e-19
 2.350000e+04     1.758243e-19
 2.450000e+04     1.688339e-19
 2.550000e+04     1.625361e-19
 2.650000e+04     1.563417e-19
 2.750000e+04     1.508161e-19
 2.850000e+04     1.457255e-19
 2.950000e+04     1.408922e-19
 3.050000e+04     1.362570e-19
 3.150000e+04     1.317841e-19
 3.250000e+04     1.274368e-19
 3.350000e+04     1.232036e-19
 3.450000e+04     1.191019e-19
 3.550000e+04     1.151684e-19
 3.650000e+04     1.113801e-19
 3.750000e+04     1.078758e-19
 3.850000e+04     1.046216e-19
 3.950000e+04     1.014182e-19
 4.050000e+04     9.797541e-20
 4.150000e+04     9.464587e-20
 4.250000e+04     9.162090e-20
 4.350000e+04     8.881881e-20
 4.450000e+04     8.612599e-20
 4.550000e+04     8.354532e-20
 4.650000e+04     8.113555e-20
 4.750000e+04     7.893326e-20
 4.850000e+04     7.695407e-20
 4.950000e+04     7.522472e-20
 5.050000e+04     7.378581e-20
 5.150000e+04     7.267059e-20
 5.250000e+04     7.190351e-20
 5.350000e+04     7.223931e-20
 5.450000e+04     7.245907e-20
 5.550000e+04     7.359266e-20
 5.650000e+04     7.560671e-20
 5.750000e+04     7.822121e-20
 5.850000e+04     7.995601e-20
 5.950000e+04     8.145800e-20
 6.050000e+04     8.513087e-20
 6.150000e+04     9.251565e-20
 6.250000e+04     1.114396e-19
 6.350000e+04     1.258433e-19
 6.450000e+04     1.311323e-19
 6.550000e+04     1.334854e-19
 6.650010e+04     1.373490e-19
 6.750010e+04     1.405973e-19
 6.850010e+04     1.438801e-19
 6.950010e+04     1.486066e-19
 7.020000e+04     1.538420e-19
 7.100000e+04     1.590940e-19
 7.180000e+04     1.646692e-19
 7.260000e+04     1.705637e-19
 7.340000e+04     1.781422e-19
 7.420000e+04     1.889104e-19
 7.500000e+04     2.041021e-19
 7.580000e+04     2.231133e-19
 7.660000e+04     2.444226e-19
 7.740000e+04     2.642007e-19
 7.820000e+04     2.826906e-19
 7.900000e+04     2.990188e-19
 7.980000e+04     3.111739e-19
 8.060000e+04     3.198195e-19
 8.140000e+04     3.250395e-19
 8.220000e+04     3.285581e-19
 8.300000e+04     3.315872e-19
 8.380000e+04     3.343875e-19
 8.460000e+04     3.371118e-19
 8.540000e+04     3.405987e-19
 8.620000e+04     3.448192e-19
 8.700000e+04     3.478044e-19
 8.780000e+04     3.479477e-19
 8.860000e+04     3.456011e-19
 8.940000e+04     3.420157e-19
 9.020000e+04     3.378860e-19
 9.100000e+04     3.330977e-19
 9.180000e+04     3.280285e-19
 9.260000e+04     3.229441e-19
 9.340000e+04     3.178067e-19
 9.420000e+04     3.127550e-19
 9.500000e+04     3.076743e-19
 9.580000e+04     3.025910e-19
 9.660000e+04     2.981178e-19
 9.740000e+04     2.940268e-19
 9.820000e+04     2.894461e-19
 9.900000e+04     2.847880e-19
 9.980000e+04     2.802844e-19
 1.006000e+05     2.758594e-19
 1.020000e+05     2.688796e-19
 1.040000e+05     2.601383e-19
 1.060000e+05     2.543533e-19
 1.080000e+05     2.509208e-19
 1.100000e+05     2.501408e-19
 1.120000e+05     2.629774e-19
 1.140000e+05     2.913238e-19
 1.160000e+05     3.037983e-19
 1.180000e+05     3.070707e-19
 1.200000e+05     3.147722e-19
 1.220000e+05     3.239871e-19
 1.240000e+05     3.357716e-19
 1.260000e+05     3.520113e-19
 1.280000e+05     3.802503e-19
 1.300000e+05     4.035895e-19
 1.320000e+05     4.128100e-19
 1.340000e+05     4.129410e-19
 1.360000e+05     4.252764e-19
 1.380000e+05     4.298911e-19
 1.400000e+05     4.358071e-19
 1.420000e+05     4.438957e-19
 1.440000e+05     4.501238e-19
 1.460000e+05     4.568317e-19
 1.480000e+05     4.632818e-19
 1.500000e+05     4.699311e-19
 1.520000e+05     4.772040e-19
 1.540000e+05     4.843760e-19
 1.560000e+05     4.948766e-19
 1.580000e+05     5.038917e-19
 1.600000e+05     5.125653e-19
 1.620000e+05     5.211134e-19
 1.640000e+05     5.332853e-19
 1.660000e+05     5.489705e-19
 1.680000e+05     5.625172e-19
 1.700000e+05     5.784453e-19
 1.720000e+05     5.970433e-19
 1.740000e+05     6.115823e-19
 1.760000e+05     6.247962e-19
 1.780000e+05     6.350235e-19
 1.800000e+05     6.456957e-19
 1.820000e+05     6.549328e-19
 1.840000e+05     6.644246e-19
 1.860000e+05     6.751566e-19
 1.880000e+05     6.923867e-19
 1.900000e+05     7.050765e-19
 1.920000e+05     7.182530e-19
 1.940000e+05     7.306523e-19
 1.960000e+05     7.449754e-19
 1.980000e+05     7.612834e-19
 2.000000e+05     7.782102e-19
 2.020000e+05     7.952876e-19
 2.040000e+05     8.141390e-19
 2.060000e+05     8.327469e-19
 2.080000e+05     8.504059e-19
 2.100000e+05     8.710215e-19
 2.120000e+05     8.921104e-19
 2.140000e+05     9.132782e-19
 2.160000e+05     9.377660e-19
 2.180000e+05     9.636653e-19
 2.200000e+05     9.880584e-19
 2.220000e+05     1.014187e-18
 2.240000e+05     1.043430e-18
 2.260000e+05     1.071463e-18
 2.280000e+05     1.099053e-18
 2.300000e+05     1.129653e-18
 2.320000e+05     1.162012e-18
 2.340000e+05     1.194264e-18
 2.360000e+05     1.226966e-18
 2.380000e+05     1.261811e-18
 2.400000e+05     1.298444e-18
 2.420000e+05     1.335085e-18
 2.440000e+05     1.372026e-18
 2.460000e+05     1.411227e-18
 2.480000e+05     1.452246e-18
 2.500000e+05     1.494094e-18
 2.520000e+05     1.536384e-18
 2.540000e+05     1.579418e-18
 2.560000e+05     1.624158e-18
 2.580000e+05     1.671378e-18
 2.600000e+05     1.720691e-18
 2.620000e+05     1.769173e-18
 2.640000e+05     1.817288e-18
 2.660000e+05     1.867143e-18
 2.680000e+05     1.919606e-18
 2.700000e+05     1.973791e-18
 2.720000e+05     2.027867e-18
 2.740000e+05     2.081084e-18
 2.760000e+05     2.136329e-18
 2.780000e+05     2.195079e-18
 2.800000e+05     2.256481e-18
 2.820000e+05     2.319281e-18
 2.840000e+05     2.380760e-18
 2.860000e+05     2.441396e-18
 2.880000e+05     2.503210e-18
 2.900000e+05     2.568117e-18
 2.920000e+05     2.634395e-18
 2.940000e+05     2.702071e-18
 2.960000e+05     2.771552e-18
 2.980000e+05     2.840833e-18
 3.000000e+05     2.910228e-18
 3.020000e+05     2.982255e-18
 3.040000e+05     3.056624e-18
 3.060000e+05     3.131711e-18
 3.080000e+05     3.208457e-18
 3.100000e+05     3.285505e-18
 3.120000e+05     3.361490e-18
 3.140000e+05     3.440600e-18
 3.160000e+05     3.522901e-18
 3.180000e+05     3.605675e-18
 3.200000e+05     3.691336e-18
 3.220000e+05     3.779606e-18
 3.240000e+05     3.868464e-18
 3.260000e+05     3.959110e-18
 3.280000e+05     4.049603e-18
 3.300000e+05     4.141410e-18
 3.320000e+05     4.234984e-18
 3.340000e+05     4.341044e-18
 3.360000e+05     4.454345e-18
 3.380000e+05     4.562773e-18
 3.400000e+05     4.660421e-18
 3.420000e+05     4.758445e-18
 3.440000e+05     4.861083e-18
 3.460000e+05     4.965860e-18
 3.480000e+05     5.079372e-18
 3.500000e+05     5.199042e-18
 3.520000e+05     5.308036e-18
 3.540000e+05     5.412623e-18
 3.560000e+05     5.513545e-18
 3.580000e+05     5.611904e-18
 3.600000e+05     5.715862e-18
 3.620000e+05     5.817081e-18
 3.640000e+05     5.917199e-18
 3.660000e+05     6.017687e-18
 3.680000e+05     6.119688e-18
 3.700000e+05     6.224959e-18
 3.720000e+05     6.330771e-18
 3.740000e+05     6.435689e-18
 3.760000e+05     6.542486e-18
 3.780000e+05     6.651517e-18
 3.800000e+05     6.763227e-18
 3.820000e+05     6.874296e-18
 3.840000e+05     6.987459e-18
 3.860000e+05     7.101298e-18
 3.880000e+05     7.216376e-18
 3.900000e+05     7.334552e-18
 3.920000e+05     7.453837e-18
 4.320000e+05     9.968871e-18
 4.760000e+05     1.296648e-17
 5.250000e+05     1.643588e-17
 5.790000e+05     2.023380e-17
 6.390000e+05     2.420147e-17
 7.040000e+05     2.787013e-17
 7.760000e+05     3.091467e-17
 8.560000e+05     3.304715e-17
 9.430000e+05     3.408861e-17
 1.040000e+06     3.404569e-17
 1.147000e+06     3.300098e-17
 1.264000e+06     3.114962e-17
 1.394000e+06     2.868086e-17
 1.537000e+06     2.584956e-17
 1.694000e+06     2.286844e-17
 1.868000e+06     1.988731e-17
 2.059000e+06     1.706738e-17
 2.270000e+06     1.447947e-17
 2.503000e+06     1.217555e-17
 2.760000e+06     1.017381e-17
 3.043000e+06     8.468016e-18
 3.354000e+06     7.033975e-18
 3.698000e+06     5.830513e-18
 4.077000e+06     4.828623e-18
 4.495000e+06     3.993968e-18
 4.956000e+06     3.297613e-18
 5.464000e+06     2.715922e-18
 6.024000e+06     2.229352e-18
 6.641000e+06     1.823109e-18
 7.322000e+06     1.484928e-18
 8.073000e+06     1.205794e-18
 8.900000e+06     9.780959e-19
 9.813000e+06     7.942927e-19
 1.082000e+07     6.482674e-19
 1.193000e+07     5.342579e-19
 1.315000e+07     4.470274e-19
 1.450000e+07     3.812310e-19
 1.598000e+07     3.331610e-19
 1.762000e+07     2.987475e-19
 1.943000e+07     2.752466e-19
 2.142000e+07     2.602983e-19
 2.362000e+07     2.519170e-19
 2.604000e+07     2.486542e-19
 2.871000e+07     2.493687e-19
 3.165000e+07     2.532111e-19
 3.489000e+07     2.595451e-19
 3.847000e+07     2.679242e-19
 4.241000e+07     2.779717e-19
 4.676000e+07     2.894734e-19
 5.155000e+07     3.022217e-19
 5.683000e+07     3.161150e-19
 6.266000e+07     3.311001e-19
 6.908000e+07     3.471039e-19
 7.616000e+07     3.641142e-19
 8.397000e+07     3.821464e-19
 9.258000e+07     4.012023e-19
 1.020700e+08     4.212885e-19
 1.125300e+08     4.424396e-19
 1.240600e+08     4.647104e-19
 1.367800e+08     4.881612e-19
 1.508000e+08     5.128110e-19
 1.662500e+08     5.387221e-19
 1.833000e+08     5.659845e-19
 2.020800e+08     5.946116e-19
 2.228000e+08     6.247282e-19
 2.456300e+08     6.563579e-19
 2.708100e+08     6.896171e-19
 2.985700e+08     7.245767e-19
 3.291700e+08     7.613116e-19
 3.629100e+08     7.999257e-19
 4.001100e+08     8.405091e-19
 4.411200e+08     8.831518e-19
 4.863400e+08     9.279688e-19
 5.361900e+08     9.750766e-19
 5.911500e+08     1.024591e-18
 6.517400e+08     1.076630e-18
 7.185400e+08     1.131310e-18
 7.921900e+08     1.188766e-18
 8.733900e+08     1.249140e-18
 9.629200e+08     1.312598e-18
 1.000000e+09     1.338026e-18
