## EBL from Khaire & Srianand 2018; Q15 Model with alpha=-1.5 
## Column1:wavelength (Angstrom);  Column2:EBL specific intensity J_nu (erg/s/cm^2/Hz/Sr)
## ===========================================================================================
 1.000000e-08     1.147413e-38
 1.122019e-08     1.668904e-38
 1.258925e-08     2.384493e-38
 1.412538e-08     3.336379e-38
 1.584893e-08     4.575942e-38
 1.778279e-08     6.163191e-38
 1.995263e-08     8.167069e-38
 2.238721e-08     1.066634e-37
 2.511887e-08     1.375099e-37
 2.818382e-08     1.752386e-37
 3.162278e-08     2.210280e-37
 3.548135e-08     2.762295e-37
 3.981071e-08     3.423974e-37
 4.466837e-08     4.213232e-37
 5.011870e-08     5.150718e-37
 5.623413e-08     6.260313e-37
 6.309576e-08     7.569606e-37
 7.079456e-08     9.110514e-37
 7.943284e-08     1.092004e-36
 8.912505e-08     1.304096e-36
 1.000000e-07     1.552294e-36
 1.122019e-07     1.842345e-36
 1.258925e-07     2.180907e-36
 1.412538e-07     2.575712e-36
 1.584892e-07     3.035698e-36
 1.778279e-07     3.571253e-36
 1.995263e-07     4.194396e-36
 2.238721e-07     4.919058e-36
 2.511887e-07     5.761402e-36
 2.818382e-07     6.740138e-36
 3.162278e-07     7.876981e-36
 3.548136e-07     9.197071e-36
 3.981071e-07     1.072954e-35
 4.466837e-07     1.250819e-35
 5.011870e-07     1.457212e-35
 5.623413e-07     1.696675e-35
 6.309576e-07     1.974463e-35
 7.079456e-07     2.296664e-35
 7.943284e-07     2.670345e-35
 8.912505e-07     3.103678e-35
 1.000000e-06     3.606154e-35
 1.122019e-06     4.188755e-35
 1.258925e-06     4.864204e-35
 1.412538e-06     5.647270e-35
 1.584893e-06     6.555033e-35
 1.778279e-06     7.607314e-35
 1.995263e-06     8.827073e-35
 2.238721e-06     1.024090e-34
 2.511887e-06     1.187963e-34
 2.818382e-06     1.377897e-34
 3.162278e-06     1.598035e-34
 3.548136e-06     1.853171e-34
 3.981071e-06     2.148860e-34
 4.466837e-06     2.491551e-34
 5.011870e-06     2.888699e-34
 5.623413e-06     3.348961e-34
 6.309576e-06     3.882356e-34
 7.079456e-06     4.500491e-34
 7.943284e-06     5.216835e-34
 8.912505e-06     6.046967e-34
 1.000000e-05     7.008977e-34
 1.122019e-05     8.123794e-34
 1.258925e-05     9.415669e-34
 1.412538e-05     1.091275e-33
 1.584893e-05     1.264758e-33
 1.778279e-05     1.465794e-33
 1.995263e-05     1.698759e-33
 2.238721e-05     1.968718e-33
 2.511887e-05     2.281551e-33
 2.818382e-05     2.644059e-33
 3.162278e-05     3.064137e-33
 3.548135e-05     3.550921e-33
 3.981071e-05     4.115002e-33
 4.466837e-05     4.768658e-33
 5.011870e-05     5.526102e-33
 5.623413e-05     6.403828e-33
 6.309577e-05     7.420930e-33
 7.079457e-05     8.599519e-33
 7.943284e-05     9.965262e-33
 8.912505e-05     1.154785e-32
 1.000000e-04     1.338174e-32
 1.122018e-04     1.550681e-32
 1.258926e-04     1.796622e-32
 1.412538e-04     2.075363e-32
 1.584893e-04     2.396437e-32
 1.778279e-04     2.768609e-32
 1.995262e-04     3.201123e-32
 2.238722e-04     3.704475e-32
 2.511887e-04     4.290895e-32
 2.818383e-04     4.974779e-32
 3.162278e-04     5.773099e-32
 3.548134e-04     6.705900e-32
 3.981073e-04     7.796885e-32
 4.466837e-04     9.074081e-32
 5.011873e-04     1.057068e-31
 5.623413e-04     1.232601e-31
 6.309572e-04     1.438669e-31
 7.079460e-04     1.680804e-31
 7.943284e-04     1.965570e-31
 8.912510e-04     2.300765e-31
 1.000000e-03     2.695660e-31
 1.122018e-03     3.161277e-31
 1.258926e-03     3.710737e-31
 1.412538e-03     4.359645e-31
 1.584893e-03     5.126599e-31
 1.778279e-03     6.033764e-31
 1.995262e-03     7.107558e-31
 2.238722e-03     8.379495e-31
 2.511887e-03     9.887158e-31
 2.818383e-03     1.167543e-30
 3.162278e-03     1.379790e-30
 3.548133e-03     1.631857e-30
 3.981073e-03     1.931395e-30
 4.466837e-03     2.287546e-30
 5.011873e-03     2.711252e-30
 5.623413e-03     3.215630e-30
 6.309573e-03     3.816455e-30
 7.079460e-03     4.532818e-30
 7.943284e-03     5.388017e-30
 8.912510e-03     6.410810e-30
 1.000000e-02     7.637047e-30
 1.122019e-02     9.111747e-30
 1.258925e-02     1.089150e-29
 1.412538e-02     1.304724e-29
 1.584894e-02     1.566695e-29
 1.778279e-02     1.885845e-29
 1.995263e-02     2.275222e-29
 2.238721e-02     2.750379e-29
 2.511887e-02     3.329691e-29
 2.818385e-02     4.034653e-29
 3.162277e-02     4.890278e-29
 3.548136e-02     5.925655e-29
 3.981071e-02     7.174518e-29
 4.466837e-02     8.676197e-29
 5.011876e-02     1.047659e-28
 5.623413e-02     1.262950e-28
 6.309576e-02     1.519833e-28
 7.079456e-02     1.825787e-28
 7.943284e-02     2.189684e-28
 8.912515e-02     2.622047e-28
 1.000000e-01     3.135393e-28
 1.122019e-01     3.745094e-28
 1.258925e-01     4.449139e-28
 1.412538e-01     5.223324e-28
 1.584894e-01     6.054471e-28
 1.778279e-01     6.933996e-28
 1.995263e-01     7.855121e-28
 2.238721e-01     8.811938e-28
 2.511887e-01     9.799277e-28
 2.818385e-01     1.081265e-27
 3.162278e-01     1.184829e-27
 3.548135e-01     1.290321e-27
 3.981071e-01     1.397510e-27
 4.466837e-01     1.506237e-27
 5.011876e-01     1.616402e-27
 5.623413e-01     1.727965e-27
 6.309576e-01     1.840086e-27
 7.079456e-01     1.943621e-27
 7.943284e-01     2.047004e-27
 8.912515e-01     2.153655e-27
 1.000000e+00     2.265123e-27
 1.122019e+00     2.382474e-27
 1.258925e+00     2.506765e-27
 1.412538e+00     2.639214e-27
 1.584894e+00     2.781255e-27
 1.778279e+00     2.934561e-27
 1.995263e+00     3.101046e-27
 2.238721e+00     3.282840e-27
 2.511887e+00     3.482231e-27
 2.818385e+00     3.701523e-27
 3.162278e+00     3.942788e-27
 3.548136e+00     4.207452e-27
 3.981071e+00     4.495600e-27
 4.466837e+00     4.804997e-27
 5.011876e+00     5.129700e-27
 5.623413e+00     5.458452e-27
 6.309576e+00     5.761972e-27
 7.079456e+00     6.016413e-27
 7.943284e+00     6.189992e-27
 8.912516e+00     6.234571e-27
 1.000000e+01     6.214229e-27
 1.122019e+01     6.033706e-27
 1.258925e+01     5.739251e-27
 1.412538e+01     5.328736e-27
 1.584894e+01     4.838266e-27
 1.778279e+01     4.304923e-27
 1.995263e+01     3.767371e-27
 2.238721e+01     3.253209e-27
 2.511887e+01     2.781106e-27
 2.818385e+01     2.360454e-27
 3.162278e+01     1.993604e-27
 3.548135e+01     1.680032e-27
 3.981071e+01     1.414697e-27
 4.466837e+01     1.191640e-27
 5.011876e+01     1.005234e-27
 5.623413e+01     8.499871e-28
 6.309576e+01     7.205573e-28
 7.079456e+01     6.128242e-28
 7.943284e+01     5.232878e-28
 8.912515e+01     4.488300e-28
 1.000000e+02     3.870388e-28
 1.120000e+02     3.363860e-28
 1.250000e+02     2.954962e-28
 1.400000e+02     2.603213e-28
 1.550000e+02     2.340832e-28
 1.650000e+02     2.200820e-28
 1.750000e+02     2.083974e-28
 1.850000e+02     1.989990e-28
 1.900000e+02     1.959595e-28
 1.950000e+02     1.953648e-28
 2.000000e+02     1.998942e-28
 2.050000e+02     2.152308e-28
 2.100000e+02     2.528959e-28
 2.150000e+02     3.353773e-28
 2.180000e+02     4.227744e-28
 2.210000e+02     5.553544e-28
 2.240000e+02     7.536310e-28
 2.260000e+02     9.361372e-28
 2.270000e+02     1.046459e-27
 2.275000e+02     1.107070e-27
 2.278400e+02     1.150514e-27
 2.380000e+02     9.864842e-24
 2.500000e+02     2.135774e-23
 2.700000e+02     2.494550e-23
 2.900000e+02     2.713799e-23
 3.035000e+02     2.850569e-23
 3.037800e+02     3.084307e-23
 3.045000e+02     3.062896e-23
 3.060000e+02     3.030725e-23
 3.080000e+02     3.002539e-23
 3.100000e+02     2.989884e-23
 3.120000e+02     2.987353e-23
 3.150000e+02     2.993851e-23
 3.200000e+02     3.025417e-23
 3.250000e+02     3.067999e-23
 3.300000e+02     3.114320e-23
 3.400000e+02     3.211276e-23
 3.600000e+02     3.403446e-23
 3.800000e+02     3.593496e-23
 4.050000e+02     3.826699e-23
 4.250000e+02     4.009699e-23
 4.500000e+02     4.234680e-23
 4.650000e+02     4.367820e-23
 4.750000e+02     4.456365e-23
 4.820000e+02     4.517751e-23
 4.870000e+02     4.561423e-23
 4.910000e+02     4.595978e-23
 4.950000e+02     4.631100e-23
 4.980000e+02     4.656427e-23
 5.000000e+02     4.674174e-23
 5.020000e+02     4.691285e-23
 5.039800e+02     4.708603e-23
 5.100000e+02     5.371930e-23
 5.250000e+02     6.036493e-23
 5.600000e+02     6.550317e-23
 6.000000e+02     6.969669e-23
 6.500000e+02     7.534708e-23
 7.000000e+02     8.231045e-23
 7.500000e+02     9.163741e-23
 8.000000e+02     1.044456e-22
 8.300000e+02     1.143873e-22
 8.600000e+02     1.264612e-22
 8.800000e+02     1.358254e-22
 8.900000e+02     1.409602e-22
 8.960000e+02     1.441695e-22
 9.000000e+02     1.463833e-22
 9.030000e+02     1.480666e-22
 9.060000e+02     1.497839e-22
 9.090000e+02     1.515274e-22
 9.117800e+02     1.531824e-22
 9.300000e+02     7.251526e-22
 9.500000e+02     2.013774e-21
 9.750000e+02     3.644179e-21
 9.900000e+02     4.612127e-21
 1.005000e+03     5.531137e-21
 1.025000e+03     7.193519e-21
 1.045000e+03     8.478637e-21
 1.065000e+03     1.039568e-20
 1.085000e+03     1.208679e-20
 1.105000e+03     1.381274e-20
 1.125000e+03     1.550084e-20
 1.145000e+03     1.704765e-20
 1.165000e+03     1.864492e-20
 1.185000e+03     2.007521e-20
 1.205000e+03     2.143826e-20
 1.215600e+03     2.197501e-20
 1.215670e+03     2.449096e-20
 1.216000e+03     2.450412e-20
 1.218000e+03     2.458394e-20
 1.221000e+03     2.470292e-20
 1.225000e+03     2.481150e-20
 1.230000e+03     2.495232e-20
 1.240000e+03     2.552907e-20
 1.250000e+03     2.619294e-20
 1.265000e+03     2.712270e-20
 1.285000e+03     2.842660e-20
 1.305000e+03     2.996225e-20
 1.325000e+03     3.116610e-20
 1.345000e+03     3.249768e-20
 1.365000e+03     3.369625e-20
 1.385000e+03     3.484477e-20
 1.405000e+03     3.592709e-20
 1.425000e+03     3.682502e-20
 1.442000e+03     3.750851e-20
 1.455000e+03     3.810299e-20
 1.475000e+03     3.921690e-20
 1.517000e+03     4.087448e-20
 1.595000e+03     4.296151e-20
 1.672000e+03     4.476563e-20
 1.745000e+03     4.621451e-20
 1.825000e+03     4.769310e-20
 1.905000e+03     4.848150e-20
 1.984000e+03     4.905466e-20
 2.065000e+03     4.940246e-20
 2.135000e+03     4.944791e-20
 2.215000e+03     4.938725e-20
 2.295000e+03     4.926243e-20
 2.375000e+03     4.899330e-20
 2.455000e+03     4.876523e-20
 2.525000e+03     4.849497e-20
 2.605000e+03     4.832907e-20
 2.685000e+03     4.829483e-20
 2.765000e+03     4.813021e-20
 2.845000e+03     4.758308e-20
 2.950000e+03     4.747001e-20
 3.110000e+03     4.730588e-20
 3.270000e+03     4.702021e-20
 3.430000e+03     4.669840e-20
 3.590000e+03     4.638853e-20
 3.730000e+03     4.651854e-20
 3.890000e+03     4.880848e-20
 4.050000e+03     5.140374e-20
 4.210000e+03     5.470818e-20
 4.370000e+03     5.766044e-20
 4.530000e+03     6.027507e-20
 4.690000e+03     6.256926e-20
 4.850000e+03     6.404541e-20
 5.010000e+03     6.544096e-20
 5.170000e+03     6.646262e-20
 5.330000e+03     6.745240e-20
 5.490000e+03     6.830375e-20
 5.650000e+03     6.910794e-20
 5.810000e+03     6.991188e-20
 5.970000e+03     7.045409e-20
 6.130000e+03     7.100726e-20
 6.290000e+03     7.147219e-20
 6.450000e+03     7.181442e-20
 6.610000e+03     7.214542e-20
 6.770000e+03     7.251476e-20
 6.930000e+03     7.280837e-20
 7.090000e+03     7.303999e-20
 7.250000e+03     7.325016e-20
 7.410000e+03     7.345230e-20
 7.570000e+03     7.371287e-20
 7.730000e+03     7.399385e-20
 7.890000e+03     7.426885e-20
 8.050000e+03     7.447856e-20
 8.210000e+03     7.469580e-20
 8.370000e+03     7.492407e-20
 8.530000e+03     7.512040e-20
 8.690000e+03     7.534733e-20
 8.850000e+03     7.571899e-20
 9.010000e+03     7.603721e-20
 9.170000e+03     7.641278e-20
 9.330000e+03     7.673230e-20
 9.490000e+03     7.720507e-20
 9.650000e+03     7.746537e-20
 9.810000e+03     7.783963e-20
 9.970000e+03     7.813910e-20
 1.050000e+04     7.889010e-20
 1.150000e+04     7.922437e-20
 1.250000e+04     7.919133e-20
 1.350000e+04     7.901706e-20
 1.450000e+04     7.907012e-20
 1.550000e+04     7.974806e-20
 1.650000e+04     7.973634e-20
 1.750000e+04     7.868056e-20
 1.850000e+04     7.706057e-20
 1.950000e+04     7.569597e-20
 2.050000e+04     7.456484e-20
 2.150000e+04     7.368048e-20
 2.250000e+04     7.307473e-20
 2.350000e+04     7.277599e-20
 2.450000e+04     7.281017e-20
 2.550000e+04     7.319961e-20
 2.650000e+04     7.396252e-20
 2.750000e+04     7.511368e-20
 2.850000e+04     7.666493e-20
 2.950000e+04     7.862521e-20
 3.050000e+04     8.099370e-20
 3.150000e+04     8.361243e-20
 3.250000e+04     8.592189e-20
 3.350000e+04     8.756540e-20
 3.450000e+04     8.943188e-20
 3.550000e+04     9.154842e-20
 3.650000e+04     9.369304e-20
 3.750000e+04     9.587758e-20
 3.850000e+04     9.810359e-20
 3.950000e+04     1.003550e-19
 4.050000e+04     1.026220e-19
 4.150000e+04     1.049025e-19
 4.250000e+04     1.072003e-19
 4.350000e+04     1.095152e-19
 4.450000e+04     1.118421e-19
 4.550000e+04     1.141813e-19
 4.650000e+04     1.165343e-19
 4.750000e+04     1.188995e-19
 4.850000e+04     1.212737e-19
 4.950000e+04     1.236546e-19
 5.050000e+04     1.260410e-19
 5.150000e+04     1.284320e-19
 5.250000e+04     1.308276e-19
 5.350000e+04     1.311427e-19
 5.450000e+04     1.313402e-19
 5.550000e+04     1.322548e-19
 5.650000e+04     1.337796e-19
 5.750000e+04     1.363692e-19
 5.850000e+04     1.391452e-19
 5.950000e+04     1.420578e-19
 6.050000e+04     1.464533e-19
 6.150000e+04     1.591594e-19
 6.250000e+04     1.800300e-19
 6.350000e+04     1.929744e-19
 6.450000e+04     1.974557e-19
 6.550000e+04     1.988822e-19
 6.650010e+04     2.017093e-19
 6.750010e+04     2.044366e-19
 6.850010e+04     2.074586e-19
 6.950010e+04     2.108274e-19
 7.020000e+04     2.143338e-19
 7.100000e+04     2.169154e-19
 7.180000e+04     2.203415e-19
 7.260000e+04     2.252326e-19
 7.340000e+04     2.317006e-19
 7.420000e+04     2.409872e-19
 7.500000e+04     2.537699e-19
 7.580000e+04     2.707064e-19
 7.660000e+04     2.891707e-19
 7.740000e+04     3.053186e-19
 7.820000e+04     3.195193e-19
 7.900000e+04     3.317558e-19
 7.980000e+04     3.409609e-19
 8.060000e+04     3.468263e-19
 8.140000e+04     3.505776e-19
 8.220000e+04     3.510551e-19
 8.300000e+04     3.511675e-19
 8.380000e+04     3.512658e-19
 8.460000e+04     3.510211e-19
 8.540000e+04     3.512338e-19
 8.620000e+04     3.527095e-19
 8.700000e+04     3.542034e-19
 8.780000e+04     3.529728e-19
 8.860000e+04     3.489383e-19
 8.940000e+04     3.434969e-19
 9.020000e+04     3.377006e-19
 9.100000e+04     3.318049e-19
 9.180000e+04     3.252223e-19
 9.260000e+04     3.187780e-19
 9.340000e+04     3.124358e-19
 9.420000e+04     3.060437e-19
 9.500000e+04     2.997926e-19
 9.580000e+04     2.939993e-19
 9.660000e+04     2.895664e-19
 9.740000e+04     2.854529e-19
 9.820000e+04     2.801117e-19
 9.900000e+04     2.752680e-19
 9.980000e+04     2.705999e-19
 1.006000e+05     2.659294e-19
 1.020000e+05     2.581788e-19
 1.040000e+05     2.495933e-19
 1.060000e+05     2.454065e-19
 1.080000e+05     2.432677e-19
 1.100000e+05     2.439078e-19
 1.120000e+05     2.635779e-19
 1.140000e+05     2.966456e-19
 1.160000e+05     3.090098e-19
 1.180000e+05     3.086649e-19
 1.200000e+05     3.138593e-19
 1.220000e+05     3.173194e-19
 1.240000e+05     3.231251e-19
 1.260000e+05     3.305653e-19
 1.280000e+05     3.463113e-19
 1.300000e+05     3.530978e-19
 1.320000e+05     3.487806e-19
 1.340000e+05     3.415906e-19
 1.360000e+05     3.399006e-19
 1.380000e+05     3.324422e-19
 1.400000e+05     3.276877e-19
 1.420000e+05     3.216633e-19
 1.440000e+05     3.177795e-19
 1.460000e+05     3.104376e-19
 1.480000e+05     3.052381e-19
 1.500000e+05     2.993410e-19
 1.520000e+05     2.951433e-19
 1.540000e+05     2.910822e-19
 1.560000e+05     2.926922e-19
 1.580000e+05     2.924567e-19
 1.600000e+05     2.906740e-19
 1.620000e+05     2.912863e-19
 1.640000e+05     2.945027e-19
 1.660000e+05     3.026910e-19
 1.680000e+05     3.074854e-19
 1.700000e+05     3.169520e-19
 1.720000e+05     3.273837e-19
 1.740000e+05     3.334727e-19
 1.760000e+05     3.385319e-19
 1.780000e+05     3.388118e-19
 1.800000e+05     3.401016e-19
 1.820000e+05     3.394607e-19
 1.840000e+05     3.387235e-19
 1.860000e+05     3.390969e-19
 1.880000e+05     3.476223e-19
 1.900000e+05     3.496403e-19
 1.920000e+05     3.498301e-19
 1.940000e+05     3.503283e-19
 1.960000e+05     3.499431e-19
 1.980000e+05     3.502714e-19
 2.000000e+05     3.512977e-19
 2.020000e+05     3.521569e-19
 2.040000e+05     3.536473e-19
 2.060000e+05     3.555553e-19
 2.080000e+05     3.574612e-19
 2.100000e+05     3.597720e-19
 2.120000e+05     3.623632e-19
 2.140000e+05     3.650573e-19
 2.160000e+05     3.680902e-19
 2.180000e+05     3.713468e-19
 2.200000e+05     3.747329e-19
 2.220000e+05     3.783311e-19
 2.240000e+05     3.822109e-19
 2.260000e+05     3.862495e-19
 2.280000e+05     3.905837e-19
 2.300000e+05     3.950688e-19
 2.320000e+05     3.996774e-19
 2.340000e+05     4.044065e-19
 2.360000e+05     4.092859e-19
 2.380000e+05     4.143435e-19
 2.400000e+05     4.195326e-19
 2.420000e+05     4.248761e-19
 2.440000e+05     4.303467e-19
 2.460000e+05     4.360141e-19
 2.480000e+05     4.417999e-19
 2.500000e+05     4.477017e-19
 2.520000e+05     4.537162e-19
 2.540000e+05     4.598391e-19
 2.560000e+05     4.662326e-19
 2.580000e+05     4.736236e-19
 2.600000e+05     4.821727e-19
 2.620000e+05     4.899074e-19
 2.640000e+05     4.967110e-19
 2.660000e+05     5.036818e-19
 2.680000e+05     5.106911e-19
 2.700000e+05     5.175504e-19
 2.720000e+05     5.244797e-19
 2.740000e+05     5.318386e-19
 2.760000e+05     5.393122e-19
 2.780000e+05     5.467520e-19
 2.800000e+05     5.545499e-19
 2.820000e+05     5.636104e-19
 2.840000e+05     5.727860e-19
 2.860000e+05     5.809982e-19
 2.880000e+05     5.891260e-19
 2.900000e+05     5.975830e-19
 2.920000e+05     6.060608e-19
 2.940000e+05     6.145822e-19
 2.960000e+05     6.232535e-19
 2.980000e+05     6.321645e-19
 3.000000e+05     6.412053e-19
 3.020000e+05     6.503103e-19
 3.040000e+05     6.597393e-19
 3.060000e+05     6.693882e-19
 3.080000e+05     6.791864e-19
 3.100000e+05     6.891063e-19
 3.120000e+05     6.993054e-19
 3.140000e+05     7.098096e-19
 3.160000e+05     7.205481e-19
 3.180000e+05     7.314654e-19
 3.200000e+05     7.426860e-19
 3.220000e+05     7.543791e-19
 3.240000e+05     7.664886e-19
 3.260000e+05     7.789972e-19
 3.280000e+05     7.919904e-19
 3.300000e+05     8.054850e-19
 3.320000e+05     8.197731e-19
 3.340000e+05     8.392030e-19
 3.360000e+05     8.660501e-19
 3.380000e+05     8.862951e-19
 3.400000e+05     8.976459e-19
 3.420000e+05     9.086854e-19
 3.440000e+05     9.218434e-19
 3.460000e+05     9.363591e-19
 3.480000e+05     9.624612e-19
 3.500000e+05     9.940687e-19
 3.520000e+05     1.013296e-18
 3.540000e+05     1.022874e-18
 3.560000e+05     1.035484e-18
 3.580000e+05     1.049276e-18
 3.600000e+05     1.061085e-18
 3.620000e+05     1.072776e-18
 3.640000e+05     1.085017e-18
 3.660000e+05     1.097447e-18
 3.680000e+05     1.109773e-18
 3.700000e+05     1.122286e-18
 3.720000e+05     1.135202e-18
 3.740000e+05     1.147936e-18
 3.760000e+05     1.161444e-18
 3.780000e+05     1.175314e-18
 3.800000e+05     1.189213e-18
 3.820000e+05     1.203458e-18
 3.840000e+05     1.217143e-18
 3.860000e+05     1.231290e-18
 3.880000e+05     1.245988e-18
 3.900000e+05     1.260730e-18
 3.920000e+05     1.275540e-18
 4.320000e+05     1.589245e-18
 4.760000e+05     1.961758e-18
 5.250000e+05     2.394203e-18
 5.790000e+05     2.881879e-18
 6.390000e+05     3.430988e-18
 7.040000e+05     4.033939e-18
 7.760000e+05     4.893730e-18
 8.560000e+05     6.057888e-18
 9.430000e+05     7.505238e-18
 1.040000e+06     9.209997e-18
 1.147000e+06     1.104110e-17
 1.264000e+06     1.281082e-17
 1.394000e+06     1.434384e-17
 1.537000e+06     1.544431e-17
 1.694000e+06     1.599147e-17
 1.868000e+06     1.594318e-17
 2.059000e+06     1.533258e-17
 2.270000e+06     1.425285e-17
 2.503000e+06     1.283607e-17
 2.760000e+06     1.122670e-17
 3.043000e+06     9.560380e-18
 3.354000e+06     7.946647e-18
 3.698000e+06     6.453186e-18
 4.077000e+06     5.133752e-18
 4.495000e+06     4.007339e-18
 4.956000e+06     3.074549e-18
 5.464000e+06     2.322656e-18
 6.024000e+06     1.730020e-18
 6.641000e+06     1.272435e-18
 7.322000e+06     9.248741e-19
 8.073000e+06     6.653099e-19
 8.900000e+06     4.743980e-19
 9.813000e+06     3.360567e-19
 1.082000e+07     2.375208e-19
 1.193000e+07     1.678433e-19
 1.315000e+07     1.187593e-19
 1.450000e+07     8.406689e-20
 1.598000e+07     5.982630e-20
 1.762000e+07     4.274676e-20
 1.943000e+07     3.079992e-20
 2.142000e+07     2.248444e-20
 2.362000e+07     1.667937e-20
 2.604000e+07     1.266308e-20
 2.871000e+07     9.889137e-21
 3.165000e+07     7.997460e-21
 3.489000e+07     6.722526e-21
 3.847000e+07     5.888349e-21
 4.241000e+07     5.364840e-21
 4.676000e+07     5.066475e-21
 5.155000e+07     4.930151e-21
 5.683000e+07     4.913186e-21
 6.266000e+07     4.988529e-21
 6.908000e+07     5.135509e-21
 7.616000e+07     5.338594e-21
 8.397000e+07     5.591561e-21
 9.258000e+07     5.881606e-21
 1.020700e+08     6.210351e-21
 1.125300e+08     6.572677e-21
 1.240600e+08     6.968067e-21
 1.367800e+08     7.397767e-21
 1.508000e+08     7.861319e-21
 1.662500e+08     8.360852e-21
 1.833000e+08     8.899080e-21
 2.020800e+08     9.471503e-21
 2.228000e+08     1.008701e-20
 2.456300e+08     1.074200e-20
 2.708100e+08     1.144376e-20
 2.985700e+08     1.219810e-20
 3.291700e+08     1.300526e-20
 3.629100e+08     1.386524e-20
 4.001100e+08     1.478761e-20
 4.411200e+08     1.577244e-20
 4.863400e+08     1.682669e-20
 5.361900e+08     1.795725e-20
 5.911500e+08     1.916978e-20
 6.517400e+08     2.046925e-20
 7.185400e+08     2.185844e-20
 7.921900e+08     2.334675e-20
 8.733900e+08     2.494514e-20
 9.629200e+08     2.665493e-20
 1.000000e+09     2.734942e-20
