## EBL from Khaire & Srianand 2018; Q15 Model with alpha=-1.5 
## Column1:wavelength (Angstrom);  Column2:EBL specific intensity J_nu (erg/s/cm^2/Hz/Sr)
## ===========================================================================================
 1.000000e-08     1.670139e-38
 1.122019e-08     2.439381e-38
 1.258925e-08     3.556257e-38
 1.412538e-08     5.164866e-38
 1.584893e-08     7.458467e-38
 1.778279e-08     1.069020e-37
 1.995263e-08     1.518299e-37
 2.238721e-08     2.133779e-37
 2.511887e-08     2.964014e-37
 2.818382e-08     4.066479e-37
 3.162278e-08     5.508123e-37
 3.548135e-08     7.366006e-37
 3.981071e-08     9.728350e-37
 4.466837e-08     1.269602e-36
 5.011870e-08     1.638421e-36
 5.623413e-08     2.092486e-36
 6.309576e-08     2.646904e-36
 7.079456e-08     3.319008e-36
 7.943284e-08     4.128738e-36
 8.912505e-08     5.099001e-36
 1.000000e-07     6.256231e-36
 1.122019e-07     7.630889e-36
 1.258925e-07     9.258133e-36
 1.412538e-07     1.117867e-35
 1.584892e-07     1.343948e-35
 1.778279e-07     1.609504e-35
 1.995263e-07     1.920838e-35
 2.238721e-07     2.285244e-35
 2.511887e-07     2.711186e-35
 2.818382e-07     3.208458e-35
 3.162278e-07     3.788425e-35
 3.548136e-07     4.464245e-35
 3.981071e-07     5.251165e-35
 4.466837e-07     6.166880e-35
 5.011870e-07     7.231863e-35
 5.623413e-07     8.469886e-35
 6.309576e-07     9.908471e-35
 7.079456e-07     1.157950e-34
 7.943284e-07     1.351998e-34
 8.912505e-07     1.577272e-34
 1.000000e-06     1.838743e-34
 1.122019e-06     2.142164e-34
 1.258925e-06     2.494200e-34
 1.412538e-06     2.902589e-34
 1.584893e-06     3.376280e-34
 1.778279e-06     3.925656e-34
 1.995263e-06     4.562750e-34
 2.238721e-06     5.301490e-34
 2.511887e-06     6.158041e-34
 2.818382e-06     7.151109e-34
 3.162278e-06     8.302399e-34
 3.548136e-06     9.637046e-34
 3.981071e-06     1.118415e-33
 4.466837e-06     1.297751e-33
 5.011870e-06     1.505619e-33
 5.623413e-06     1.746555e-33
 6.309576e-06     2.025811e-33
 7.079456e-06     2.349469e-33
 7.943284e-06     2.724587e-33
 8.912505e-06     3.159331e-33
 1.000000e-05     3.663180e-33
 1.122019e-05     4.247103e-33
 1.258925e-05     4.923808e-33
 1.412538e-05     5.708048e-33
 1.584893e-05     6.616881e-33
 1.778279e-05     7.670101e-33
 1.995263e-05     8.890642e-33
 2.238721e-05     1.030505e-32
 2.511887e-05     1.194414e-32
 2.818382e-05     1.384356e-32
 3.162278e-05     1.604468e-32
 3.548135e-05     1.859539e-32
 3.981071e-05     2.155118e-32
 4.466837e-05     2.497642e-32
 5.011870e-05     2.894557e-32
 5.623413e-05     3.354510e-32
 6.309577e-05     3.887505e-32
 7.079457e-05     4.505131e-32
 7.943284e-05     5.220841e-32
 8.912505e-05     6.050196e-32
 1.000000e-04     7.011258e-32
 1.122018e-04     8.124919e-32
 1.258926e-04     9.415418e-32
 1.412538e-04     1.091006e-31
 1.584893e-04     1.264023e-31
 1.778279e-04     1.464217e-31
 1.995262e-04     1.695731e-31
 2.238722e-04     1.963336e-31
 2.511887e-04     2.272560e-31
 2.818383e-04     2.629901e-31
 3.162278e-04     3.043067e-31
 3.548134e-04     3.521262e-31
 3.981073e-04     4.075484e-31
 4.466837e-04     4.718825e-31
 5.011873e-04     5.466816e-31
 5.623413e-04     6.337800e-31
 6.309572e-04     7.353411e-31
 7.079460e-04     8.539154e-31
 7.943284e-04     9.925098e-31
 8.912510e-04     1.154677e-30
 1.000000e-03     1.344617e-30
 1.122018e-03     1.567300e-30
 1.258926e-03     1.828619e-30
 1.412538e-03     2.135552e-30
 1.584893e-03     2.496387e-30
 1.778279e-03     2.920968e-30
 1.995262e-03     3.420986e-30
 2.238722e-03     4.010343e-30
 2.511887e-03     4.705570e-30
 2.818383e-03     5.526348e-30
 3.162278e-03     6.496112e-30
 3.548133e-03     7.642777e-30
 3.981073e-03     8.999633e-30
 4.466837e-03     1.060634e-29
 5.011873e-03     1.251025e-29
 5.623413e-03     1.476785e-29
 6.309573e-03     1.744662e-29
 7.079460e-03     2.062720e-29
 7.943284e-03     2.440609e-29
 8.912510e-03     2.889894e-29
 1.000000e-02     3.424484e-29
 1.122019e-02     4.061160e-29
 1.258925e-02     4.820244e-29
 1.412538e-02     5.726528e-29
 1.584894e-02     6.810336e-29
 1.778279e-02     8.108980e-29
 1.995263e-02     9.668514e-29
 2.238721e-02     1.154578e-28
 2.511887e-02     1.381098e-28
 2.818385e-02     1.655043e-28
 3.162277e-02     1.986981e-28
 3.548136e-02     2.389780e-28
 3.981071e-02     2.878970e-28
 4.466837e-02     3.473212e-28
 5.011876e-02     4.194731e-28
 5.623413e-02     5.069855e-28
 6.309576e-02     6.129659e-28
 7.079456e-02     7.410616e-28
 7.943284e-02     8.955543e-28
 8.912515e-02     1.081457e-27
 1.000000e-01     1.304646e-27
 1.122019e-01     1.572026e-27
 1.258925e-01     1.891568e-27
 1.412538e-01     2.271902e-27
 1.584894e-01     2.722183e-27
 1.778279e-01     3.251690e-27
 1.995263e-01     3.869109e-27
 2.238721e-01     4.581559e-27
 2.511887e-01     5.393676e-27
 2.818385e-01     6.306844e-27
 3.162278e-01     7.318932e-27
 3.548135e-01     8.424638e-27
 3.981071e-01     9.616225e-27
 4.466837e-01     1.088459e-26
 5.011876e-01     1.222019e-26
 5.623413e-01     1.361386e-26
 6.309576e-01     1.505730e-26
 7.079456e-01     1.654205e-26
 7.943284e-01     1.806064e-26
 8.912515e-01     1.960654e-26
 1.000000e+00     2.117358e-26
 1.122019e+00     2.275633e-26
 1.258925e+00     2.435071e-26
 1.412538e+00     2.595550e-26
 1.584894e+00     2.757348e-26
 1.778279e+00     2.921250e-26
 1.995263e+00     3.088545e-26
 2.238721e+00     3.260953e-26
 2.511887e+00     3.440548e-26
 2.818385e+00     3.629678e-26
 3.162278e+00     3.830959e-26
 3.548136e+00     4.047333e-26
 3.981071e+00     4.282145e-26
 4.466837e+00     4.539293e-26
 5.011876e+00     4.823367e-26
 5.623413e+00     5.139833e-26
 6.309576e+00     5.495231e-26
 7.079456e+00     5.896927e-26
 7.943284e+00     6.353754e-26
 8.912516e+00     6.876301e-26
 1.000000e+01     7.477105e-26
 1.122019e+01     8.171172e-26
 1.258925e+01     8.976675e-26
 1.412538e+01     9.915923e-26
 1.584894e+01     1.101629e-25
 1.778279e+01     1.231112e-25
 1.995263e+01     1.384029e-25
 2.238721e+01     1.565036e-25
 2.511887e+01     1.779432e-25
 2.818385e+01     2.033080e-25
 3.162278e+01     2.332230e-25
 3.548135e+01     2.683232e-25
 3.981071e+01     3.092020e-25
 4.466837e+01     3.563378e-25
 5.011876e+01     4.099931e-25
 5.623413e+01     4.700985e-25
 6.309576e+01     5.361559e-25
 7.079456e+01     6.071964e-25
 7.943284e+01     6.818223e-25
 8.912515e+01     7.583807e-25
 1.000000e+02     8.362691e-25
 1.120000e+02     9.163109e-25
 1.250000e+02     9.978873e-25
 1.400000e+02     1.087070e-24
 1.550000e+02     1.174809e-24
 1.650000e+02     1.230995e-24
 1.750000e+02     1.285741e-24
 1.850000e+02     1.338777e-24
 1.900000e+02     1.364602e-24
 1.950000e+02     1.389996e-24
 2.000000e+02     1.415168e-24
 2.050000e+02     1.440770e-24
 2.100000e+02     1.467689e-24
 2.150000e+02     1.498105e-24
 2.180000e+02     1.521006e-24
 2.210000e+02     1.546803e-24
 2.240000e+02     1.579721e-24
 2.260000e+02     1.608414e-24
 2.270000e+02     1.625106e-24
 2.275000e+02     1.634060e-24
 2.278400e+02     1.638869e-24
 2.380000e+02     1.762138e-24
 2.500000e+02     1.898043e-24
 2.700000e+02     2.169210e-24
 2.900000e+02     2.468320e-24
 3.035000e+02     2.689203e-24
 3.037800e+02     2.985921e-24
 3.045000e+02     3.000912e-24
 3.060000e+02     3.032288e-24
 3.080000e+02     3.074232e-24
 3.100000e+02     3.116139e-24
 3.120000e+02     3.157853e-24
 3.150000e+02     3.220708e-24
 3.200000e+02     3.324962e-24
 3.250000e+02     3.429196e-24
 3.300000e+02     3.533524e-24
 3.400000e+02     3.753157e-24
 3.600000e+02     4.206258e-24
 3.800000e+02     4.693496e-24
 4.050000e+02     5.336965e-24
 4.250000e+02     5.865662e-24
 4.500000e+02     6.560744e-24
 4.650000e+02     6.988518e-24
 4.750000e+02     7.271750e-24
 4.820000e+02     7.463766e-24
 4.870000e+02     7.601141e-24
 4.910000e+02     7.716409e-24
 4.950000e+02     7.830556e-24
 4.980000e+02     7.914136e-24
 5.000000e+02     7.969978e-24
 5.020000e+02     8.025732e-24
 5.039800e+02     8.080089e-24
 5.100000e+02     8.250603e-24
 5.250000e+02     8.678742e-24
 5.600000e+02     9.682324e-24
 6.000000e+02     1.080966e-23
 6.500000e+02     1.216739e-23
 7.000000e+02     1.346665e-23
 7.500000e+02     1.471521e-23
 8.000000e+02     1.592950e-23
 8.300000e+02     1.666679e-23
 8.600000e+02     1.743274e-23
 8.800000e+02     1.795816e-23
 8.900000e+02     1.822928e-23
 8.960000e+02     1.839438e-23
 9.000000e+02     1.850621e-23
 9.030000e+02     1.859005e-23
 9.060000e+02     1.867740e-23
 9.090000e+02     1.876245e-23
 9.117800e+02     1.884130e-23
 9.300000e+02     2.275485e-23
 9.500000e+02     2.920484e-23
 9.750000e+02     3.887303e-23
 9.900000e+02     4.449726e-23
 1.005000e+03     5.034511e-23
 1.025000e+03     6.300734e-23
 1.045000e+03     7.329461e-23
 1.065000e+03     8.751677e-23
 1.085000e+03     1.047327e-22
 1.105000e+03     1.209463e-22
 1.125000e+03     1.418915e-22
 1.145000e+03     1.588073e-22
 1.165000e+03     1.764284e-22
 1.185000e+03     1.953667e-22
 1.205000e+03     2.176752e-22
 1.215600e+03     2.291708e-22
 1.215670e+03     2.311390e-22
 1.216000e+03     2.314239e-22
 1.218000e+03     2.333022e-22
 1.221000e+03     2.359974e-22
 1.225000e+03     2.394887e-22
 1.230000e+03     2.441310e-22
 1.240000e+03     2.549367e-22
 1.250000e+03     2.665151e-22
 1.265000e+03     2.846421e-22
 1.285000e+03     3.089920e-22
 1.305000e+03     3.378732e-22
 1.325000e+03     3.650255e-22
 1.345000e+03     3.942151e-22
 1.365000e+03     4.236790e-22
 1.385000e+03     4.519231e-22
 1.405000e+03     4.811650e-22
 1.425000e+03     5.103540e-22
 1.442000e+03     5.366081e-22
 1.455000e+03     5.569470e-22
 1.475000e+03     5.912941e-22
 1.517000e+03     6.619903e-22
 1.595000e+03     7.871046e-22
 1.672000e+03     9.134827e-22
 1.745000e+03     1.037410e-21
 1.825000e+03     1.171655e-21
 1.905000e+03     1.308508e-21
 1.984000e+03     1.439567e-21
 2.065000e+03     1.569940e-21
 2.135000e+03     1.679533e-21
 2.215000e+03     1.800190e-21
 2.295000e+03     1.919818e-21
 2.375000e+03     2.038875e-21
 2.455000e+03     2.159283e-21
 2.525000e+03     2.265563e-21
 2.605000e+03     2.388276e-21
 2.685000e+03     2.524169e-21
 2.765000e+03     2.657453e-21
 2.845000e+03     2.785990e-21
 2.950000e+03     2.973389e-21
 3.110000e+03     3.279603e-21
 3.270000e+03     3.593551e-21
 3.430000e+03     3.929188e-21
 3.590000e+03     4.269776e-21
 3.730000e+03     4.580617e-21
 3.890000e+03     5.012446e-21
 4.050000e+03     5.464421e-21
 4.210000e+03     6.062707e-21
 4.370000e+03     6.688227e-21
 4.530000e+03     7.324112e-21
 4.690000e+03     8.042073e-21
 4.850000e+03     8.787544e-21
 5.010000e+03     9.483424e-21
 5.170000e+03     1.021731e-20
 5.330000e+03     1.096662e-20
 5.490000e+03     1.171935e-20
 5.650000e+03     1.249677e-20
 5.810000e+03     1.330929e-20
 5.970000e+03     1.409659e-20
 6.130000e+03     1.489045e-20
 6.290000e+03     1.568272e-20
 6.450000e+03     1.647112e-20
 6.610000e+03     1.724844e-20
 6.770000e+03     1.803836e-20
 6.930000e+03     1.881162e-20
 7.090000e+03     1.957090e-20
 7.250000e+03     2.031763e-20
 7.410000e+03     2.106820e-20
 7.570000e+03     2.180283e-20
 7.730000e+03     2.253557e-20
 7.890000e+03     2.325950e-20
 8.050000e+03     2.396831e-20
 8.210000e+03     2.467439e-20
 8.370000e+03     2.536327e-20
 8.530000e+03     2.604288e-20
 8.690000e+03     2.670627e-20
 8.850000e+03     2.736417e-20
 9.010000e+03     2.801414e-20
 9.170000e+03     2.864978e-20
 9.330000e+03     2.928554e-20
 9.490000e+03     2.991228e-20
 9.650000e+03     3.052484e-20
 9.810000e+03     3.112367e-20
 9.970000e+03     3.172737e-20
 1.050000e+04     3.359929e-20
 1.150000e+04     3.675941e-20
 1.250000e+04     3.949785e-20
 1.350000e+04     4.184199e-20
 1.450000e+04     4.389237e-20
 1.550000e+04     4.572070e-20
 1.650000e+04     4.734827e-20
 1.750000e+04     4.865211e-20
 1.850000e+04     4.962414e-20
 1.950000e+04     5.029608e-20
 2.050000e+04     5.071806e-20
 2.150000e+04     5.095338e-20
 2.250000e+04     5.099564e-20
 2.350000e+04     5.084641e-20
 2.450000e+04     5.046230e-20
 2.550000e+04     4.990591e-20
 2.650000e+04     4.931300e-20
 2.750000e+04     4.873419e-20
 2.850000e+04     4.822354e-20
 2.950000e+04     4.774448e-20
 3.050000e+04     4.727338e-20
 3.150000e+04     4.681131e-20
 3.250000e+04     4.636898e-20
 3.350000e+04     4.595865e-20
 3.450000e+04     4.559063e-20
 3.550000e+04     4.526864e-20
 3.650000e+04     4.499571e-20
 3.750000e+04     4.478037e-20
 3.850000e+04     4.463132e-20
 3.950000e+04     4.454627e-20
 4.050000e+04     4.449986e-20
 4.150000e+04     4.448786e-20
 4.250000e+04     4.451156e-20
 4.350000e+04     4.456618e-20
 4.450000e+04     4.462622e-20
 4.550000e+04     4.469664e-20
 4.650000e+04     4.476281e-20
 4.750000e+04     4.484007e-20
 4.850000e+04     4.494750e-20
 4.950000e+04     4.509241e-20
 5.050000e+04     4.527123e-20
 5.150000e+04     4.547448e-20
 5.250000e+04     4.569501e-20
 5.350000e+04     4.591673e-20
 5.450000e+04     4.612095e-20
 5.550000e+04     4.635198e-20
 5.650000e+04     4.659814e-20
 5.750000e+04     4.687798e-20
 5.850000e+04     4.713477e-20
 5.950000e+04     4.741365e-20
 6.050000e+04     4.777442e-20
 6.150000e+04     4.848900e-20
 6.250000e+04     4.970370e-20
 6.350000e+04     5.064320e-20
 6.450000e+04     5.125896e-20
 6.550000e+04     5.179598e-20
 6.650010e+04     5.233655e-20
 6.750010e+04     5.294302e-20
 6.850010e+04     5.347857e-20
 6.950010e+04     5.407049e-20
 7.020000e+04     5.468175e-20
 7.100000e+04     5.531113e-20
 7.180000e+04     5.595992e-20
 7.260000e+04     5.672318e-20
 7.340000e+04     5.755930e-20
 7.420000e+04     5.847274e-20
 7.500000e+04     5.954208e-20
 7.580000e+04     6.098079e-20
 7.660000e+04     6.260691e-20
 7.740000e+04     6.418932e-20
 7.820000e+04     6.575620e-20
 7.900000e+04     6.727547e-20
 7.980000e+04     6.871237e-20
 8.060000e+04     6.997315e-20
 8.140000e+04     7.111012e-20
 8.220000e+04     7.217909e-20
 8.300000e+04     7.325153e-20
 8.380000e+04     7.433291e-20
 8.460000e+04     7.544811e-20
 8.540000e+04     7.658894e-20
 8.620000e+04     7.772630e-20
 8.700000e+04     7.883624e-20
 8.780000e+04     7.985574e-20
 8.860000e+04     8.079481e-20
 8.940000e+04     8.164087e-20
 9.020000e+04     8.241291e-20
 9.100000e+04     8.309356e-20
 9.180000e+04     8.370105e-20
 9.260000e+04     8.426073e-20
 9.340000e+04     8.477368e-20
 9.420000e+04     8.525107e-20
 9.500000e+04     8.574695e-20
 9.580000e+04     8.630520e-20
 9.660000e+04     8.691260e-20
 9.740000e+04     8.745930e-20
 9.820000e+04     8.794036e-20
 9.900000e+04     8.840767e-20
 9.980000e+04     8.885526e-20
 1.006000e+05     8.929153e-20
 1.020000e+05     9.013068e-20
 1.040000e+05     9.140450e-20
 1.060000e+05     9.267531e-20
 1.080000e+05     9.402266e-20
 1.100000e+05     9.551755e-20
 1.120000e+05     9.779459e-20
 1.140000e+05     1.011568e-19
 1.160000e+05     1.037157e-19
 1.180000e+05     1.058126e-19
 1.200000e+05     1.080111e-19
 1.220000e+05     1.104843e-19
 1.240000e+05     1.123875e-19
 1.260000e+05     1.148474e-19
 1.280000e+05     1.178091e-19
 1.300000e+05     1.204415e-19
 1.320000e+05     1.222402e-19
 1.340000e+05     1.240067e-19
 1.360000e+05     1.251822e-19
 1.380000e+05     1.262438e-19
 1.400000e+05     1.273412e-19
 1.420000e+05     1.279559e-19
 1.440000e+05     1.288336e-19
 1.460000e+05     1.290859e-19
 1.480000e+05     1.291861e-19
 1.500000e+05     1.293548e-19
 1.520000e+05     1.294700e-19
 1.540000e+05     1.292822e-19
 1.560000e+05     1.298049e-19
 1.580000e+05     1.294236e-19
 1.600000e+05     1.293728e-19
 1.620000e+05     1.296645e-19
 1.640000e+05     1.302502e-19
 1.660000e+05     1.308698e-19
 1.680000e+05     1.313279e-19
 1.700000e+05     1.321908e-19
 1.720000e+05     1.331772e-19
 1.740000e+05     1.342487e-19
 1.760000e+05     1.351940e-19
 1.780000e+05     1.359550e-19
 1.800000e+05     1.366158e-19
 1.820000e+05     1.373174e-19
 1.840000e+05     1.382634e-19
 1.860000e+05     1.394439e-19
 1.880000e+05     1.407941e-19
 1.900000e+05     1.416879e-19
 1.920000e+05     1.421784e-19
 1.940000e+05     1.428802e-19
 1.960000e+05     1.438307e-19
 1.980000e+05     1.447384e-19
 2.000000e+05     1.456720e-19
 2.020000e+05     1.464728e-19
 2.040000e+05     1.470497e-19
 2.060000e+05     1.476785e-19
 2.080000e+05     1.483731e-19
 2.100000e+05     1.492970e-19
 2.120000e+05     1.502255e-19
 2.140000e+05     1.509776e-19
 2.160000e+05     1.516751e-19
 2.180000e+05     1.523162e-19
 2.200000e+05     1.530216e-19
 2.220000e+05     1.537884e-19
 2.240000e+05     1.546118e-19
 2.260000e+05     1.553744e-19
 2.280000e+05     1.561690e-19
 2.300000e+05     1.569831e-19
 2.320000e+05     1.578104e-19
 2.340000e+05     1.586950e-19
 2.360000e+05     1.596571e-19
 2.380000e+05     1.606562e-19
 2.400000e+05     1.616799e-19
 2.420000e+05     1.627216e-19
 2.440000e+05     1.636246e-19
 2.460000e+05     1.646646e-19
 2.480000e+05     1.658553e-19
 2.500000e+05     1.671065e-19
 2.520000e+05     1.683934e-19
 2.540000e+05     1.697172e-19
 2.560000e+05     1.710661e-19
 2.580000e+05     1.724897e-19
 2.600000e+05     1.740546e-19
 2.620000e+05     1.756039e-19
 2.640000e+05     1.771435e-19
 2.660000e+05     1.787648e-19
 2.680000e+05     1.804162e-19
 2.700000e+05     1.820839e-19
 2.720000e+05     1.837835e-19
 2.740000e+05     1.855499e-19
 2.760000e+05     1.873978e-19
 2.780000e+05     1.893043e-19
 2.800000e+05     1.912237e-19
 2.820000e+05     1.931712e-19
 2.840000e+05     1.951695e-19
 2.860000e+05     1.972704e-19
 2.880000e+05     1.993797e-19
 2.900000e+05     2.014660e-19
 2.920000e+05     2.036102e-19
 2.940000e+05     2.057969e-19
 2.960000e+05     2.080021e-19
 2.980000e+05     2.102248e-19
 3.000000e+05     2.124717e-19
 3.020000e+05     2.147580e-19
 3.040000e+05     2.170950e-19
 3.060000e+05     2.194723e-19
 3.080000e+05     2.218923e-19
 3.100000e+05     2.243362e-19
 3.120000e+05     2.268050e-19
 3.140000e+05     2.293375e-19
 3.160000e+05     2.319095e-19
 3.180000e+05     2.345032e-19
 3.200000e+05     2.371408e-19
 3.220000e+05     2.398410e-19
 3.240000e+05     2.426043e-19
 3.260000e+05     2.454257e-19
 3.280000e+05     2.482997e-19
 3.300000e+05     2.512262e-19
 3.320000e+05     2.542427e-19
 3.340000e+05     2.575392e-19
 3.360000e+05     2.612508e-19
 3.380000e+05     2.646181e-19
 3.400000e+05     2.677836e-19
 3.420000e+05     2.709726e-19
 3.440000e+05     2.742265e-19
 3.460000e+05     2.775777e-19
 3.480000e+05     2.815084e-19
 3.500000e+05     2.858431e-19
 3.520000e+05     2.894942e-19
 3.540000e+05     2.930805e-19
 3.560000e+05     2.966430e-19
 3.580000e+05     3.001609e-19
 3.600000e+05     3.037956e-19
 3.620000e+05     3.074969e-19
 3.640000e+05     3.112457e-19
 3.660000e+05     3.149933e-19
 3.680000e+05     3.187816e-19
 3.700000e+05     3.226938e-19
 3.720000e+05     3.265902e-19
 3.740000e+05     3.305525e-19
 3.760000e+05     3.345546e-19
 3.780000e+05     3.386245e-19
 3.800000e+05     3.426717e-19
 3.820000e+05     3.469421e-19
 3.840000e+05     3.509582e-19
 3.860000e+05     3.551728e-19
 3.880000e+05     3.595253e-19
 3.900000e+05     3.638565e-19
 3.920000e+05     3.681995e-19
 4.320000e+05     4.643818e-19
 4.760000e+05     5.891259e-19
 5.250000e+05     7.493526e-19
 5.790000e+05     9.489449e-19
 6.390000e+05     1.193999e-18
 7.040000e+05     1.480749e-18
 7.760000e+05     1.828746e-18
 8.560000e+05     2.262531e-18
 9.430000e+05     2.787893e-18
 1.040000e+06     3.426241e-18
 1.147000e+06     4.164294e-18
 1.264000e+06     4.962434e-18
 1.394000e+06     5.775169e-18
 1.537000e+06     6.521351e-18
 1.694000e+06     7.126536e-18
 1.868000e+06     7.533302e-18
 2.059000e+06     7.700505e-18
 2.270000e+06     7.619825e-18
 2.503000e+06     7.308889e-18
 2.760000e+06     6.808528e-18
 3.043000e+06     6.173922e-18
 3.354000e+06     5.464087e-18
 3.698000e+06     4.726751e-18
 4.077000e+06     4.008433e-18
 4.495000e+06     3.339771e-18
 4.956000e+06     2.740461e-18
 5.464000e+06     2.220247e-18
 6.024000e+06     1.780074e-18
 6.641000e+06     1.415766e-18
 7.322000e+06     1.119087e-18
 8.073000e+06     8.812003e-19
 8.900000e+06     6.928229e-19
 9.813000e+06     5.444951e-19
 1.082000e+07     4.285194e-19
 1.193000e+07     3.382182e-19
 1.315000e+07     2.680597e-19
 1.450000e+07     2.131619e-19
 1.598000e+07     1.705260e-19
 1.762000e+07     1.370061e-19
 1.943000e+07     1.107768e-19
 2.142000e+07     9.035355e-20
 2.362000e+07     7.442629e-20
 2.604000e+07     6.214827e-20
 2.871000e+07     5.274529e-20
 3.165000e+07     4.565273e-20
 3.489000e+07     4.039295e-20
 3.847000e+07     3.658269e-20
 4.241000e+07     3.393504e-20
 4.676000e+07     3.220325e-20
 5.155000e+07     3.120311e-20
 5.683000e+07     3.078468e-20
 6.266000e+07     3.083240e-20
 6.908000e+07     3.125646e-20
 7.616000e+07     3.198935e-20
 8.397000e+07     3.297947e-20
 9.258000e+07     3.418588e-20
 1.020700e+08     3.557737e-20
 1.125300e+08     3.713266e-20
 1.240600e+08     3.883748e-20
 1.367800e+08     4.068350e-20
 1.508000e+08     4.266262e-20
 1.662500e+08     4.477093e-20
 1.833000e+08     4.701135e-20
 2.020800e+08     4.938089e-20
 2.228000e+08     5.188612e-20
 2.456300e+08     5.452798e-20
 2.708100e+08     5.731425e-20
 2.985700e+08     6.024943e-20
 3.291700e+08     6.334047e-20
 3.629100e+08     6.659567e-20
 4.001100e+08     7.002278e-20
 4.411200e+08     7.362969e-20
 4.863400e+08     7.742673e-20
 5.361900e+08     8.142285e-20
 5.911500e+08     8.562878e-20
 6.517400e+08     9.005581e-20
 7.185400e+08     9.471595e-20
 7.921900e+08     9.962263e-20
 8.733900e+08     1.047883e-19
 9.629200e+08     1.102266e-19
 1.000000e+09     1.124090e-19
