## EBL from Khaire & Srianand 2018; Q15 Model with alpha=-1.5 
## Column1:wavelength (Angstrom);  Column2:EBL specific intensity J_nu (erg/s/cm^2/Hz/Sr)
## ===========================================================================================
 1.000000e-08     8.363031e-37
 1.122019e-08     1.218081e-36
 1.258925e-08     1.757449e-36
 1.412538e-08     2.498583e-36
 1.584893e-08     3.492401e-36
 1.778279e-08     4.797419e-36
 1.995263e-08     6.480726e-36
 2.238721e-08     8.619121e-36
 2.511887e-08     1.130055e-35
 2.818382e-08     1.462558e-35
 3.162278e-08     1.870940e-35
 3.548135e-08     2.368391e-35
 3.981071e-08     2.970047e-35
 4.466837e-08     3.693313e-35
 5.011870e-08     4.558200e-35
 5.623413e-08     5.587808e-35
 6.309576e-08     6.808777e-35
 7.079456e-08     8.251881e-35
 7.943284e-08     9.952756e-35
 8.912505e-08     1.195258e-34
 1.000000e-07     1.429912e-34
 1.122019e-07     1.704762e-34
 1.258925e-07     2.026208e-34
 1.412538e-07     2.401678e-34
 1.584892e-07     2.839764e-34
 1.778279e-07     3.350444e-34
 1.995263e-07     3.945266e-34
 2.238721e-07     4.637614e-34
 2.511887e-07     5.443018e-34
 2.818382e-07     6.379455e-34
 3.162278e-07     7.467788e-34
 3.548136e-07     8.732174e-34
 3.981071e-07     1.020060e-33
 4.466837e-07     1.190555e-33
 5.011870e-07     1.388461e-33
 5.623413e-07     1.618141e-33
 6.309576e-07     1.884644e-33
 7.079456e-07     2.193823e-33
 7.943284e-07     2.552467e-33
 8.912505e-07     2.968431e-33
 1.000000e-06     3.450835e-33
 1.122019e-06     4.010235e-33
 1.258925e-06     4.658856e-33
 1.412538e-06     5.410892e-33
 1.584893e-06     6.282759e-33
 1.778279e-06     7.293506e-33
 1.995263e-06     8.465198e-33
 2.238721e-06     9.823387e-33
 2.511887e-06     1.139772e-32
 2.818382e-06     1.322251e-32
 3.162278e-06     1.533755e-32
 3.548136e-06     1.778895e-32
 3.981071e-06     2.063008e-32
 4.466837e-06     2.392292e-32
 5.011870e-06     2.773912e-32
 5.623413e-06     3.216190e-32
 6.309576e-06     3.728752e-32
 7.079456e-06     4.322754e-32
 7.943284e-06     5.011143e-32
 8.912505e-06     5.808892e-32
 1.000000e-05     6.733384e-32
 1.122019e-05     7.804736e-32
 1.258925e-05     9.046254e-32
 1.412538e-05     1.048499e-31
 1.584893e-05     1.215223e-31
 1.778279e-05     1.408428e-31
 1.995263e-05     1.632318e-31
 2.238721e-05     1.891764e-31
 2.511887e-05     2.192415e-31
 2.818382e-05     2.540809e-31
 3.162278e-05     2.944533e-31
 3.548135e-05     3.412367e-31
 3.981071e-05     3.954490e-31
 4.466837e-05     4.582705e-31
 5.011870e-05     5.310670e-31
 5.623413e-05     6.154237e-31
 6.309577e-05     7.131756e-31
 7.079457e-05     8.264483e-31
 7.943284e-05     9.577082e-31
 8.912505e-05     1.109809e-30
 1.000000e-04     1.286063e-30
 1.122018e-04     1.490302e-30
 1.258926e-04     1.726904e-30
 1.412538e-04     1.998496e-30
 1.584893e-04     2.310763e-30
 1.778279e-04     2.670879e-30
 1.995262e-04     3.087390e-30
 2.238722e-04     3.570339e-30
 2.511887e-04     4.131452e-30
 2.818383e-04     4.784443e-30
 3.162278e-04     5.545381e-30
 3.548134e-04     6.433147e-30
 3.981073e-04     7.469988e-30
 4.466837e-04     8.682151e-30
 5.011873e-04     1.010066e-29
 5.623413e-04     1.176224e-29
 6.309572e-04     1.371036e-29
 7.079460e-04     1.599657e-29
 7.943284e-04     1.868194e-29
 8.912510e-04     2.183902e-29
 1.000000e-03     2.555392e-29
 1.122018e-03     2.992898e-29
 1.258926e-03     3.508594e-29
 1.412538e-03     4.116945e-29
 1.584893e-03     4.835180e-29
 1.778279e-03     5.683817e-29
 1.995262e-03     6.687298e-29
 2.238722e-03     7.874759e-29
 2.511887e-03     9.280929e-29
 2.818383e-03     1.094725e-28
 3.162278e-03     1.292320e-28
 3.548133e-03     1.526781e-28
 3.981073e-03     1.805164e-28
 4.466837e-03     2.135894e-28
 5.011873e-03     2.529044e-28
 5.623413e-03     2.996676e-28
 6.309573e-03     3.553253e-28
 7.079460e-03     4.216181e-28
 7.943284e-03     5.006536e-28
 8.912510e-03     5.950052e-28
 1.000000e-02     7.078427e-28
 1.122019e-02     8.431047e-28
 1.258925e-02     1.005708e-27
 1.412538e-02     1.201814e-27
 1.584894e-02     1.439093e-27
 1.778279e-02     1.727044e-27
 1.995263e-02     2.077314e-27
 2.238721e-02     2.504006e-27
 2.511887e-02     3.024029e-27
 2.818385e-02     3.657443e-27
 3.162277e-02     4.427843e-27
 3.548136e-02     5.362883e-27
 3.981071e-02     6.494764e-27
 4.466837e-02     7.861061e-27
 5.011876e-02     9.505541e-27
 5.623413e-02     1.147933e-26
 6.309576e-02     1.384240e-26
 7.079456e-02     1.666516e-26
 7.943284e-02     2.003074e-26
 8.912515e-02     2.403740e-26
 1.000000e-01     2.880158e-26
 1.122019e-01     3.446286e-26
 1.258925e-01     4.111858e-26
 1.412538e-01     4.873282e-26
 1.584894e-01     5.723350e-26
 1.778279e-01     6.652960e-26
 1.995263e-01     7.652419e-26
 2.238721e-01     8.712266e-26
 2.511887e-01     9.823845e-26
 2.818385e-01     1.097948e-25
 3.162278e-01     1.217256e-25
 3.548135e-01     1.339755e-25
 3.981071e-01     1.464991e-25
 4.466837e-01     1.592609e-25
 5.011876e-01     1.722339e-25
 5.623413e-01     1.853994e-25
 6.309576e-01     1.987289e-25
 7.079456e-01     2.117961e-25
 7.943284e-01     2.246901e-25
 8.912515e-01     2.375810e-25
 1.000000e+00     2.506575e-25
 1.122019e+00     2.641067e-25
 1.258925e+00     2.781075e-25
 1.412538e+00     2.928364e-25
 1.584894e+00     3.084759e-25
 1.778279e+00     3.252272e-25
 1.995263e+00     3.433222e-25
 2.238721e+00     3.630333e-25
 2.511887e+00     3.846871e-25
 2.818385e+00     4.086755e-25
 3.162278e+00     4.354702e-25
 3.548136e+00     4.656402e-25
 3.981071e+00     4.998702e-25
 4.466837e+00     5.389860e-25
 5.011876e+00     5.839811e-25
 5.623413e+00     6.360507e-25
 6.309576e+00     6.965717e-25
 7.079456e+00     7.657297e-25
 7.943284e+00     8.458127e-25
 8.912516e+00     9.397663e-25
 1.000000e+01     1.051037e-24
 1.122019e+01     1.183569e-24
 1.258925e+01     1.341830e-24
 1.412538e+01     1.530889e-24
 1.584894e+01     1.756453e-24
 1.778279e+01     2.024892e-24
 1.995263e+01     2.343171e-24
 2.238721e+01     2.718633e-24
 2.511887e+01     3.158606e-24
 2.818385e+01     3.669704e-24
 3.162278e+01     4.256845e-24
 3.548135e+01     4.922110e-24
 3.981071e+01     5.663452e-24
 4.466837e+01     6.474004e-24
 5.011876e+01     7.354909e-24
 5.623413e+01     8.277271e-24
 6.309576e+01     9.238676e-24
 7.079456e+01     1.035076e-23
 7.943284e+01     1.155946e-23
 8.912515e+01     1.294261e-23
 1.000000e+02     1.457199e-23
 1.120000e+02     1.646645e-23
 1.250000e+02     1.852185e-23
 1.400000e+02     2.088385e-23
 1.550000e+02     2.318343e-23
 1.650000e+02     2.468009e-23
 1.750000e+02     2.610235e-23
 1.850000e+02     2.745910e-23
 1.900000e+02     2.809618e-23
 1.950000e+02     2.878332e-23
 2.000000e+02     2.948062e-23
 2.050000e+02     3.016194e-23
 2.100000e+02     3.101713e-23
 2.150000e+02     3.221182e-23
 2.180000e+02     3.319027e-23
 2.210000e+02     3.455100e-23
 2.240000e+02     3.637276e-23
 2.260000e+02     3.807524e-23
 2.270000e+02     3.902239e-23
 2.275000e+02     3.958025e-23
 2.278400e+02     4.002000e-23
 2.380000e+02     4.641819e-23
 2.500000e+02     5.390331e-23
 2.700000e+02     6.602587e-23
 2.900000e+02     7.772951e-23
 3.035000e+02     8.498690e-23
 3.037800e+02     1.167756e-22
 3.045000e+02     1.170977e-22
 3.060000e+02     1.178466e-22
 3.080000e+02     1.188399e-22
 3.100000e+02     1.198279e-22
 3.120000e+02     1.208463e-22
 3.150000e+02     1.223134e-22
 3.200000e+02     1.244601e-22
 3.250000e+02     1.271061e-22
 3.300000e+02     1.290510e-22
 3.400000e+02     1.326366e-22
 3.600000e+02     1.390535e-22
 3.800000e+02     1.453092e-22
 4.050000e+02     1.532513e-22
 4.250000e+02     1.587927e-22
 4.500000e+02     1.668611e-22
 4.650000e+02     1.719466e-22
 4.750000e+02     1.754567e-22
 4.820000e+02     1.779601e-22
 4.870000e+02     1.797828e-22
 4.910000e+02     1.820933e-22
 4.950000e+02     1.836318e-22
 4.980000e+02     1.850630e-22
 5.000000e+02     1.860262e-22
 5.020000e+02     1.869964e-22
 5.039800e+02     1.877497e-22
 5.100000e+02     1.904729e-22
 5.250000e+02     1.966446e-22
 5.600000e+02     2.143953e-22
 6.000000e+02     2.341489e-22
 6.500000e+02     2.604332e-22
 7.000000e+02     2.873685e-22
 7.500000e+02     3.178896e-22
 8.000000e+02     3.499144e-22
 8.300000e+02     3.711229e-22
 8.600000e+02     3.948486e-22
 8.800000e+02     4.126844e-22
 8.900000e+02     4.212503e-22
 8.960000e+02     4.264817e-22
 9.000000e+02     4.302753e-22
 9.030000e+02     4.346431e-22
 9.060000e+02     4.375370e-22
 9.090000e+02     4.404490e-22
 9.117800e+02     4.431635e-22
 9.300000e+02     6.141377e-22
 9.500000e+02     6.685751e-22
 9.750000e+02     8.452885e-22
 9.900000e+02     9.017697e-22
 1.005000e+03     1.039568e-21
 1.025000e+03     1.224619e-21
 1.045000e+03     1.426714e-21
 1.065000e+03     1.674007e-21
 1.085000e+03     1.955438e-21
 1.105000e+03     2.243214e-21
 1.125000e+03     2.571855e-21
 1.145000e+03     2.889521e-21
 1.165000e+03     3.239167e-21
 1.185000e+03     3.596560e-21
 1.205000e+03     3.951153e-21
 1.215600e+03     4.134209e-21
 1.215670e+03     4.235349e-21
 1.216000e+03     4.240355e-21
 1.218000e+03     4.270451e-21
 1.221000e+03     4.313787e-21
 1.225000e+03     4.368694e-21
 1.230000e+03     4.444129e-21
 1.240000e+03     4.625034e-21
 1.250000e+03     4.809399e-21
 1.265000e+03     5.145736e-21
 1.285000e+03     5.601735e-21
 1.305000e+03     6.083266e-21
 1.325000e+03     6.572832e-21
 1.345000e+03     7.080170e-21
 1.365000e+03     7.604047e-21
 1.385000e+03     8.125060e-21
 1.405000e+03     8.640317e-21
 1.425000e+03     9.155161e-21
 1.442000e+03     9.599362e-21
 1.455000e+03     9.948445e-21
 1.475000e+03     1.050658e-20
 1.517000e+03     1.158428e-20
 1.595000e+03     1.351065e-20
 1.672000e+03     1.544141e-20
 1.745000e+03     1.717973e-20
 1.825000e+03     1.901560e-20
 1.905000e+03     2.066875e-20
 1.984000e+03     2.217804e-20
 2.065000e+03     2.350491e-20
 2.135000e+03     2.444634e-20
 2.215000e+03     2.542064e-20
 2.295000e+03     2.633055e-20
 2.375000e+03     2.723843e-20
 2.455000e+03     2.813745e-20
 2.525000e+03     2.894455e-20
 2.605000e+03     2.987333e-20
 2.685000e+03     3.093065e-20
 2.765000e+03     3.192387e-20
 2.845000e+03     3.276954e-20
 2.950000e+03     3.407730e-20
 3.110000e+03     3.607112e-20
 3.270000e+03     3.795185e-20
 3.430000e+03     3.981327e-20
 3.590000e+03     4.161788e-20
 3.730000e+03     4.327866e-20
 3.890000e+03     4.665730e-20
 4.050000e+03     5.009021e-20
 4.210000e+03     5.568399e-20
 4.370000e+03     6.079791e-20
 4.530000e+03     6.596615e-20
 4.690000e+03     7.125645e-20
 4.850000e+03     7.610833e-20
 5.010000e+03     8.039972e-20
 5.170000e+03     8.485246e-20
 5.330000e+03     8.904917e-20
 5.490000e+03     9.323869e-20
 5.650000e+03     9.734684e-20
 5.810000e+03     1.013932e-19
 5.970000e+03     1.050739e-19
 6.130000e+03     1.086826e-19
 6.290000e+03     1.120020e-19
 6.450000e+03     1.152145e-19
 6.610000e+03     1.181559e-19
 6.770000e+03     1.211241e-19
 6.930000e+03     1.238796e-19
 7.090000e+03     1.264687e-19
 7.250000e+03     1.289255e-19
 7.410000e+03     1.312790e-19
 7.570000e+03     1.335628e-19
 7.730000e+03     1.358645e-19
 7.890000e+03     1.380399e-19
 8.050000e+03     1.401130e-19
 8.210000e+03     1.420828e-19
 8.370000e+03     1.440327e-19
 8.530000e+03     1.458364e-19
 8.690000e+03     1.476134e-19
 8.850000e+03     1.494714e-19
 9.010000e+03     1.512651e-19
 9.170000e+03     1.529917e-19
 9.330000e+03     1.547381e-19
 9.490000e+03     1.566864e-19
 9.650000e+03     1.582669e-19
 9.810000e+03     1.599843e-19
 9.970000e+03     1.616432e-19
 1.050000e+04     1.665423e-19
 1.150000e+04     1.731136e-19
 1.250000e+04     1.784167e-19
 1.350000e+04     1.824125e-19
 1.450000e+04     1.858568e-19
 1.550000e+04     1.893979e-19
 1.650000e+04     1.923787e-19
 1.750000e+04     1.936324e-19
 1.850000e+04     1.930206e-19
 1.950000e+04     1.908180e-19
 2.050000e+04     1.876695e-19
 2.150000e+04     1.839856e-19
 2.250000e+04     1.797195e-19
 2.350000e+04     1.745175e-19
 2.450000e+04     1.682128e-19
 2.550000e+04     1.623524e-19
 2.650000e+04     1.565172e-19
 2.750000e+04     1.512359e-19
 2.850000e+04     1.463093e-19
 2.950000e+04     1.415828e-19
 3.050000e+04     1.370317e-19
 3.150000e+04     1.326298e-19
 3.250000e+04     1.283481e-19
 3.350000e+04     1.241141e-19
 3.450000e+04     1.200763e-19
 3.550000e+04     1.162504e-19
 3.650000e+04     1.125648e-19
 3.750000e+04     1.090419e-19
 3.850000e+04     1.057779e-19
 3.950000e+04     1.025503e-19
 4.050000e+04     9.939718e-20
 4.150000e+04     9.631172e-20
 4.250000e+04     9.335091e-20
 4.350000e+04     9.051107e-20
 4.450000e+04     8.779169e-20
 4.550000e+04     8.516192e-20
 4.650000e+04     8.268451e-20
 4.750000e+04     8.045554e-20
 4.850000e+04     7.849757e-20
 4.950000e+04     7.677477e-20
 5.050000e+04     7.540760e-20
 5.150000e+04     7.442878e-20
 5.250000e+04     7.455194e-20
 5.350000e+04     7.600792e-20
 5.450000e+04     7.710223e-20
 5.550000e+04     7.804673e-20
 5.650000e+04     8.000571e-20
 5.750000e+04     8.287909e-20
 5.850000e+04     8.531170e-20
 5.950000e+04     8.803102e-20
 6.050000e+04     9.311455e-20
 6.150000e+04     1.018715e-19
 6.250000e+04     1.206204e-19
 6.350000e+04     1.343187e-19
 6.450000e+04     1.401036e-19
 6.550000e+04     1.420098e-19
 6.650010e+04     1.463575e-19
 6.750010e+04     1.501291e-19
 6.850010e+04     1.536706e-19
 6.950010e+04     1.594655e-19
 7.020000e+04     1.647582e-19
 7.100000e+04     1.703514e-19
 7.180000e+04     1.769464e-19
 7.260000e+04     1.841805e-19
 7.340000e+04     1.930551e-19
 7.420000e+04     2.054444e-19
 7.500000e+04     2.218421e-19
 7.580000e+04     2.411478e-19
 7.660000e+04     2.621034e-19
 7.740000e+04     2.814258e-19
 7.820000e+04     2.988795e-19
 7.900000e+04     3.137487e-19
 7.980000e+04     3.250145e-19
 8.060000e+04     3.330195e-19
 8.140000e+04     3.383904e-19
 8.220000e+04     3.422565e-19
 8.300000e+04     3.460286e-19
 8.380000e+04     3.501084e-19
 8.460000e+04     3.540750e-19
 8.540000e+04     3.585379e-19
 8.620000e+04     3.631672e-19
 8.700000e+04     3.663511e-19
 8.780000e+04     3.667435e-19
 8.860000e+04     3.646240e-19
 8.940000e+04     3.610285e-19
 9.020000e+04     3.566677e-19
 9.100000e+04     3.519870e-19
 9.180000e+04     3.471120e-19
 9.260000e+04     3.421240e-19
 9.340000e+04     3.370126e-19
 9.420000e+04     3.319703e-19
 9.500000e+04     3.271348e-19
 9.580000e+04     3.224296e-19
 9.660000e+04     3.182132e-19
 9.740000e+04     3.141242e-19
 9.820000e+04     3.095460e-19
 9.900000e+04     3.049907e-19
 9.980000e+04     3.005365e-19
 1.006000e+05     2.965021e-19
 1.020000e+05     2.899195e-19
 1.040000e+05     2.816526e-19
 1.060000e+05     2.773571e-19
 1.080000e+05     2.756013e-19
 1.100000e+05     2.750570e-19
 1.120000e+05     2.870402e-19
 1.140000e+05     3.149469e-19
 1.160000e+05     3.280372e-19
 1.180000e+05     3.281758e-19
 1.200000e+05     3.375000e-19
 1.220000e+05     3.472092e-19
 1.240000e+05     3.589252e-19
 1.260000e+05     3.735948e-19
 1.280000e+05     3.977365e-19
 1.300000e+05     4.173493e-19
 1.320000e+05     4.242900e-19
 1.340000e+05     4.246898e-19
 1.360000e+05     4.352591e-19
 1.380000e+05     4.407240e-19
 1.400000e+05     4.423823e-19
 1.420000e+05     4.513548e-19
 1.440000e+05     4.557061e-19
 1.460000e+05     4.578352e-19
 1.480000e+05     4.638171e-19
 1.500000e+05     4.674716e-19
 1.520000e+05     4.719098e-19
 1.540000e+05     4.778386e-19
 1.560000e+05     4.856508e-19
 1.580000e+05     4.930542e-19
 1.600000e+05     5.002984e-19
 1.620000e+05     5.081736e-19
 1.640000e+05     5.191874e-19
 1.660000e+05     5.340882e-19
 1.680000e+05     5.474498e-19
 1.700000e+05     5.625844e-19
 1.720000e+05     5.784391e-19
 1.740000e+05     5.930962e-19
 1.760000e+05     6.060785e-19
 1.780000e+05     6.156089e-19
 1.800000e+05     6.262462e-19
 1.820000e+05     6.368834e-19
 1.840000e+05     6.472881e-19
 1.860000e+05     6.578571e-19
 1.880000e+05     6.759753e-19
 1.900000e+05     6.887221e-19
 1.920000e+05     7.010915e-19
 1.940000e+05     7.129079e-19
 1.960000e+05     7.256180e-19
 1.980000e+05     7.393417e-19
 2.000000e+05     7.541203e-19
 2.020000e+05     7.692832e-19
 2.040000e+05     7.848193e-19
 2.060000e+05     8.013982e-19
 2.080000e+05     8.178132e-19
 2.100000e+05     8.354371e-19
 2.120000e+05     8.535571e-19
 2.140000e+05     8.718493e-19
 2.160000e+05     8.924855e-19
 2.180000e+05     9.144249e-19
 2.200000e+05     9.349722e-19
 2.220000e+05     9.570537e-19
 2.240000e+05     9.817898e-19
 2.260000e+05     1.005819e-18
 2.280000e+05     1.029537e-18
 2.300000e+05     1.055366e-18
 2.320000e+05     1.082965e-18
 2.340000e+05     1.110473e-18
 2.360000e+05     1.138179e-18
 2.380000e+05     1.167655e-18
 2.400000e+05     1.198828e-18
 2.420000e+05     1.229987e-18
 2.440000e+05     1.260659e-18
 2.460000e+05     1.293189e-18
 2.480000e+05     1.327821e-18
 2.500000e+05     1.363023e-18
 2.520000e+05     1.397865e-18
 2.540000e+05     1.433620e-18
 2.560000e+05     1.471612e-18
 2.580000e+05     1.511715e-18
 2.600000e+05     1.552737e-18
 2.620000e+05     1.593215e-18
 2.640000e+05     1.634458e-18
 2.660000e+05     1.677331e-18
 2.680000e+05     1.721758e-18
 2.700000e+05     1.766745e-18
 2.720000e+05     1.812379e-18
 2.740000e+05     1.858997e-18
 2.760000e+05     1.906876e-18
 2.780000e+05     1.956627e-18
 2.800000e+05     2.007591e-18
 2.820000e+05     2.059804e-18
 2.840000e+05     2.112572e-18
 2.860000e+05     2.164908e-18
 2.880000e+05     2.217517e-18
 2.900000e+05     2.271652e-18
 2.920000e+05     2.326758e-18
 2.940000e+05     2.383279e-18
 2.960000e+05     2.441474e-18
 2.980000e+05     2.499696e-18
 3.000000e+05     2.557702e-18
 3.020000e+05     2.617544e-18
 3.040000e+05     2.678637e-18
 3.060000e+05     2.740560e-18
 3.080000e+05     2.804028e-18
 3.100000e+05     2.867721e-18
 3.120000e+05     2.930980e-18
 3.140000e+05     2.995490e-18
 3.160000e+05     3.062824e-18
 3.180000e+05     3.130222e-18
 3.200000e+05     3.200130e-18
 3.220000e+05     3.271290e-18
 3.240000e+05     3.343368e-18
 3.260000e+05     3.417270e-18
 3.280000e+05     3.491533e-18
 3.300000e+05     3.568604e-18
 3.320000e+05     3.646259e-18
 3.340000e+05     3.731321e-18
 3.360000e+05     3.822913e-18
 3.380000e+05     3.910160e-18
 3.400000e+05     3.990542e-18
 3.420000e+05     4.071162e-18
 3.440000e+05     4.156232e-18
 3.460000e+05     4.242611e-18
 3.480000e+05     4.336500e-18
 3.500000e+05     4.437099e-18
 3.520000e+05     4.523978e-18
 3.540000e+05     4.607897e-18
 3.560000e+05     4.691208e-18
 3.580000e+05     4.771861e-18
 3.600000e+05     4.857016e-18
 3.620000e+05     4.943825e-18
 3.640000e+05     5.025013e-18
 3.660000e+05     5.108011e-18
 3.680000e+05     5.195089e-18
 3.700000e+05     5.281445e-18
 3.720000e+05     5.369496e-18
 3.740000e+05     5.458757e-18
 3.760000e+05     5.546765e-18
 3.780000e+05     5.636140e-18
 3.800000e+05     5.726252e-18
 3.820000e+05     5.819008e-18
 3.840000e+05     5.912138e-18
 3.860000e+05     6.005589e-18
 3.880000e+05     6.100763e-18
 3.900000e+05     6.196568e-18
 3.920000e+05     6.291118e-18
 4.320000e+05     8.376928e-18
 4.760000e+05     1.094708e-17
 5.250000e+05     1.401578e-17
 5.790000e+05     1.748006e-17
 6.390000e+05     2.122099e-17
 7.040000e+05     2.487128e-17
 7.760000e+05     2.814955e-17
 8.560000e+05     3.071716e-17
 9.430000e+05     3.231173e-17
 1.040000e+06     3.287262e-17
 1.147000e+06     3.240873e-17
 1.264000e+06     3.105999e-17
 1.394000e+06     2.898923e-17
 1.537000e+06     2.643462e-17
 1.694000e+06     2.361381e-17
 1.868000e+06     2.069136e-17
 2.059000e+06     1.784963e-17
 2.270000e+06     1.518301e-17
 2.503000e+06     1.276638e-17
 2.760000e+06     1.063826e-17
 3.043000e+06     8.808565e-18
 3.354000e+06     7.264290e-18
 3.698000e+06     5.969864e-18
 4.077000e+06     4.899226e-18
 4.495000e+06     4.017269e-18
 4.956000e+06     3.292279e-18
 5.464000e+06     2.696613e-18
 6.024000e+06     2.206355e-18
 6.641000e+06     1.802663e-18
 7.322000e+06     1.469971e-18
 8.073000e+06     1.196894e-18
 8.900000e+06     9.743653e-19
 9.813000e+06     7.942612e-19
 1.082000e+07     6.503707e-19
 1.193000e+07     5.369345e-19
 1.315000e+07     4.490752e-19
 1.450000e+07     3.818423e-19
 1.598000e+07     3.318910e-19
 1.762000e+07     2.953871e-19
 1.943000e+07     2.697688e-19
 2.142000e+07     2.527790e-19
 2.362000e+07     2.424798e-19
 2.604000e+07     2.374563e-19
 2.871000e+07     2.365480e-19
 3.165000e+07     2.388914e-19
 3.489000e+07     2.438316e-19
 3.847000e+07     2.508904e-19
 4.241000e+07     2.596764e-19
 4.676000e+07     2.699486e-19
 5.155000e+07     2.814860e-19
 5.683000e+07     2.941628e-19
 6.266000e+07     3.079141e-19
 6.908000e+07     3.226515e-19
 7.616000e+07     3.383593e-19
 8.397000e+07     3.550411e-19
 9.258000e+07     3.726878e-19
 1.020700e+08     3.913127e-19
 1.125300e+08     4.109348e-19
 1.240600e+08     4.316012e-19
 1.367800e+08     4.533682e-19
 1.508000e+08     4.762523e-19
 1.662500e+08     5.003092e-19
 1.833000e+08     5.256328e-19
 2.020800e+08     5.522223e-19
 2.228000e+08     5.801978e-19
 2.456300e+08     6.095772e-19
 2.708100e+08     6.404739e-19
 2.985700e+08     6.729456e-19
 3.291700e+08     7.070684e-19
 3.629100e+08     7.429443e-19
 4.001100e+08     7.806490e-19
 4.411200e+08     8.202742e-19
 4.863400e+08     8.619163e-19
 5.361900e+08     9.056797e-19
 5.911500e+08     9.516830e-19
 6.517400e+08     1.000036e-18
 7.185400e+08     1.050860e-18
 7.921900e+08     1.104272e-18
 8.733900e+08     1.160404e-18
 9.629200e+08     1.219404e-18
 1.000000e+09     1.243046e-18
