## EBL from Khaire & Srianand 2018; Q15 Model with alpha=-1.5 
## Column1:wavelength (Angstrom);  Column2:EBL specific intensity J_nu (erg/s/cm^2/Hz/Sr)
## ===========================================================================================
 1.000000e-08     9.022777e-37
 1.122019e-08     1.314004e-36
 1.258925e-08     1.894651e-36
 1.412538e-08     2.690587e-36
 1.584893e-08     3.755238e-36
 1.778279e-08     5.150037e-36
 1.995263e-08     6.945453e-36
 2.238721e-08     9.222182e-36
 2.511887e-08     1.207264e-35
 2.818382e-08     1.560249e-35
 3.162278e-08     1.993280e-35
 3.548135e-08     2.520219e-35
 3.981071e-08     3.156974e-35
 4.466837e-08     3.921845e-35
 5.011870e-08     4.835874e-35
 5.623413e-08     5.923357e-35
 6.309576e-08     7.212316e-35
 7.079456e-08     8.735129e-35
 7.943284e-08     1.052929e-34
 8.912505e-08     1.263814e-34
 1.000000e-07     1.511193e-34
 1.122019e-07     1.800882e-34
 1.258925e-07     2.139615e-34
 1.412538e-07     2.535212e-34
 1.584892e-07     2.996714e-34
 1.778279e-07     3.534624e-34
 1.995263e-07     4.161097e-34
 2.238721e-07     4.890219e-34
 2.511887e-07     5.738336e-34
 2.818382e-07     6.724369e-34
 3.162278e-07     7.870277e-34
 3.548136e-07     9.201486e-34
 3.981071e-07     1.074745e-33
 4.466837e-07     1.254236e-33
 5.011870e-07     1.462578e-33
 5.623413e-07     1.704363e-33
 6.309576e-07     1.984905e-33
 7.079456e-07     2.310363e-33
 7.943284e-07     2.687885e-33
 8.912505e-07     3.125736e-33
 1.000000e-06     3.633516e-33
 1.122019e-06     4.222335e-33
 1.258925e-06     4.905059e-33
 1.412538e-06     5.696629e-33
 1.584893e-06     6.614322e-33
 1.778279e-06     7.678184e-33
 1.995263e-06     8.911443e-33
 2.238721e-06     1.034099e-32
 2.511887e-06     1.199803e-32
 2.818382e-06     1.391867e-32
 3.162278e-06     1.614480e-32
 3.548136e-06     1.872495e-32
 3.981071e-06     2.171529e-32
 4.466837e-06     2.518105e-32
 5.011870e-06     2.919765e-32
 5.623413e-06     3.385266e-32
 6.309576e-06     3.924741e-32
 7.079456e-06     4.549932e-32
 7.943284e-06     5.274464e-32
 8.912505e-06     6.114096e-32
 1.000000e-05     7.087125e-32
 1.122019e-05     8.214723e-32
 1.258925e-05     9.521418e-32
 1.412538e-05     1.103569e-31
 1.584893e-05     1.279045e-31
 1.778279e-05     1.482393e-31
 1.995263e-05     1.718036e-31
 2.238721e-05     1.991102e-31
 2.511887e-05     2.307535e-31
 2.818382e-05     2.674218e-31
 3.162278e-05     3.099135e-31
 3.548135e-05     3.591527e-31
 3.981071e-05     4.162108e-31
 4.466837e-05     4.823300e-31
 5.011870e-05     5.589477e-31
 5.623413e-05     6.477325e-31
 6.309577e-05     7.506156e-31
 7.079457e-05     8.698342e-31
 7.943284e-05     1.007984e-30
 8.912505e-05     1.168069e-30
 1.000000e-04     1.353575e-30
 1.122018e-04     1.568534e-30
 1.258926e-04     1.817547e-30
 1.412538e-04     2.103170e-30
 1.584893e-04     2.431517e-30
 1.778279e-04     2.810253e-30
 1.995262e-04     3.248448e-30
 2.238722e-04     3.756712e-30
 2.511887e-04     4.347406e-30
 2.818383e-04     5.034981e-30
 3.162278e-04     5.836370e-30
 3.548134e-04     6.771474e-30
 3.981073e-04     7.863754e-30
 4.466837e-04     9.140894e-30
 5.011873e-04     1.063563e-29
 5.623413e-04     1.238670e-29
 6.309572e-04     1.443999e-29
 7.079460e-04     1.684989e-29
 7.943284e-04     1.968088e-29
 8.912510e-04     2.300951e-29
 1.000000e-03     2.692672e-29
 1.122018e-03     3.154053e-29
 1.258926e-03     3.697948e-29
 1.412538e-03     4.339631e-29
 1.584893e-03     5.097293e-29
 1.778279e-03     5.992604e-29
 1.995262e-03     7.051375e-29
 2.238722e-03     8.304378e-29
 2.511887e-03     9.788296e-29
 2.818383e-03     1.154690e-28
 3.162278e-03     1.363245e-28
 3.548133e-03     1.610731e-28
 3.981073e-03     1.904603e-28
 4.466837e-03     2.253758e-28
 5.011873e-03     2.668843e-28
 5.623413e-03     3.162601e-28
 6.309573e-03     3.750316e-28
 7.079460e-03     4.450392e-28
 7.943284e-03     5.285126e-28
 8.912510e-03     6.281762e-28
 1.000000e-02     7.473895e-28
 1.122019e-02     8.903308e-28
 1.258925e-02     1.062220e-27
 1.412538e-02     1.269600e-27
 1.584894e-02     1.520616e-27
 1.778279e-02     1.825347e-27
 1.995263e-02     2.196143e-27
 2.238721e-02     2.647934e-27
 2.511887e-02     3.198603e-27
 2.818385e-02     3.869334e-27
 3.162277e-02     4.685022e-27
 3.548136e-02     5.674817e-27
 3.981071e-02     6.872643e-27
 4.466837e-02     8.318076e-27
 5.011876e-02     1.005721e-26
 5.623413e-02     1.214391e-26
 6.309576e-02     1.464136e-26
 7.079456e-02     1.762379e-26
 7.943284e-02     2.117889e-26
 8.912515e-02     2.541029e-26
 1.000000e-01     3.044089e-26
 1.122019e-01     3.641819e-26
 1.258925e-01     4.343850e-26
 1.412538e-01     5.144933e-26
 1.584894e-01     6.036533e-26
 1.778279e-01     7.008648e-26
 1.995263e-01     8.051052e-26
 2.238721e-01     9.154007e-26
 2.511887e-01     1.030873e-25
 2.818385e-01     1.150751e-25
 3.162278e-01     1.274372e-25
 3.548135e-01     1.401186e-25
 3.981071e-01     1.530743e-25
 4.466837e-01     1.662693e-25
 5.011876e-01     1.796773e-25
 5.623413e-01     1.932804e-25
 6.309576e-01     2.070481e-25
 7.079456e-01     2.204999e-25
 7.943284e-01     2.337637e-25
 8.912515e-01     2.470400e-25
 1.000000e+00     2.605358e-25
 1.122019e+00     2.744475e-25
 1.258925e+00     2.889588e-25
 1.412538e+00     3.042504e-25
 1.584894e+00     3.205106e-25
 1.778279e+00     3.379489e-25
 1.995263e+00     3.568084e-25
 2.238721e+00     3.773760e-25
 2.511887e+00     3.999965e-25
 2.818385e+00     4.250839e-25
 3.162278e+00     4.531368e-25
 3.548136e+00     4.847568e-25
 3.981071e+00     5.206678e-25
 4.466837e+00     5.617429e-25
 5.011876e+00     6.090325e-25
 5.623413e+00     6.638000e-25
 6.309576e+00     7.274936e-25
 7.079456e+00     8.001957e-25
 7.943284e+00     8.844332e-25
 8.912516e+00     9.833873e-25
 1.000000e+01     1.100723e-24
 1.122019e+01     1.240596e-24
 1.258925e+01     1.407698e-24
 1.412538e+01     1.607338e-24
 1.584894e+01     1.845488e-24
 1.778279e+01     2.128795e-24
 1.995263e+01     2.464503e-24
 2.238721e+01     2.860196e-24
 2.511887e+01     3.323357e-24
 2.818385e+01     3.860600e-24
 3.162278e+01     4.476599e-24
 3.548135e+01     5.172903e-24
 3.981071e+01     5.946407e-24
 4.466837e+01     6.788561e-24
 5.011876e+01     7.692949e-24
 5.623413e+01     8.647027e-24
 6.309576e+01     9.656519e-24
 7.079456e+01     1.079046e-23
 7.943284e+01     1.206818e-23
 8.912515e+01     1.349078e-23
 1.000000e+02     1.519009e-23
 1.120000e+02     1.716959e-23
 1.250000e+02     1.927429e-23
 1.400000e+02     2.169314e-23
 1.550000e+02     2.406038e-23
 1.650000e+02     2.556297e-23
 1.750000e+02     2.699210e-23
 1.850000e+02     2.837676e-23
 1.900000e+02     2.905722e-23
 1.950000e+02     2.973356e-23
 2.000000e+02     3.037084e-23
 2.050000e+02     3.113538e-23
 2.100000e+02     3.206501e-23
 2.150000e+02     3.333152e-23
 2.180000e+02     3.438660e-23
 2.210000e+02     3.596852e-23
 2.240000e+02     3.803874e-23
 2.260000e+02     3.995381e-23
 2.270000e+02     4.106408e-23
 2.275000e+02     4.170914e-23
 2.278400e+02     4.216614e-23
 2.380000e+02     4.953174e-23
 2.500000e+02     5.771267e-23
 2.700000e+02     7.068364e-23
 2.900000e+02     8.256435e-23
 3.035000e+02     9.067972e-23
 3.037800e+02     1.280086e-22
 3.045000e+02     1.282894e-22
 3.060000e+02     1.289715e-22
 3.080000e+02     1.298777e-22
 3.100000e+02     1.307379e-22
 3.120000e+02     1.316378e-22
 3.150000e+02     1.329832e-22
 3.200000e+02     1.348213e-22
 3.250000e+02     1.366420e-22
 3.300000e+02     1.389390e-22
 3.400000e+02     1.421400e-22
 3.600000e+02     1.476619e-22
 3.800000e+02     1.536722e-22
 4.050000e+02     1.604573e-22
 4.250000e+02     1.659774e-22
 4.500000e+02     1.745841e-22
 4.650000e+02     1.801322e-22
 4.750000e+02     1.840218e-22
 4.820000e+02     1.877240e-22
 4.870000e+02     1.897107e-22
 4.910000e+02     1.913033e-22
 4.950000e+02     1.929166e-22
 4.980000e+02     1.941624e-22
 5.000000e+02     1.949995e-22
 5.020000e+02     1.958059e-22
 5.039800e+02     1.965671e-22
 5.100000e+02     1.994330e-22
 5.250000e+02     2.081288e-22
 5.600000e+02     2.259760e-22
 6.000000e+02     2.469208e-22
 6.500000e+02     2.739721e-22
 7.000000e+02     3.036712e-22
 7.500000e+02     3.353064e-22
 8.000000e+02     3.690858e-22
 8.300000e+02     3.919199e-22
 8.600000e+02     4.170058e-22
 8.800000e+02     4.359725e-22
 8.900000e+02     4.450843e-22
 8.960000e+02     4.523283e-22
 9.000000e+02     4.564672e-22
 9.030000e+02     4.595940e-22
 9.060000e+02     4.627413e-22
 9.090000e+02     4.659087e-22
 9.117800e+02     4.688619e-22
 9.300000e+02     6.181126e-22
 9.500000e+02     6.768378e-22
 9.750000e+02     9.217180e-22
 9.900000e+02     9.871433e-22
 1.005000e+03     1.155529e-21
 1.025000e+03     1.360487e-21
 1.045000e+03     1.586769e-21
 1.065000e+03     1.872593e-21
 1.085000e+03     2.204300e-21
 1.105000e+03     2.518311e-21
 1.125000e+03     2.888565e-21
 1.145000e+03     3.246776e-21
 1.165000e+03     3.654616e-21
 1.185000e+03     4.057592e-21
 1.205000e+03     4.459112e-21
 1.215600e+03     4.662603e-21
 1.215670e+03     4.770995e-21
 1.216000e+03     4.776477e-21
 1.218000e+03     4.809872e-21
 1.221000e+03     4.858187e-21
 1.225000e+03     4.920237e-21
 1.230000e+03     5.006768e-21
 1.240000e+03     5.207220e-21
 1.250000e+03     5.416667e-21
 1.265000e+03     5.799241e-21
 1.285000e+03     6.315250e-21
 1.305000e+03     6.857423e-21
 1.325000e+03     7.400963e-21
 1.345000e+03     7.961766e-21
 1.365000e+03     8.546046e-21
 1.385000e+03     9.126574e-21
 1.405000e+03     9.705693e-21
 1.425000e+03     1.027309e-20
 1.442000e+03     1.075581e-20
 1.455000e+03     1.113793e-20
 1.475000e+03     1.174691e-20
 1.517000e+03     1.294447e-20
 1.595000e+03     1.506355e-20
 1.672000e+03     1.713071e-20
 1.745000e+03     1.900606e-20
 1.825000e+03     2.096425e-20
 1.905000e+03     2.273722e-20
 1.984000e+03     2.429575e-20
 2.065000e+03     2.568024e-20
 2.135000e+03     2.665631e-20
 2.215000e+03     2.765515e-20
 2.295000e+03     2.857557e-20
 2.375000e+03     2.947543e-20
 2.455000e+03     3.041685e-20
 2.525000e+03     3.124026e-20
 2.605000e+03     3.219527e-20
 2.685000e+03     3.327585e-20
 2.765000e+03     3.430464e-20
 2.845000e+03     3.517292e-20
 2.950000e+03     3.651639e-20
 3.110000e+03     3.856291e-20
 3.270000e+03     4.047476e-20
 3.430000e+03     4.236572e-20
 3.590000e+03     4.419372e-20
 3.730000e+03     4.588678e-20
 3.890000e+03     4.948094e-20
 4.050000e+03     5.307906e-20
 4.210000e+03     5.890764e-20
 4.370000e+03     6.432293e-20
 4.530000e+03     6.973669e-20
 4.690000e+03     7.521815e-20
 4.850000e+03     8.020975e-20
 5.010000e+03     8.460295e-20
 5.170000e+03     8.912440e-20
 5.330000e+03     9.340351e-20
 5.490000e+03     9.763515e-20
 5.650000e+03     1.017883e-19
 5.810000e+03     1.058586e-19
 5.970000e+03     1.095360e-19
 6.130000e+03     1.131541e-19
 6.290000e+03     1.164381e-19
 6.450000e+03     1.196301e-19
 6.610000e+03     1.225332e-19
 6.770000e+03     1.254657e-19
 6.930000e+03     1.281894e-19
 7.090000e+03     1.307275e-19
 7.250000e+03     1.331373e-19
 7.410000e+03     1.354431e-19
 7.570000e+03     1.376810e-19
 7.730000e+03     1.399528e-19
 7.890000e+03     1.420721e-19
 8.050000e+03     1.441098e-19
 8.210000e+03     1.460516e-19
 8.370000e+03     1.479611e-19
 8.530000e+03     1.497280e-19
 8.690000e+03     1.514648e-19
 8.850000e+03     1.533004e-19
 9.010000e+03     1.550699e-19
 9.170000e+03     1.567750e-19
 9.330000e+03     1.585065e-19
 9.490000e+03     1.604341e-19
 9.650000e+03     1.620141e-19
 9.810000e+03     1.637243e-19
 9.970000e+03     1.653662e-19
 1.050000e+04     1.702052e-19
 1.150000e+04     1.765970e-19
 1.250000e+04     1.817078e-19
 1.350000e+04     1.855255e-19
 1.450000e+04     1.888254e-19
 1.550000e+04     1.922922e-19
 1.650000e+04     1.951923e-19
 1.750000e+04     1.962982e-19
 1.850000e+04     1.954853e-19
 1.950000e+04     1.930468e-19
 2.050000e+04     1.896794e-19
 2.150000e+04     1.857834e-19
 2.250000e+04     1.813071e-19
 2.350000e+04     1.758561e-19
 2.450000e+04     1.692757e-19
 2.550000e+04     1.632262e-19
 2.650000e+04     1.572365e-19
 2.750000e+04     1.518343e-19
 2.850000e+04     1.468167e-19
 2.950000e+04     1.420257e-19
 3.050000e+04     1.374204e-19
 3.150000e+04     1.329710e-19
 3.250000e+04     1.286452e-19
 3.350000e+04     1.244318e-19
 3.450000e+04     1.203475e-19
 3.550000e+04     1.164264e-19
 3.650000e+04     1.126468e-19
 3.750000e+04     1.091514e-19
 3.850000e+04     1.058112e-19
 3.950000e+04     1.024663e-19
 4.050000e+04     9.923943e-20
 4.150000e+04     9.611336e-20
 4.250000e+04     9.311157e-20
 4.350000e+04     9.016482e-20
 4.450000e+04     8.734273e-20
 4.550000e+04     8.478300e-20
 4.650000e+04     8.250842e-20
 4.750000e+04     8.046318e-20
 4.850000e+04     7.860930e-20
 4.950000e+04     7.696068e-20
 5.050000e+04     7.554944e-20
 5.150000e+04     7.439551e-20
 5.250000e+04     7.401709e-20
 5.350000e+04     7.521923e-20
 5.450000e+04     7.597280e-20
 5.550000e+04     7.646117e-20
 5.650000e+04     7.776602e-20
 5.750000e+04     8.045836e-20
 5.850000e+04     8.283604e-20
 5.950000e+04     8.550139e-20
 6.050000e+04     9.037421e-20
 6.150000e+04     9.843190e-20
 6.250000e+04     1.165669e-19
 6.350000e+04     1.301815e-19
 6.450000e+04     1.358473e-19
 6.550000e+04     1.381533e-19
 6.650010e+04     1.427358e-19
 6.750010e+04     1.464138e-19
 6.850010e+04     1.498763e-19
 6.950010e+04     1.550640e-19
 7.020000e+04     1.601708e-19
 7.100000e+04     1.656990e-19
 7.180000e+04     1.719538e-19
 7.260000e+04     1.786169e-19
 7.340000e+04     1.868166e-19
 7.420000e+04     1.984049e-19
 7.500000e+04     2.140315e-19
 7.580000e+04     2.328574e-19
 7.660000e+04     2.537609e-19
 7.740000e+04     2.731825e-19
 7.820000e+04     2.910286e-19
 7.900000e+04     3.066965e-19
 7.980000e+04     3.187666e-19
 8.060000e+04     3.276959e-19
 8.140000e+04     3.336553e-19
 8.220000e+04     3.380555e-19
 8.300000e+04     3.418983e-19
 8.380000e+04     3.456419e-19
 8.460000e+04     3.489863e-19
 8.540000e+04     3.528868e-19
 8.620000e+04     3.572551e-19
 8.700000e+04     3.603438e-19
 8.780000e+04     3.606482e-19
 8.860000e+04     3.584868e-19
 8.940000e+04     3.548977e-19
 9.020000e+04     3.505267e-19
 9.100000e+04     3.457712e-19
 9.180000e+04     3.408233e-19
 9.260000e+04     3.358201e-19
 9.340000e+04     3.306351e-19
 9.420000e+04     3.254474e-19
 9.500000e+04     3.204536e-19
 9.580000e+04     3.156078e-19
 9.660000e+04     3.113959e-19
 9.740000e+04     3.074193e-19
 9.820000e+04     3.029717e-19
 9.900000e+04     2.984907e-19
 9.980000e+04     2.940665e-19
 1.006000e+05     2.897885e-19
 1.020000e+05     2.829303e-19
 1.040000e+05     2.740813e-19
 1.060000e+05     2.689201e-19
 1.080000e+05     2.660831e-19
 1.100000e+05     2.650328e-19
 1.120000e+05     2.767415e-19
 1.140000e+05     3.044892e-19
 1.160000e+05     3.182271e-19
 1.180000e+05     3.200901e-19
 1.200000e+05     3.301255e-19
 1.220000e+05     3.395472e-19
 1.240000e+05     3.515464e-19
 1.260000e+05     3.663243e-19
 1.280000e+05     3.919387e-19
 1.300000e+05     4.134137e-19
 1.320000e+05     4.222819e-19
 1.340000e+05     4.224993e-19
 1.360000e+05     4.343685e-19
 1.380000e+05     4.393634e-19
 1.400000e+05     4.417464e-19
 1.420000e+05     4.500376e-19
 1.440000e+05     4.542362e-19
 1.460000e+05     4.583381e-19
 1.480000e+05     4.642017e-19
 1.500000e+05     4.685998e-19
 1.520000e+05     4.740150e-19
 1.540000e+05     4.797312e-19
 1.560000e+05     4.882167e-19
 1.580000e+05     4.962410e-19
 1.600000e+05     5.036481e-19
 1.620000e+05     5.118961e-19
 1.640000e+05     5.232674e-19
 1.660000e+05     5.383866e-19
 1.680000e+05     5.522344e-19
 1.700000e+05     5.678498e-19
 1.720000e+05     5.848380e-19
 1.740000e+05     5.998415e-19
 1.760000e+05     6.135721e-19
 1.780000e+05     6.235291e-19
 1.800000e+05     6.347160e-19
 1.820000e+05     6.451700e-19
 1.840000e+05     6.552964e-19
 1.860000e+05     6.659383e-19
 1.880000e+05     6.837107e-19
 1.900000e+05     6.963168e-19
 1.920000e+05     7.088483e-19
 1.940000e+05     7.211701e-19
 1.960000e+05     7.339502e-19
 1.980000e+05     7.486181e-19
 2.000000e+05     7.642207e-19
 2.020000e+05     7.800142e-19
 2.040000e+05     7.963829e-19
 2.060000e+05     8.138517e-19
 2.080000e+05     8.307049e-19
 2.100000e+05     8.490803e-19
 2.120000e+05     8.682596e-19
 2.140000e+05     8.876912e-19
 2.160000e+05     9.094242e-19
 2.180000e+05     9.326050e-19
 2.200000e+05     9.544002e-19
 2.220000e+05     9.779104e-19
 2.240000e+05     1.003963e-18
 2.260000e+05     1.029341e-18
 2.280000e+05     1.054647e-18
 2.300000e+05     1.082443e-18
 2.320000e+05     1.111844e-18
 2.340000e+05     1.141073e-18
 2.360000e+05     1.170613e-18
 2.380000e+05     1.202123e-18
 2.400000e+05     1.235160e-18
 2.420000e+05     1.268037e-18
 2.440000e+05     1.300805e-18
 2.460000e+05     1.335842e-18
 2.480000e+05     1.372838e-18
 2.500000e+05     1.410147e-18
 2.520000e+05     1.447490e-18
 2.540000e+05     1.486161e-18
 2.560000e+05     1.527048e-18
 2.580000e+05     1.569930e-18
 2.600000e+05     1.613935e-18
 2.620000e+05     1.657750e-18
 2.640000e+05     1.702409e-18
 2.660000e+05     1.748418e-18
 2.680000e+05     1.795857e-18
 2.700000e+05     1.844352e-18
 2.720000e+05     1.893657e-18
 2.740000e+05     1.943232e-18
 2.760000e+05     1.993697e-18
 2.780000e+05     2.046322e-18
 2.800000e+05     2.100897e-18
 2.820000e+05     2.157025e-18
 2.840000e+05     2.212948e-18
 2.860000e+05     2.267968e-18
 2.880000e+05     2.323604e-18
 2.900000e+05     2.381336e-18
 2.920000e+05     2.440351e-18
 2.940000e+05     2.500541e-18
 2.960000e+05     2.562544e-18
 2.980000e+05     2.624527e-18
 3.000000e+05     2.686488e-18
 3.020000e+05     2.750248e-18
 3.040000e+05     2.815782e-18
 3.060000e+05     2.881698e-18
 3.080000e+05     2.949540e-18
 3.100000e+05     3.017382e-18
 3.120000e+05     3.084479e-18
 3.140000e+05     3.153324e-18
 3.160000e+05     3.225421e-18
 3.180000e+05     3.297468e-18
 3.200000e+05     3.372253e-18
 3.220000e+05     3.448683e-18
 3.240000e+05     3.525845e-18
 3.260000e+05     3.605145e-18
 3.280000e+05     3.684496e-18
 3.300000e+05     3.766263e-18
 3.320000e+05     3.849214e-18
 3.340000e+05     3.940492e-18
 3.360000e+05     4.039538e-18
 3.380000e+05     4.133663e-18
 3.400000e+05     4.220312e-18
 3.420000e+05     4.307325e-18
 3.440000e+05     4.398987e-18
 3.460000e+05     4.492259e-18
 3.480000e+05     4.592693e-18
 3.500000e+05     4.699224e-18
 3.520000e+05     4.794113e-18
 3.540000e+05     4.886402e-18
 3.560000e+05     4.976192e-18
 3.580000e+05     5.063578e-18
 3.600000e+05     5.155683e-18
 3.620000e+05     5.247679e-18
 3.640000e+05     5.336241e-18
 3.660000e+05     5.425469e-18
 3.680000e+05     5.518012e-18
 3.700000e+05     5.610160e-18
 3.720000e+05     5.704234e-18
 3.740000e+05     5.799604e-18
 3.760000e+05     5.892298e-18
 3.780000e+05     5.987355e-18
 3.800000e+05     6.085134e-18
 3.820000e+05     6.184601e-18
 3.840000e+05     6.283673e-18
 3.860000e+05     6.384384e-18
 3.880000e+05     6.486383e-18
 3.900000e+05     6.588280e-18
 3.920000e+05     6.690923e-18
 4.320000e+05     8.946842e-18
 4.760000e+05     1.169964e-17
 5.250000e+05     1.494467e-17
 5.790000e+05     1.856476e-17
 6.390000e+05     2.243219e-17
 7.040000e+05     2.613666e-17
 7.760000e+05     2.936662e-17
 8.560000e+05     3.179541e-17
 9.430000e+05     3.319156e-17
 1.040000e+06     3.352144e-17
 1.147000e+06     3.282472e-17
 1.264000e+06     3.126598e-17
 1.394000e+06     2.902106e-17
 1.537000e+06     2.633732e-17
 1.694000e+06     2.343229e-17
 1.868000e+06     2.046573e-17
 2.059000e+06     1.761287e-17
 2.270000e+06     1.495936e-17
 2.503000e+06     1.257159e-17
 2.760000e+06     1.048041e-17
 3.043000e+06     8.689497e-18
 3.354000e+06     7.181336e-18
 3.698000e+06     5.917854e-18
 4.077000e+06     4.871480e-18
 4.495000e+06     4.006949e-18
 4.956000e+06     3.293161e-18
 5.464000e+06     2.703596e-18
 6.024000e+06     2.215685e-18
 6.641000e+06     1.811900e-18
 7.322000e+06     1.477811e-18
 8.073000e+06     1.202889e-18
 8.900000e+06     9.786377e-19
 9.813000e+06     7.971926e-19
 1.082000e+07     6.524181e-19
 1.193000e+07     5.386316e-19
 1.315000e+07     4.508686e-19
 1.450000e+07     3.840500e-19
 1.598000e+07     3.347054e-19
 1.762000e+07     2.989151e-19
 1.943000e+07     2.740508e-19
 2.142000e+07     2.578154e-19
 2.362000e+07     2.482502e-19
 2.604000e+07     2.439249e-19
 2.871000e+07     2.436819e-19
 3.165000e+07     2.466612e-19
 3.489000e+07     2.522130e-19
 3.847000e+07     2.598691e-19
 4.241000e+07     2.692421e-19
 4.676000e+07     2.801007e-19
 5.155000e+07     2.922249e-19
 5.683000e+07     3.054997e-19
 6.266000e+07     3.198651e-19
 6.908000e+07     3.352378e-19
 7.616000e+07     3.516031e-19
 8.397000e+07     3.689698e-19
 9.258000e+07     3.873328e-19
 1.020700e+08     4.067036e-19
 1.125300e+08     4.271063e-19
 1.240600e+08     4.485924e-19
 1.367800e+08     4.712200e-19
 1.508000e+08     4.950066e-19
 1.662500e+08     5.200116e-19
 1.833000e+08     5.463291e-19
 2.020800e+08     5.739617e-19
 2.228000e+08     6.030337e-19
 2.456300e+08     6.335641e-19
 2.708100e+08     6.656697e-19
 2.985700e+08     6.994138e-19
 3.291700e+08     7.348727e-19
 3.629100e+08     7.721503e-19
 4.001100e+08     8.113291e-19
 4.411200e+08     8.524998e-19
 4.863400e+08     8.957650e-19
 5.361900e+08     9.412375e-19
 5.911500e+08     9.890357e-19
 6.517400e+08     1.039275e-18
 7.185400e+08     1.092075e-18
 7.921900e+08     1.147560e-18
 8.733900e+08     1.205868e-18
 9.629200e+08     1.267153e-18
 1.000000e+09     1.291710e-18
