## EBL from Khaire & Srianand 2018; Q15 Model with alpha=-1.5 
## Column1:wavelength (Angstrom);  Column2:EBL specific intensity J_nu (erg/s/cm^2/Hz/Sr)
## ===========================================================================================
 1.000000e-08     6.308925e-38
 1.122019e-08     9.169683e-38
 1.258925e-08     1.311055e-37
 1.412538e-08     1.837157e-37
 1.584893e-08     2.524053e-37
 1.778279e-08     3.405334e-37
 1.995263e-08     4.519669e-37
 2.238721e-08     5.911293e-37
 2.511887e-08     7.630795e-37
 2.818382e-08     9.735968e-37
 3.162278e-08     1.229305e-36
 3.548135e-08     1.537800e-36
 3.981071e-08     1.907812e-36
 4.466837e-08     2.349406e-36
 5.011870e-08     2.874174e-36
 5.623413e-08     3.495531e-36
 6.309576e-08     4.228965e-36
 7.079456e-08     5.092395e-36
 7.943284e-08     6.106591e-36
 8.912505e-08     7.295572e-36
 1.000000e-07     8.687211e-36
 1.122019e-07     1.031377e-35
 1.258925e-07     1.221262e-35
 1.412538e-07     1.442716e-35
 1.584892e-07     1.700756e-35
 1.778279e-07     2.001214e-35
 1.995263e-07     2.350834e-35
 2.238721e-07     2.757438e-35
 2.511887e-07     3.230096e-35
 2.818382e-07     3.779311e-35
 3.162278e-07     4.417273e-35
 3.548136e-07     5.158094e-35
 3.981071e-07     6.018121e-35
 4.466837e-07     7.016332e-35
 5.011870e-07     8.174680e-35
 5.623413e-07     9.518648e-35
 6.309576e-07     1.107774e-34
 7.079456e-07     1.288612e-34
 7.943284e-07     1.498347e-34
 8.912505e-07     1.741566e-34
 1.000000e-06     2.023594e-34
 1.122019e-06     2.350599e-34
 1.258925e-06     2.729720e-34
 1.412538e-06     3.169249e-34
 1.584893e-06     3.678772e-34
 1.778279e-06     4.269415e-34
 1.995263e-06     4.954067e-34
 2.238721e-06     5.747650e-34
 2.511887e-06     6.667478e-34
 2.818382e-06     7.733592e-34
 3.162278e-06     8.969243e-34
 3.548136e-06     1.040135e-33
 3.981071e-06     1.206109e-33
 4.466837e-06     1.398464e-33
 5.011870e-06     1.621389e-33
 5.623413e-06     1.879741e-33
 6.309576e-06     2.179144e-33
 7.079456e-06     2.526112e-33
 7.943284e-06     2.928208e-33
 8.912505e-06     3.394175e-33
 1.000000e-05     3.934168e-33
 1.122019e-05     4.559934e-33
 1.258925e-05     5.285086e-33
 1.412538e-05     6.125425e-33
 1.584893e-05     7.099219e-33
 1.778279e-05     8.227672e-33
 1.995263e-05     9.535348e-33
 2.238721e-05     1.105068e-32
 2.511887e-05     1.280667e-32
 2.818382e-05     1.484150e-32
 3.162278e-05     1.719948e-32
 3.548135e-05     1.993190e-32
 3.981071e-05     2.309820e-32
 4.466837e-05     2.676730e-32
 5.011870e-05     3.101899e-32
 5.623413e-05     3.594586e-32
 6.309577e-05     4.165505e-32
 7.079457e-05     4.827073e-32
 7.943284e-05     5.593693e-32
 8.912505e-05     6.482032e-32
 1.000000e-04     7.511435e-32
 1.122018e-04     8.704280e-32
 1.258926e-04     1.008456e-31
 1.412538e-04     1.165165e-31
 1.584893e-04     1.345594e-31
 1.778279e-04     1.554589e-31
 1.995262e-04     1.797358e-31
 2.238722e-04     2.079812e-31
 2.511887e-04     2.408830e-31
 2.818383e-04     2.792483e-31
 3.162278e-04     3.240287e-31
 3.548134e-04     3.763473e-31
 3.981073e-04     4.375319e-31
 4.466837e-04     5.091526e-31
 5.011873e-04     5.930685e-31
 5.623413e-04     6.914820e-31
 6.309572e-04     8.070040e-31
 7.079460e-04     9.427326e-31
 7.943284e-04     1.102343e-30
 8.912510e-04     1.290202e-30
 1.000000e-03     1.511499e-30
 1.122018e-03     1.772406e-30
 1.258926e-03     2.080268e-30
 1.412538e-03     2.443820e-30
 1.584893e-03     2.873472e-30
 1.778279e-03     3.381632e-30
 1.995262e-03     3.983084e-30
 2.238722e-03     4.695467e-30
 2.511887e-03     5.539814e-30
 2.818383e-03     6.541242e-30
 3.162278e-03     7.729742e-30
 3.548133e-03     9.141124e-30
 3.981073e-03     1.081821e-29
 4.466837e-03     1.281214e-29
 5.011873e-03     1.518414e-29
 5.623413e-03     1.800760e-29
 6.309573e-03     2.137073e-29
 7.079460e-03     2.538029e-29
 7.943284e-03     3.016641e-29
 8.912510e-03     3.588963e-29
 1.000000e-02     4.274984e-29
 1.122019e-02     5.099787e-29
 1.258925e-02     6.094883e-29
 1.412538e-02     7.299786e-29
 1.584894e-02     8.763503e-29
 1.778279e-02     1.054617e-28
 1.995263e-02     1.272065e-28
 2.238721e-02     1.537389e-28
 2.511887e-02     1.860876e-28
 2.818385e-02     2.254572e-28
 3.162277e-02     2.732506e-28
 3.548136e-02     3.311001e-28
 3.981071e-02     4.008987e-28
 4.466837e-02     4.848540e-28
 5.011876e-02     5.855405e-28
 5.623413e-02     7.059758e-28
 6.309576e-02     8.497138e-28
 7.079456e-02     1.020945e-27
 7.943284e-02     1.224640e-27
 8.912515e-02     1.466691e-27
 1.000000e-01     1.754106e-27
 1.122019e-01     2.095520e-27
 1.258925e-01     2.490120e-27
 1.412538e-01     2.925903e-27
 1.584894e-01     3.395480e-27
 1.778279e-01     3.893629e-27
 1.995263e-01     4.416207e-27
 2.238721e-01     4.959678e-27
 2.511887e-01     5.520991e-27
 2.818385e-01     6.097515e-27
 3.162278e-01     6.687041e-27
 3.548135e-01     7.287800e-27
 3.981071e-01     7.898425e-27
 4.466837e-01     8.517956e-27
 5.011876e-01     9.145781e-27
 5.623413e-01     9.781613e-27
 6.309576e-01     1.042046e-26
 7.079456e-01     1.101585e-26
 7.943284e-01     1.160864e-26
 8.912515e-01     1.221756e-26
 1.000000e+00     1.285250e-26
 1.122019e+00     1.352045e-26
 1.258925e+00     1.422808e-26
 1.412538e+00     1.498290e-26
 1.584894e+00     1.579383e-26
 1.778279e+00     1.667156e-26
 1.995263e+00     1.762886e-26
 2.238721e+00     1.868089e-26
 2.511887e+00     1.984549e-26
 2.818385e+00     2.114346e-26
 3.162278e+00     2.259870e-26
 3.548136e+00     2.423821e-26
 3.981071e+00     2.609150e-26
 4.466837e+00     2.818970e-26
 5.011876e+00     3.056316e-26
 5.623413e+00     3.323783e-26
 6.309576e+00     3.621169e-26
 7.079456e+00     3.930624e-26
 7.943284e+00     4.262744e-26
 8.912516e+00     4.624919e-26
 1.000000e+01     4.973383e-26
 1.122019e+01     5.353831e-26
 1.258925e+01     5.704133e-26
 1.412538e+01     6.004249e-26
 1.584894e+01     6.213076e-26
 1.778279e+01     6.352876e-26
 1.995263e+01     6.353263e-26
 2.238721e+01     6.230812e-26
 2.511887e+01     5.971774e-26
 2.818385e+01     5.603405e-26
 3.162278e+01     5.153580e-26
 3.548135e+01     4.658461e-26
 3.981071e+01     4.144805e-26
 4.466837e+01     3.644076e-26
 5.011876e+01     3.174682e-26
 5.623413e+01     2.751614e-26
 6.309576e+01     2.383169e-26
 7.079456e+01     2.067496e-26
 7.943284e+01     1.800053e-26
 8.912515e+01     1.575391e-26
 1.000000e+02     1.387186e-26
 1.120000e+02     1.232883e-26
 1.250000e+02     1.108113e-26
 1.400000e+02     1.000947e-26
 1.550000e+02     9.213960e-27
 1.650000e+02     8.790550e-27
 1.750000e+02     8.438859e-27
 1.850000e+02     8.158714e-27
 1.900000e+02     8.071561e-27
 1.950000e+02     8.066727e-27
 2.000000e+02     8.240027e-27
 2.050000e+02     8.783773e-27
 2.100000e+02     1.010393e-26
 2.150000e+02     1.299248e-26
 2.180000e+02     1.606890e-26
 2.210000e+02     2.073210e-26
 2.240000e+02     2.771937e-26
 2.260000e+02     3.416316e-26
 2.270000e+02     3.806255e-26
 2.275000e+02     4.020548e-26
 2.278400e+02     4.174218e-26
 2.380000e+02     1.354838e-23
 2.500000e+02     2.933167e-23
 2.700000e+02     4.155674e-23
 2.900000e+02     4.834245e-23
 3.035000e+02     5.179874e-23
 3.037800e+02     6.737918e-23
 3.045000e+02     6.635717e-23
 3.060000e+02     6.473419e-23
 3.080000e+02     6.286815e-23
 3.100000e+02     6.142754e-23
 3.120000e+02     6.029278e-23
 3.150000e+02     5.912737e-23
 3.200000e+02     5.819341e-23
 3.250000e+02     5.806490e-23
 3.300000e+02     5.846496e-23
 3.400000e+02     6.002762e-23
 3.600000e+02     6.405718e-23
 3.800000e+02     6.825192e-23
 4.050000e+02     7.352431e-23
 4.250000e+02     7.769433e-23
 4.500000e+02     8.290822e-23
 4.650000e+02     8.602357e-23
 4.750000e+02     8.810649e-23
 4.820000e+02     8.956068e-23
 4.870000e+02     9.057730e-23
 4.910000e+02     9.139917e-23
 4.950000e+02     9.226859e-23
 4.980000e+02     9.285479e-23
 5.000000e+02     9.328120e-23
 5.020000e+02     9.366740e-23
 5.039800e+02     9.409243e-23
 5.100000e+02     1.011784e-22
 5.250000e+02     1.121055e-22
 5.600000e+02     1.253879e-22
 6.000000e+02     1.364138e-22
 6.500000e+02     1.496755e-22
 7.000000e+02     1.648187e-22
 7.500000e+02     1.837847e-22
 8.000000e+02     2.086116e-22
 8.300000e+02     2.272898e-22
 8.600000e+02     2.498151e-22
 8.800000e+02     2.671152e-22
 8.900000e+02     2.765571e-22
 8.960000e+02     2.824508e-22
 9.000000e+02     2.864955e-22
 9.030000e+02     2.896070e-22
 9.060000e+02     2.927519e-22
 9.090000e+02     2.959750e-22
 9.117800e+02     2.990000e-22
 9.300000e+02     7.650936e-22
 9.500000e+02     1.677341e-21
 9.750000e+02     3.160254e-21
 9.900000e+02     3.890130e-21
 1.005000e+03     4.746227e-21
 1.025000e+03     6.148072e-21
 1.045000e+03     7.314935e-21
 1.065000e+03     8.987565e-21
 1.085000e+03     1.060347e-20
 1.105000e+03     1.219106e-20
 1.125000e+03     1.387492e-20
 1.145000e+03     1.536524e-20
 1.165000e+03     1.697333e-20
 1.185000e+03     1.835355e-20
 1.205000e+03     1.972340e-20
 1.215600e+03     2.030727e-20
 1.215670e+03     2.220121e-20
 1.216000e+03     2.221163e-20
 1.218000e+03     2.227512e-20
 1.221000e+03     2.236986e-20
 1.225000e+03     2.249554e-20
 1.230000e+03     2.263856e-20
 1.240000e+03     2.313520e-20
 1.250000e+03     2.382915e-20
 1.265000e+03     2.500915e-20
 1.285000e+03     2.639350e-20
 1.305000e+03     2.769912e-20
 1.325000e+03     2.908005e-20
 1.345000e+03     3.064862e-20
 1.365000e+03     3.177818e-20
 1.385000e+03     3.310122e-20
 1.405000e+03     3.430694e-20
 1.425000e+03     3.549585e-20
 1.442000e+03     3.635184e-20
 1.455000e+03     3.703135e-20
 1.475000e+03     3.814327e-20
 1.517000e+03     3.988562e-20
 1.595000e+03     4.265916e-20
 1.672000e+03     4.489537e-20
 1.745000e+03     4.668009e-20
 1.825000e+03     4.847148e-20
 1.905000e+03     4.965261e-20
 1.984000e+03     5.058758e-20
 2.065000e+03     5.120715e-20
 2.135000e+03     5.155605e-20
 2.215000e+03     5.170175e-20
 2.295000e+03     5.188240e-20
 2.375000e+03     5.196106e-20
 2.455000e+03     5.209544e-20
 2.525000e+03     5.209638e-20
 2.605000e+03     5.228828e-20
 2.685000e+03     5.259441e-20
 2.765000e+03     5.275592e-20
 2.845000e+03     5.269960e-20
 2.950000e+03     5.286234e-20
 3.110000e+03     5.309033e-20
 3.270000e+03     5.313556e-20
 3.430000e+03     5.293431e-20
 3.590000e+03     5.289038e-20
 3.730000e+03     5.332137e-20
 3.890000e+03     5.610480e-20
 4.050000e+03     5.967016e-20
 4.210000e+03     6.418372e-20
 4.370000e+03     6.782530e-20
 4.530000e+03     7.113426e-20
 4.690000e+03     7.409206e-20
 4.850000e+03     7.596456e-20
 5.010000e+03     7.780556e-20
 5.170000e+03     7.934871e-20
 5.330000e+03     8.084007e-20
 5.490000e+03     8.220102e-20
 5.650000e+03     8.350234e-20
 5.810000e+03     8.478888e-20
 5.970000e+03     8.571500e-20
 6.130000e+03     8.662827e-20
 6.290000e+03     8.740571e-20
 6.450000e+03     8.805176e-20
 6.610000e+03     8.861930e-20
 6.770000e+03     8.923505e-20
 6.930000e+03     8.974314e-20
 7.090000e+03     9.015578e-20
 7.250000e+03     9.053043e-20
 7.410000e+03     9.089809e-20
 7.570000e+03     9.131993e-20
 7.730000e+03     9.178826e-20
 7.890000e+03     9.221619e-20
 8.050000e+03     9.258500e-20
 8.210000e+03     9.296472e-20
 8.370000e+03     9.333675e-20
 8.530000e+03     9.368262e-20
 8.690000e+03     9.405366e-20
 8.850000e+03     9.458638e-20
 9.010000e+03     9.507701e-20
 9.170000e+03     9.558161e-20
 9.330000e+03     9.615518e-20
 9.490000e+03     9.676324e-20
 9.650000e+03     9.724321e-20
 9.810000e+03     9.775511e-20
 9.970000e+03     9.825458e-20
 1.050000e+04     9.937106e-20
 1.150000e+04     1.001493e-19
 1.250000e+04     1.003392e-19
 1.350000e+04     1.003271e-19
 1.450000e+04     1.004690e-19
 1.550000e+04     1.013627e-19
 1.650000e+04     1.018652e-19
 1.750000e+04     1.012655e-19
 1.850000e+04     9.949286e-20
 1.950000e+04     9.678844e-20
 2.050000e+04     9.392812e-20
 2.150000e+04     9.099756e-20
 2.250000e+04     8.796056e-20
 2.350000e+04     8.424204e-20
 2.450000e+04     8.037311e-20
 2.550000e+04     7.749175e-20
 2.650000e+04     7.518938e-20
 2.750000e+04     7.376119e-20
 2.850000e+04     7.276243e-20
 2.950000e+04     7.202409e-20
 3.050000e+04     7.147783e-20
 3.150000e+04     7.112820e-20
 3.250000e+04     7.099271e-20
 3.350000e+04     7.110631e-20
 3.450000e+04     7.151936e-20
 3.550000e+04     7.229924e-20
 3.650000e+04     7.342957e-20
 3.750000e+04     7.482936e-20
 3.850000e+04     7.620028e-20
 3.950000e+04     7.753069e-20
 4.050000e+04     7.883505e-20
 4.150000e+04     8.013898e-20
 4.250000e+04     8.147533e-20
 4.350000e+04     8.285855e-20
 4.450000e+04     8.427396e-20
 4.550000e+04     8.568244e-20
 4.650000e+04     8.704715e-20
 4.750000e+04     8.838579e-20
 4.850000e+04     8.978177e-20
 4.950000e+04     9.128275e-20
 5.050000e+04     9.285793e-20
 5.150000e+04     9.465369e-20
 5.250000e+04     9.720120e-20
 5.350000e+04     1.009650e-19
 5.450000e+04     1.042369e-19
 5.550000e+04     1.079622e-19
 5.650000e+04     1.123790e-19
 5.750000e+04     1.171886e-19
 5.850000e+04     1.207004e-19
 5.950000e+04     1.233165e-19
 6.050000e+04     1.270793e-19
 6.150000e+04     1.337937e-19
 6.250000e+04     1.494049e-19
 6.350000e+04     1.617245e-19
 6.450000e+04     1.687399e-19
 6.550000e+04     1.742594e-19
 6.650010e+04     1.796122e-19
 6.750010e+04     1.846390e-19
 6.850010e+04     1.881949e-19
 6.950010e+04     1.918828e-19
 7.020000e+04     1.963466e-19
 7.100000e+04     2.012683e-19
 7.180000e+04     2.074181e-19
 7.260000e+04     2.147791e-19
 7.340000e+04     2.236469e-19
 7.420000e+04     2.347310e-19
 7.500000e+04     2.491400e-19
 7.580000e+04     2.663849e-19
 7.660000e+04     2.853713e-19
 7.740000e+04     3.034612e-19
 7.820000e+04     3.207003e-19
 7.900000e+04     3.366715e-19
 7.980000e+04     3.492317e-19
 8.060000e+04     3.588184e-19
 8.140000e+04     3.656782e-19
 8.220000e+04     3.705511e-19
 8.300000e+04     3.740144e-19
 8.380000e+04     3.763009e-19
 8.460000e+04     3.778325e-19
 8.540000e+04     3.793161e-19
 8.620000e+04     3.809312e-19
 8.700000e+04     3.815963e-19
 8.780000e+04     3.804090e-19
 8.860000e+04     3.778106e-19
 8.940000e+04     3.745947e-19
 9.020000e+04     3.711935e-19
 9.100000e+04     3.676283e-19
 9.180000e+04     3.638848e-19
 9.260000e+04     3.598502e-19
 9.340000e+04     3.553315e-19
 9.420000e+04     3.502678e-19
 9.500000e+04     3.446082e-19
 9.580000e+04     3.384525e-19
 9.660000e+04     3.323415e-19
 9.740000e+04     3.264056e-19
 9.820000e+04     3.204088e-19
 9.900000e+04     3.148107e-19
 9.980000e+04     3.097549e-19
 1.006000e+05     3.051367e-19
 1.020000e+05     2.977140e-19
 1.040000e+05     2.872604e-19
 1.060000e+05     2.787475e-19
 1.080000e+05     2.725909e-19
 1.100000e+05     2.701087e-19
 1.120000e+05     2.791651e-19
 1.140000e+05     3.013078e-19
 1.160000e+05     3.132735e-19
 1.180000e+05     3.212991e-19
 1.200000e+05     3.293388e-19
 1.220000e+05     3.369209e-19
 1.240000e+05     3.452333e-19
 1.260000e+05     3.561958e-19
 1.280000e+05     3.778138e-19
 1.300000e+05     3.999144e-19
 1.320000e+05     4.082066e-19
 1.340000e+05     4.150043e-19
 1.360000e+05     4.176662e-19
 1.380000e+05     4.174644e-19
 1.400000e+05     4.148277e-19
 1.420000e+05     4.121762e-19
 1.440000e+05     4.100091e-19
 1.460000e+05     4.090862e-19
 1.480000e+05     4.089149e-19
 1.500000e+05     4.079212e-19
 1.520000e+05     4.060875e-19
 1.540000e+05     4.037319e-19
 1.560000e+05     4.031805e-19
 1.580000e+05     4.021520e-19
 1.600000e+05     4.006072e-19
 1.620000e+05     4.004498e-19
 1.640000e+05     4.031585e-19
 1.660000e+05     4.093042e-19
 1.680000e+05     4.144815e-19
 1.700000e+05     4.218027e-19
 1.720000e+05     4.318533e-19
 1.740000e+05     4.383983e-19
 1.760000e+05     4.449052e-19
 1.780000e+05     4.497259e-19
 1.800000e+05     4.548534e-19
 1.820000e+05     4.587868e-19
 1.840000e+05     4.627944e-19
 1.860000e+05     4.675400e-19
 1.880000e+05     4.773308e-19
 1.900000e+05     4.835834e-19
 1.920000e+05     4.896296e-19
 1.940000e+05     4.968398e-19
 1.960000e+05     5.051240e-19
 1.980000e+05     5.145270e-19
 2.000000e+05     5.243898e-19
 2.020000e+05     5.344811e-19
 2.040000e+05     5.446524e-19
 2.060000e+05     5.538690e-19
 2.080000e+05     5.616426e-19
 2.100000e+05     5.708264e-19
 2.120000e+05     5.797762e-19
 2.140000e+05     5.884005e-19
 2.160000e+05     5.998225e-19
 2.180000e+05     6.120779e-19
 2.200000e+05     6.228335e-19
 2.220000e+05     6.343720e-19
 2.240000e+05     6.478156e-19
 2.260000e+05     6.601214e-19
 2.280000e+05     6.713452e-19
 2.300000e+05     6.842541e-19
 2.320000e+05     6.986630e-19
 2.340000e+05     7.129005e-19
 2.360000e+05     7.264954e-19
 2.380000e+05     7.413152e-19
 2.400000e+05     7.578574e-19
 2.420000e+05     7.741301e-19
 2.440000e+05     7.894977e-19
 2.460000e+05     8.060075e-19
 2.480000e+05     8.242342e-19
 2.500000e+05     8.427412e-19
 2.520000e+05     8.603707e-19
 2.540000e+05     8.779867e-19
 2.560000e+05     8.972140e-19
 2.580000e+05     9.181917e-19
 2.600000e+05     9.396413e-19
 2.620000e+05     9.596409e-19
 2.640000e+05     9.791038e-19
 2.660000e+05     9.999146e-19
 2.680000e+05     1.022281e-18
 2.700000e+05     1.044977e-18
 2.720000e+05     1.066860e-18
 2.740000e+05     1.087921e-18
 2.760000e+05     1.110111e-18
 2.780000e+05     1.134521e-18
 2.800000e+05     1.160270e-18
 2.820000e+05     1.186212e-18
 2.840000e+05     1.210723e-18
 2.860000e+05     1.234105e-18
 2.880000e+05     1.257612e-18
 2.900000e+05     1.283305e-18
 2.920000e+05     1.308930e-18
 2.940000e+05     1.335193e-18
 2.960000e+05     1.361654e-18
 2.980000e+05     1.388080e-18
 3.000000e+05     1.413577e-18
 3.020000e+05     1.440730e-18
 3.040000e+05     1.468844e-18
 3.060000e+05     1.496785e-18
 3.080000e+05     1.525490e-18
 3.100000e+05     1.553417e-18
 3.120000e+05     1.580125e-18
 3.140000e+05     1.607936e-18
 3.160000e+05     1.637762e-18
 3.180000e+05     1.667554e-18
 3.200000e+05     1.698528e-18
 3.220000e+05     1.730940e-18
 3.240000e+05     1.763323e-18
 3.260000e+05     1.795778e-18
 3.280000e+05     1.828539e-18
 3.300000e+05     1.861048e-18
 3.320000e+05     1.894743e-18
 3.340000e+05     1.937277e-18
 3.360000e+05     1.983572e-18
 3.380000e+05     2.026736e-18
 3.400000e+05     2.060858e-18
 3.420000e+05     2.094319e-18
 3.440000e+05     2.132166e-18
 3.460000e+05     2.169896e-18
 3.480000e+05     2.214359e-18
 3.500000e+05     2.264093e-18
 3.520000e+05     2.303236e-18
 3.540000e+05     2.337662e-18
 3.560000e+05     2.371383e-18
 3.580000e+05     2.401660e-18
 3.600000e+05     2.434243e-18
 3.620000e+05     2.468391e-18
 3.640000e+05     2.499996e-18
 3.660000e+05     2.528625e-18
 3.680000e+05     2.558997e-18
 3.700000e+05     2.591573e-18
 3.720000e+05     2.622668e-18
 3.740000e+05     2.654586e-18
 3.760000e+05     2.687527e-18
 3.780000e+05     2.719645e-18
 3.800000e+05     2.752927e-18
 3.820000e+05     2.787925e-18
 3.840000e+05     2.822668e-18
 3.860000e+05     2.858348e-18
 3.880000e+05     2.895450e-18
 3.900000e+05     2.932361e-18
 3.920000e+05     2.969771e-18
 4.320000e+05     3.781492e-18
 4.760000e+05     4.708733e-18
 5.250000e+05     5.769487e-18
 5.790000e+05     6.925802e-18
 6.390000e+05     8.147511e-18
 7.040000e+05     9.286615e-18
 7.760000e+05     1.031729e-17
 8.560000e+05     1.123644e-17
 9.430000e+05     1.203998e-17
 1.040000e+06     1.276966e-17
 1.147000e+06     1.342636e-17
 1.264000e+06     1.399300e-17
 1.394000e+06     1.444455e-17
 1.537000e+06     1.471738e-17
 1.694000e+06     1.474743e-17
 1.868000e+06     1.448571e-17
 2.059000e+06     1.391372e-17
 2.270000e+06     1.304505e-17
 2.503000e+06     1.192941e-17
 2.760000e+06     1.064141e-17
 3.043000e+06     9.267017e-18
 3.354000e+06     7.888660e-18
 3.698000e+06     6.565065e-18
 4.077000e+06     5.352161e-18
 4.495000e+06     4.279519e-18
 4.956000e+06     3.360964e-18
 5.464000e+06     2.596861e-18
 6.024000e+06     1.976629e-18
 6.641000e+06     1.484427e-18
 7.322000e+06     1.100899e-18
 8.073000e+06     8.076357e-19
 8.900000e+06     5.872121e-19
 9.813000e+06     4.237038e-19
 1.082000e+07     3.045112e-19
 1.193000e+07     2.187581e-19
 1.315000e+07     1.577382e-19
 1.450000e+07     1.143283e-19
 1.598000e+07     8.387368e-20
 1.762000e+07     6.239103e-20
 1.943000e+07     4.739581e-20
 2.142000e+07     3.702678e-20
 2.362000e+07     2.987819e-20
 2.604000e+07     2.503448e-20
 2.871000e+07     2.180724e-20
 3.165000e+07     1.973317e-20
 3.489000e+07     1.848093e-20
 3.847000e+07     1.782039e-20
 4.241000e+07     1.759629e-20
 4.676000e+07     1.769379e-20
 5.155000e+07     1.803564e-20
 5.683000e+07     1.857106e-20
 6.266000e+07     1.925881e-20
 6.908000e+07     2.007640e-20
 7.616000e+07     2.099988e-20
 8.397000e+07     2.202821e-20
 9.258000e+07     2.314894e-20
 1.020700e+08     2.435388e-20
 1.125300e+08     2.564106e-20
 1.240600e+08     2.701912e-20
 1.367800e+08     2.848603e-20
 1.508000e+08     3.003445e-20
 1.662500e+08     3.167913e-20
 1.833000e+08     3.342576e-20
 2.020800e+08     3.527187e-20
 2.228000e+08     3.722911e-20
 2.456300e+08     3.929438e-20
 2.708100e+08     4.148252e-20
 2.985700e+08     4.379985e-20
 3.291700e+08     4.625029e-20
 3.629100e+08     4.884787e-20
 4.001100e+08     5.159552e-20
 4.411200e+08     5.450065e-20
 4.863400e+08     5.757197e-20
 5.361900e+08     6.082694e-20
 5.911500e+08     6.427541e-20
 6.517400e+08     6.792770e-20
 7.185400e+08     7.179767e-20
 7.921900e+08     7.589499e-20
 8.733900e+08     8.023806e-20
 9.629200e+08     8.484163e-20
 1.000000e+09     8.669605e-20
