## EBL from Khaire & Srianand 2018; Q15 Model with alpha=-1.5 
## Column1:wavelength (Angstrom);  Column2:EBL specific intensity J_nu (erg/s/cm^2/Hz/Sr)
## ===========================================================================================
 1.000000e-08     7.905865e-37
 1.122019e-08     1.150141e-36
 1.258925e-08     1.650729e-36
 1.412538e-08     2.326306e-36
 1.584893e-08     3.216571e-36
 1.778279e-08     4.367561e-36
 1.995263e-08     5.832273e-36
 2.238721e-08     7.671426e-36
 2.511887e-08     9.954536e-36
 2.818382e-08     1.276105e-35
 3.162278e-08     1.618202e-35
 3.548135e-08     2.032177e-35
 3.981071e-08     2.530015e-35
 4.466837e-08     3.125516e-35
 5.011870e-08     3.834571e-35
 5.623413e-08     4.675550e-35
 6.309576e-08     5.669655e-35
 7.079456e-08     6.841409e-35
 7.943284e-08     8.219225e-35
 8.912505e-08     9.835954e-35
 1.000000e-07     1.172971e-34
 1.122019e-07     1.394461e-34
 1.258925e-07     1.653175e-34
 1.412538e-07     1.955047e-34
 1.584892e-07     2.306936e-34
 1.778279e-07     2.716813e-34
 1.995263e-07     3.193901e-34
 2.238721e-07     3.748892e-34
 2.511887e-07     4.394187e-34
 2.818382e-07     5.144147e-34
 3.162278e-07     6.015436e-34
 3.548136e-07     7.027346e-34
 3.981071e-07     8.202229e-34
 4.466837e-07     9.566033e-34
 5.011870e-07     1.114877e-33
 5.623413e-07     1.298529e-33
 6.309576e-07     1.511591e-33
 7.079456e-07     1.758738e-33
 7.943284e-07     2.045392e-33
 8.912505e-07     2.377825e-33
 1.000000e-06     2.763321e-33
 1.122019e-06     3.210308e-33
 1.258925e-06     3.728551e-33
 1.412538e-06     4.329387e-33
 1.584893e-06     5.025922e-33
 1.778279e-06     5.833369e-33
 1.995263e-06     6.769349e-33
 2.238721e-06     7.854267e-33
 2.511887e-06     9.111797e-33
 2.818382e-06     1.056934e-32
 3.162278e-06     1.225868e-32
 3.548136e-06     1.421663e-32
 3.981071e-06     1.648583e-32
 4.466837e-06     1.911574e-32
 5.011870e-06     2.216360e-32
 5.623413e-06     2.569586e-32
 6.309576e-06     2.978940e-32
 7.079456e-06     3.453331e-32
 7.943284e-06     4.003095e-32
 8.912505e-06     4.640192e-32
 1.000000e-05     5.378503e-32
 1.122019e-05     6.234091e-32
 1.258925e-05     7.225569e-32
 1.412538e-05     8.374540e-32
 1.584893e-05     9.705986e-32
 1.778279e-05     1.124890e-31
 1.995263e-05     1.303685e-31
 2.238721e-05     1.510875e-31
 2.511887e-05     1.750969e-31
 2.818382e-05     2.029189e-31
 3.162278e-05     2.351593e-31
 3.548135e-05     2.725194e-31
 3.981071e-05     3.158119e-31
 4.466837e-05     3.659793e-31
 5.011870e-05     4.241123e-31
 5.623413e-05     4.914771e-31
 6.309577e-05     5.695386e-31
 7.079457e-05     6.599944e-31
 7.943284e-05     7.648142e-31
 8.912505e-05     8.862766e-31
 1.000000e-04     1.027027e-30
 1.122018e-04     1.190124e-30
 1.258926e-04     1.378986e-30
 1.412538e-04     1.594383e-30
 1.584893e-04     1.842013e-30
 1.778279e-04     2.128245e-30
 1.995262e-04     2.460197e-30
 2.238722e-04     2.845999e-30
 2.511887e-04     3.295065e-30
 2.818383e-04     3.818405e-30
 3.162278e-04     4.428962e-30
 3.548134e-04     5.141985e-30
 3.981073e-04     5.975485e-30
 4.466837e-04     6.950748e-30
 5.011873e-04     8.092973e-30
 5.623413e-04     9.431993e-30
 6.309572e-04     1.100317e-29
 7.079460e-04     1.284845e-29
 7.943284e-04     1.501757e-29
 8.912510e-04     1.756963e-29
 1.000000e-03     2.057484e-29
 1.122018e-03     2.411666e-29
 1.258926e-03     2.829441e-29
 1.412538e-03     3.322619e-29
 1.584893e-03     3.905269e-29
 1.778279e-03     4.594157e-29
 1.995262e-03     5.409260e-29
 2.238722e-03     6.374400e-29
 2.511887e-03     7.517986e-29
 2.818383e-03     8.873933e-29
 3.162278e-03     1.048273e-28
 3.548133e-03     1.239272e-28
 3.981073e-03     1.466169e-28
 4.466837e-03     1.735866e-28
 5.011873e-03     2.056622e-28
 5.623413e-03     2.438330e-28
 6.309573e-03     2.892876e-28
 7.079460e-03     3.434604e-28
 7.943284e-03     4.080963e-28
 8.912510e-03     4.853388e-28
 1.000000e-02     5.778471e-28
 1.122019e-02     6.889473e-28
 1.258925e-02     8.228110e-28
 1.412538e-02     9.846703e-28
 1.584894e-02     1.181029e-27
 1.778279e-02     1.419898e-27
 1.995263e-02     1.711026e-27
 2.238721e-02     2.066110e-27
 2.511887e-02     2.499054e-27
 2.818385e-02     3.026207e-27
 3.162277e-02     3.666668e-27
 3.548136e-02     4.442704e-27
 3.981071e-02     5.380164e-27
 4.466837e-02     6.509175e-27
 5.011876e-02     7.864855e-27
 5.623413e-02     9.488295e-27
 6.309576e-02     1.142782e-26
 7.079456e-02     1.374034e-26
 7.943284e-02     1.649321e-26
 8.912515e-02     1.976626e-26
 1.000000e-01     2.365429e-26
 1.122019e-01     2.827236e-26
 1.258925e-01     3.365295e-26
 1.412538e-01     3.968131e-26
 1.584894e-01     4.626055e-26
 1.778279e-01     5.330931e-26
 1.995263e-01     6.075876e-26
 2.238721e-01     6.854968e-26
 2.511887e-01     7.663137e-26
 2.818385e-01     8.496038e-26
 3.162278e-01     9.350012e-26
 3.548135e-01     1.022209e-25
 3.981071e-01     1.110990e-25
 4.466837e-01     1.201172e-25
 5.011876e-01     1.292633e-25
 5.623413e-01     1.385305e-25
 6.309576e-01     1.478828e-25
 7.079456e-01     1.567854e-25
 7.943284e-01     1.655716e-25
 8.912515e-01     1.744796e-25
 1.000000e+00     1.836740e-25
 1.122019e+00     1.932803e-25
 1.258925e+00     2.034102e-25
 1.412538e+00     2.141787e-25
 1.584894e+00     2.257152e-25
 1.778279e+00     2.381726e-25
 1.995263e+00     2.517346e-25
 2.238721e+00     2.666220e-25
 2.511887e+00     2.831016e-25
 2.818385e+00     3.014950e-25
 3.162278e+00     3.221898e-25
 3.548136e+00     3.456533e-25
 3.981071e+00     3.724473e-25
 4.466837e+00     4.032490e-25
 5.011876e+00     4.388715e-25
 5.623413e+00     4.802903e-25
 6.309576e+00     5.285548e-25
 7.079456e+00     5.830918e-25
 7.943284e+00     6.466173e-25
 8.912516e+00     7.218294e-25
 1.000000e+01     8.114929e-25
 1.122019e+01     9.185705e-25
 1.258925e+01     1.046298e-24
 1.412538e+01     1.198219e-24
 1.584894e+01     1.378138e-24
 1.778279e+01     1.589985e-24
 1.995263e+01     1.837535e-24
 2.238721e+01     2.124015e-24
 2.511887e+01     2.451359e-24
 2.818385e+01     2.818351e-24
 3.162278e+01     3.219166e-24
 3.548135e+01     3.660863e-24
 3.981071e+01     4.120063e-24
 4.466837e+01     4.547544e-24
 5.011876e+01     5.066527e-24
 5.623413e+01     5.531686e-24
 6.309576e+01     5.998989e-24
 7.079456e+01     6.522886e-24
 7.943284e+01     7.084854e-24
 8.912515e+01     7.742232e-24
 1.000000e+02     8.495393e-24
 1.120000e+02     9.347051e-24
 1.250000e+02     1.020847e-23
 1.400000e+02     1.112652e-23
 1.550000e+02     1.195158e-23
 1.650000e+02     1.244562e-23
 1.750000e+02     1.289994e-23
 1.850000e+02     1.332715e-23
 1.900000e+02     1.353217e-23
 1.950000e+02     1.375385e-23
 2.000000e+02     1.400982e-23
 2.050000e+02     1.438459e-23
 2.100000e+02     1.502129e-23
 2.150000e+02     1.622262e-23
 2.180000e+02     1.746425e-23
 2.210000e+02     1.927208e-23
 2.240000e+02     2.204660e-23
 2.260000e+02     2.464467e-23
 2.270000e+02     2.619440e-23
 2.275000e+02     2.705850e-23
 2.278400e+02     2.770189e-23
 2.380000e+02     3.677235e-23
 2.500000e+02     4.585513e-23
 2.700000e+02     5.779744e-23
 2.900000e+02     6.862323e-23
 3.035000e+02     7.509681e-23
 3.037800e+02     1.491625e-22
 3.045000e+02     1.481655e-22
 3.060000e+02     1.463649e-22
 3.080000e+02     1.440761e-22
 3.100000e+02     1.419116e-22
 3.120000e+02     1.398657e-22
 3.150000e+02     1.369380e-22
 3.200000e+02     1.326985e-22
 3.250000e+02     1.288886e-22
 3.300000e+02     1.256030e-22
 3.400000e+02     1.205453e-22
 3.600000e+02     1.152962e-22
 3.800000e+02     1.150663e-22
 4.050000e+02     1.195369e-22
 4.250000e+02     1.250763e-22
 4.500000e+02     1.334345e-22
 4.650000e+02     1.387413e-22
 4.750000e+02     1.420788e-22
 4.820000e+02     1.447356e-22
 4.870000e+02     1.463362e-22
 4.910000e+02     1.477236e-22
 4.950000e+02     1.495373e-22
 4.980000e+02     1.505272e-22
 5.000000e+02     1.511784e-22
 5.020000e+02     1.519020e-22
 5.039800e+02     1.526448e-22
 5.100000e+02     1.555611e-22
 5.250000e+02     1.626830e-22
 5.600000e+02     1.777465e-22
 6.000000e+02     1.943956e-22
 6.500000e+02     2.150012e-22
 7.000000e+02     2.366590e-22
 7.500000e+02     2.612676e-22
 8.000000e+02     2.913395e-22
 8.300000e+02     3.118901e-22
 8.600000e+02     3.366660e-22
 8.800000e+02     3.554758e-22
 8.900000e+02     3.656755e-22
 8.960000e+02     3.717241e-22
 9.000000e+02     3.764313e-22
 9.030000e+02     3.795383e-22
 9.060000e+02     3.827408e-22
 9.090000e+02     3.866574e-22
 9.117800e+02     3.897401e-22
 9.300000e+02     7.109489e-22
 9.500000e+02     1.024357e-21
 9.750000e+02     1.636635e-21
 9.900000e+02     1.945412e-21
 1.005000e+03     2.354094e-21
 1.025000e+03     3.006366e-21
 1.045000e+03     3.600927e-21
 1.065000e+03     4.424467e-21
 1.085000e+03     5.305780e-21
 1.105000e+03     6.162995e-21
 1.125000e+03     7.128080e-21
 1.145000e+03     8.018458e-21
 1.165000e+03     9.042600e-21
 1.185000e+03     9.959795e-21
 1.205000e+03     1.092101e-20
 1.215600e+03     1.135822e-20
 1.215670e+03     1.187653e-20
 1.216000e+03     1.189099e-20
 1.218000e+03     1.197527e-20
 1.221000e+03     1.208934e-20
 1.225000e+03     1.221785e-20
 1.230000e+03     1.236972e-20
 1.240000e+03     1.279092e-20
 1.250000e+03     1.326721e-20
 1.265000e+03     1.408076e-20
 1.285000e+03     1.517863e-20
 1.305000e+03     1.637852e-20
 1.325000e+03     1.752240e-20
 1.345000e+03     1.866531e-20
 1.365000e+03     1.979454e-20
 1.385000e+03     2.093096e-20
 1.405000e+03     2.195785e-20
 1.425000e+03     2.299983e-20
 1.442000e+03     2.388391e-20
 1.455000e+03     2.461531e-20
 1.475000e+03     2.564599e-20
 1.517000e+03     2.768261e-20
 1.595000e+03     3.089894e-20
 1.672000e+03     3.380211e-20
 1.745000e+03     3.636861e-20
 1.825000e+03     3.892142e-20
 1.905000e+03     4.091150e-20
 1.984000e+03     4.263134e-20
 2.065000e+03     4.404077e-20
 2.135000e+03     4.487977e-20
 2.215000e+03     4.567122e-20
 2.295000e+03     4.643422e-20
 2.375000e+03     4.714865e-20
 2.455000e+03     4.793739e-20
 2.525000e+03     4.863234e-20
 2.605000e+03     4.950257e-20
 2.685000e+03     5.058441e-20
 2.765000e+03     5.150734e-20
 2.845000e+03     5.226589e-20
 2.950000e+03     5.345777e-20
 3.110000e+03     5.524257e-20
 3.270000e+03     5.677384e-20
 3.430000e+03     5.821517e-20
 3.590000e+03     5.954143e-20
 3.730000e+03     6.100243e-20
 3.890000e+03     6.556000e-20
 4.050000e+03     6.995827e-20
 4.210000e+03     7.682600e-20
 4.370000e+03     8.286129e-20
 4.530000e+03     8.865417e-20
 4.690000e+03     9.420164e-20
 4.850000e+03     9.874239e-20
 5.010000e+03     1.027598e-19
 5.170000e+03     1.065121e-19
 5.330000e+03     1.100627e-19
 5.490000e+03     1.133459e-19
 5.650000e+03     1.165532e-19
 5.810000e+03     1.196747e-19
 5.970000e+03     1.223108e-19
 6.130000e+03     1.249031e-19
 6.290000e+03     1.271377e-19
 6.450000e+03     1.292262e-19
 6.610000e+03     1.311157e-19
 6.770000e+03     1.330221e-19
 6.930000e+03     1.347504e-19
 7.090000e+03     1.363108e-19
 7.250000e+03     1.377561e-19
 7.410000e+03     1.391410e-19
 7.570000e+03     1.404977e-19
 7.730000e+03     1.419597e-19
 7.890000e+03     1.432832e-19
 8.050000e+03     1.444986e-19
 8.210000e+03     1.457244e-19
 8.370000e+03     1.468756e-19
 8.530000e+03     1.479659e-19
 8.690000e+03     1.490579e-19
 8.850000e+03     1.503440e-19
 9.010000e+03     1.515528e-19
 9.170000e+03     1.527088e-19
 9.330000e+03     1.541715e-19
 9.490000e+03     1.554156e-19
 9.650000e+03     1.566417e-19
 9.810000e+03     1.578068e-19
 9.970000e+03     1.590501e-19
 1.050000e+04     1.622587e-19
 1.150000e+04     1.658195e-19
 1.250000e+04     1.682897e-19
 1.350000e+04     1.699308e-19
 1.450000e+04     1.714419e-19
 1.550000e+04     1.736538e-19
 1.650000e+04     1.753219e-19
 1.750000e+04     1.751438e-19
 1.850000e+04     1.731015e-19
 1.950000e+04     1.695500e-19
 2.050000e+04     1.654504e-19
 2.150000e+04     1.609929e-19
 2.250000e+04     1.560835e-19
 2.350000e+04     1.500460e-19
 2.450000e+04     1.430050e-19
 2.550000e+04     1.369855e-19
 2.650000e+04     1.311562e-19
 2.750000e+04     1.261767e-19
 2.850000e+04     1.216203e-19
 2.950000e+04     1.173335e-19
 3.050000e+04     1.132378e-19
 3.150000e+04     1.092971e-19
 3.250000e+04     1.054717e-19
 3.350000e+04     1.017570e-19
 3.450000e+04     9.817533e-20
 3.550000e+04     9.476330e-20
 3.650000e+04     9.150343e-20
 3.750000e+04     8.839046e-20
 3.850000e+04     8.544705e-20
 3.950000e+04     8.278617e-20
 4.050000e+04     8.055449e-20
 4.150000e+04     7.803997e-20
 4.250000e+04     7.558165e-20
 4.350000e+04     7.295906e-20
 4.450000e+04     7.034472e-20
 4.550000e+04     6.783372e-20
 4.650000e+04     6.560411e-20
 4.750000e+04     6.366970e-20
 4.850000e+04     6.203915e-20
 4.950000e+04     6.075598e-20
 5.050000e+04     5.986605e-20
 5.150000e+04     5.941113e-20
 5.250000e+04     5.943400e-20
 5.350000e+04     5.997458e-20
 5.450000e+04     6.106911e-20
 5.550000e+04     6.268349e-20
 5.650000e+04     6.482782e-20
 5.750000e+04     6.766782e-20
 5.850000e+04     6.961340e-20
 5.950000e+04     7.113231e-20
 6.050000e+04     7.407968e-20
 6.150000e+04     8.046541e-20
 6.250000e+04     9.606184e-20
 6.350000e+04     1.070976e-19
 6.450000e+04     1.111224e-19
 6.550000e+04     1.147921e-19
 6.650010e+04     1.175942e-19
 6.750010e+04     1.214275e-19
 6.850010e+04     1.241539e-19
 6.950010e+04     1.285541e-19
 7.020000e+04     1.328379e-19
 7.100000e+04     1.375108e-19
 7.180000e+04     1.417818e-19
 7.260000e+04     1.458777e-19
 7.340000e+04     1.518343e-19
 7.420000e+04     1.604360e-19
 7.500000e+04     1.727127e-19
 7.580000e+04     1.882539e-19
 7.660000e+04     2.054817e-19
 7.740000e+04     2.219622e-19
 7.820000e+04     2.372918e-19
 7.900000e+04     2.508454e-19
 7.980000e+04     2.615884e-19
 8.060000e+04     2.690043e-19
 8.140000e+04     2.739803e-19
 8.220000e+04     2.778407e-19
 8.300000e+04     2.805395e-19
 8.380000e+04     2.829601e-19
 8.460000e+04     2.853143e-19
 8.540000e+04     2.880133e-19
 8.620000e+04     2.911735e-19
 8.700000e+04     2.932812e-19
 8.780000e+04     2.932088e-19
 8.860000e+04     2.914170e-19
 8.940000e+04     2.887833e-19
 9.020000e+04     2.851918e-19
 9.100000e+04     2.813651e-19
 9.180000e+04     2.775280e-19
 9.260000e+04     2.734460e-19
 9.340000e+04     2.692780e-19
 9.420000e+04     2.650784e-19
 9.500000e+04     2.610717e-19
 9.580000e+04     2.572305e-19
 9.660000e+04     2.539755e-19
 9.740000e+04     2.510011e-19
 9.820000e+04     2.474915e-19
 9.900000e+04     2.439075e-19
 9.980000e+04     2.401337e-19
 1.006000e+05     2.367933e-19
 1.020000e+05     2.316351e-19
 1.040000e+05     2.253938e-19
 1.060000e+05     2.223269e-19
 1.080000e+05     2.209659e-19
 1.100000e+05     2.205365e-19
 1.120000e+05     2.305377e-19
 1.140000e+05     2.540116e-19
 1.160000e+05     2.620875e-19
 1.180000e+05     2.692007e-19
 1.200000e+05     2.780897e-19
 1.220000e+05     2.901957e-19
 1.240000e+05     3.046107e-19
 1.260000e+05     3.233246e-19
 1.280000e+05     3.520690e-19
 1.300000e+05     3.787207e-19
 1.320000e+05     3.850457e-19
 1.340000e+05     3.982114e-19
 1.360000e+05     4.050012e-19
 1.380000e+05     4.158375e-19
 1.400000e+05     4.212571e-19
 1.420000e+05     4.307451e-19
 1.440000e+05     4.368708e-19
 1.460000e+05     4.450551e-19
 1.480000e+05     4.509913e-19
 1.500000e+05     4.584173e-19
 1.520000e+05     4.640586e-19
 1.540000e+05     4.701406e-19
 1.560000e+05     4.782519e-19
 1.580000e+05     4.848810e-19
 1.600000e+05     4.899598e-19
 1.620000e+05     4.946294e-19
 1.640000e+05     5.023220e-19
 1.660000e+05     5.123887e-19
 1.680000e+05     5.223145e-19
 1.700000e+05     5.329140e-19
 1.720000e+05     5.470109e-19
 1.740000e+05     5.583967e-19
 1.760000e+05     5.664337e-19
 1.780000e+05     5.758878e-19
 1.800000e+05     5.839409e-19
 1.820000e+05     5.922603e-19
 1.840000e+05     6.006820e-19
 1.860000e+05     6.102214e-19
 1.880000e+05     6.255777e-19
 1.900000e+05     6.374848e-19
 1.920000e+05     6.493307e-19
 1.940000e+05     6.616888e-19
 1.960000e+05     6.767400e-19
 1.980000e+05     6.926053e-19
 2.000000e+05     7.096692e-19
 2.020000e+05     7.282914e-19
 2.040000e+05     7.483378e-19
 2.060000e+05     7.682686e-19
 2.080000e+05     7.887822e-19
 2.100000e+05     8.114107e-19
 2.120000e+05     8.344126e-19
 2.140000e+05     8.570639e-19
 2.160000e+05     8.823150e-19
 2.180000e+05     9.088759e-19
 2.200000e+05     9.337299e-19
 2.220000e+05     9.595694e-19
 2.240000e+05     9.883811e-19
 2.260000e+05     1.016051e-18
 2.280000e+05     1.043311e-18
 2.300000e+05     1.073274e-18
 2.320000e+05     1.105146e-18
 2.340000e+05     1.137590e-18
 2.360000e+05     1.170846e-18
 2.380000e+05     1.205693e-18
 2.400000e+05     1.242953e-18
 2.420000e+05     1.281638e-18
 2.440000e+05     1.320763e-18
 2.460000e+05     1.361311e-18
 2.480000e+05     1.404340e-18
 2.500000e+05     1.449119e-18
 2.520000e+05     1.493889e-18
 2.540000e+05     1.539600e-18
 2.560000e+05     1.588132e-18
 2.580000e+05     1.639825e-18
 2.600000e+05     1.693244e-18
 2.620000e+05     1.746498e-18
 2.640000e+05     1.800721e-18
 2.660000e+05     1.857022e-18
 2.680000e+05     1.915721e-18
 2.700000e+05     1.975554e-18
 2.720000e+05     2.035352e-18
 2.740000e+05     2.095269e-18
 2.760000e+05     2.157332e-18
 2.780000e+05     2.222308e-18
 2.800000e+05     2.290086e-18
 2.820000e+05     2.359971e-18
 2.840000e+05     2.429622e-18
 2.860000e+05     2.498862e-18
 2.880000e+05     2.569532e-18
 2.900000e+05     2.642601e-18
 2.920000e+05     2.717441e-18
 2.940000e+05     2.793472e-18
 2.960000e+05     2.871475e-18
 2.980000e+05     2.949804e-18
 3.000000e+05     3.028064e-18
 3.020000e+05     3.108700e-18
 3.040000e+05     3.191503e-18
 3.060000e+05     3.274326e-18
 3.080000e+05     3.359026e-18
 3.100000e+05     3.444243e-18
 3.120000e+05     3.529083e-18
 3.140000e+05     3.615751e-18
 3.160000e+05     3.705432e-18
 3.180000e+05     3.796104e-18
 3.200000e+05     3.889455e-18
 3.220000e+05     3.984031e-18
 3.240000e+05     4.078704e-18
 3.260000e+05     4.176995e-18
 3.280000e+05     4.273913e-18
 3.300000e+05     4.370843e-18
 3.320000e+05     4.469433e-18
 3.340000e+05     4.577750e-18
 3.360000e+05     4.693282e-18
 3.380000e+05     4.802251e-18
 3.400000e+05     4.897370e-18
 3.420000e+05     4.998373e-18
 3.440000e+05     5.097921e-18
 3.460000e+05     5.192686e-18
 3.480000e+05     5.308164e-18
 3.500000e+05     5.436529e-18
 3.520000e+05     5.550016e-18
 3.540000e+05     5.653629e-18
 3.560000e+05     5.755288e-18
 3.580000e+05     5.854723e-18
 3.600000e+05     5.957400e-18
 3.620000e+05     6.060079e-18
 3.640000e+05     6.161620e-18
 3.660000e+05     6.264325e-18
 3.680000e+05     6.366814e-18
 3.700000e+05     6.470892e-18
 3.720000e+05     6.576610e-18
 3.740000e+05     6.684999e-18
 3.760000e+05     6.795223e-18
 3.780000e+05     6.903932e-18
 3.800000e+05     7.013193e-18
 3.820000e+05     7.125177e-18
 3.840000e+05     7.239464e-18
 3.860000e+05     7.355135e-18
 3.880000e+05     7.469915e-18
 3.900000e+05     7.585596e-18
 3.920000e+05     7.704411e-18
 4.320000e+05     1.024161e-17
 4.760000e+05     1.324466e-17
 5.250000e+05     1.659846e-17
 5.790000e+05     2.005692e-17
 6.390000e+05     2.342218e-17
 7.040000e+05     2.629343e-17
 7.760000e+05     2.844311e-17
 8.560000e+05     2.969058e-17
 9.430000e+05     2.996671e-17
 1.040000e+06     2.933810e-17
 1.147000e+06     2.794306e-17
 1.264000e+06     2.599406e-17
 1.394000e+06     2.367424e-17
 1.537000e+06     2.120517e-17
 1.694000e+06     1.874780e-17
 1.868000e+06     1.639977e-17
 2.059000e+06     1.425385e-17
 2.270000e+06     1.232968e-17
 2.503000e+06     1.063275e-17
 2.760000e+06     9.148334e-18
 3.043000e+06     7.852263e-18
 3.354000e+06     6.717317e-18
 3.698000e+06     5.712426e-18
 4.077000e+06     4.823579e-18
 4.495000e+06     4.036939e-18
 4.956000e+06     3.344476e-18
 5.464000e+06     2.741274e-18
 6.024000e+06     2.222510e-18
 6.641000e+06     1.783546e-18
 7.322000e+06     1.417903e-18
 8.073000e+06     1.119076e-18
 8.900000e+06     8.795690e-19
 9.813000e+06     6.905933e-19
 1.082000e+07     5.443084e-19
 1.193000e+07     4.331657e-19
 1.315000e+07     3.504427e-19
 1.450000e+07     2.896879e-19
 1.598000e+07     2.463948e-19
 1.762000e+07     2.160656e-19
 1.943000e+07     1.956743e-19
 2.142000e+07     1.827742e-19
 2.362000e+07     1.754046e-19
 2.604000e+07     1.721843e-19
 2.871000e+07     1.720949e-19
 3.165000e+07     1.744001e-19
 3.489000e+07     1.785577e-19
 3.847000e+07     1.842046e-19
 4.241000e+07     1.910586e-19
 4.676000e+07     1.989436e-19
 5.155000e+07     2.077074e-19
 5.683000e+07     2.172699e-19
 6.266000e+07     2.275879e-19
 6.908000e+07     2.386145e-19
 7.616000e+07     2.503481e-19
 8.397000e+07     2.627837e-19
 9.258000e+07     2.759253e-19
 1.020700e+08     2.897826e-19
 1.125300e+08     3.043826e-19
 1.240600e+08     3.197550e-19
 1.367800e+08     3.359499e-19
 1.508000e+08     3.529798e-19
 1.662500e+08     3.708726e-19
 1.833000e+08     3.897042e-19
 2.020800e+08     4.094945e-19
 2.228000e+08     4.303112e-19
 2.456300e+08     4.521844e-19
 2.708100e+08     4.751945e-19
 2.985700e+08     4.993866e-19
 3.291700e+08     5.248054e-19
 3.629100e+08     5.515363e-19
 4.001100e+08     5.796321e-19
 4.411200e+08     6.091720e-19
 4.863400e+08     6.402257e-19
 5.361900e+08     6.728821e-19
 5.911500e+08     7.072098e-19
 6.517400e+08     7.433050e-19
 7.185400e+08     7.812374e-19
 7.921900e+08     8.211232e-19
 8.733900e+08     8.630485e-19
 9.629200e+08     9.071274e-19
 1.000000e+09     9.247952e-19
