## EBL from Khaire & Srianand 2018; Q15 Model with alpha=-1.5 
## Column1:wavelength (Angstrom);  Column2:EBL specific intensity J_nu (erg/s/cm^2/Hz/Sr)
## ===========================================================================================
 1.000000e-08     4.992273e-39
 1.122019e-08     7.262213e-39
 1.258925e-08     1.037156e-38
 1.412538e-08     1.450281e-38
 1.584893e-08     1.987826e-38
 1.778279e-08     2.675720e-38
 1.995263e-08     3.543730e-38
 2.238721e-08     4.625848e-38
 2.511887e-08     5.960918e-38
 2.818382e-08     7.593311e-38
 3.162278e-08     9.573894e-38
 3.548135e-08     1.196100e-37
 3.981071e-08     1.482173e-37
 4.466837e-08     1.823340e-37
 5.011870e-08     2.228517e-37
 5.623413e-08     2.708015e-37
 6.309576e-08     3.273744e-37
 7.079456e-08     3.939486e-37
 7.943284e-08     4.721215e-37
 8.912505e-08     5.637407e-37
 1.000000e-07     6.709501e-37
 1.122019e-07     7.962314e-37
 1.258925e-07     9.424598e-37
 1.412538e-07     1.112973e-36
 1.584892e-07     1.311632e-36
 1.778279e-07     1.542920e-36
 1.995263e-07     1.812029e-36
 2.238721e-07     2.124973e-36
 2.511887e-07     2.488731e-36
 2.818382e-07     2.911383e-36
 3.162278e-07     3.402303e-36
 3.548136e-07     3.972349e-36
 3.981071e-07     4.634096e-36
 4.466837e-07     5.402144e-36
 5.011870e-07     6.293377e-36
 5.623413e-07     7.327402e-36
 6.309576e-07     8.526908e-36
 7.079456e-07     9.918187e-36
 7.943284e-07     1.153175e-35
 8.912505e-07     1.340289e-35
 1.000000e-06     1.557258e-35
 1.122019e-06     1.808824e-35
 1.258925e-06     2.100481e-35
 1.412538e-06     2.438606e-35
 1.584893e-06     2.830574e-35
 1.778279e-06     3.284944e-35
 1.995263e-06     3.811628e-35
 2.238721e-06     4.422108e-35
 2.511887e-06     5.129701e-35
 2.818382e-06     5.949822e-35
 3.162278e-06     6.900358e-35
 3.548136e-06     8.002014e-35
 3.981071e-06     9.278778e-35
 4.466837e-06     1.075848e-34
 5.011870e-06     1.247333e-34
 5.623413e-06     1.446070e-34
 6.309576e-06     1.676385e-34
 7.079456e-06     1.943289e-34
 7.943284e-06     2.252600e-34
 8.912505e-06     2.611043e-34
 1.000000e-05     3.026429e-34
 1.122019e-05     3.507795e-34
 1.258925e-05     4.065613e-34
 1.412538e-05     4.712035e-34
 1.584893e-05     5.461118e-34
 1.778279e-05     6.329170e-34
 1.995263e-05     7.335087e-34
 2.238721e-05     8.500742e-34
 2.511887e-05     9.851518e-34
 2.818382e-05     1.141679e-33
 3.162278e-05     1.323064e-33
 3.548135e-05     1.533252e-33
 3.981071e-05     1.776816e-33
 4.466837e-05     2.059057e-33
 5.011870e-05     2.386113e-33
 5.623413e-05     2.765106e-33
 6.309577e-05     3.204279e-33
 7.079457e-05     3.713180e-33
 7.943284e-05     4.302893e-33
 8.912505e-05     4.986236e-33
 1.000000e-04     5.778092e-33
 1.122018e-04     6.695671e-33
 1.258926e-04     7.757753e-33
 1.412538e-04     8.960419e-33
 1.584893e-04     1.034625e-32
 1.778279e-04     1.195313e-32
 1.995262e-04     1.382080e-32
 2.238722e-04     1.599451e-32
 2.511887e-04     1.852706e-32
 2.818383e-04     2.148064e-32
 3.162278e-04     2.492856e-32
 3.548134e-04     2.895746e-32
 3.981073e-04     3.366974e-32
 4.466837e-04     3.918651e-32
 5.011873e-04     4.565121e-32
 5.623413e-04     5.323376e-32
 6.309572e-04     6.213563e-32
 7.079460e-04     7.259592e-32
 7.943284e-04     8.489825e-32
 8.912510e-04     9.937972e-32
 1.000000e-03     1.164409e-31
 1.122018e-03     1.365582e-31
 1.258926e-03     1.602987e-31
 1.412538e-03     1.883369e-31
 1.584893e-03     2.214766e-31
 1.778279e-03     2.606758e-31
 1.995262e-03     3.070763e-31
 2.238722e-03     3.620406e-31
 2.511887e-03     4.271928e-31
 2.818383e-03     5.044730e-31
 3.162278e-03     5.961980e-31
 3.548133e-03     7.051338e-31
 3.981073e-03     8.345884e-31
 4.466837e-03     9.885130e-31
 5.011873e-03     1.171638e-30
 5.623413e-03     1.389634e-30
 6.309573e-03     1.649321e-30
 7.079460e-03     1.958954e-30
 7.943284e-03     2.328611e-30
 8.912510e-03     2.770735e-30
 1.000000e-02     3.300844e-30
 1.122019e-02     3.938428e-30
 1.258925e-02     4.707991e-30
 1.412538e-02     5.640256e-30
 1.584894e-02     6.773302e-30
 1.778279e-02     8.153791e-30
 1.995263e-02     9.838156e-30
 2.238721e-02     1.189365e-29
 2.511887e-02     1.439967e-29
 2.818385e-02     1.744907e-29
 3.162277e-02     2.114988e-29
 3.548136e-02     2.562773e-29
 3.981071e-02     3.102825e-29
 4.466837e-02     3.752131e-29
 5.011876e-02     4.530514e-29
 5.623413e-02     5.461211e-29
 6.309576e-02     6.571616e-29
 7.079456e-02     7.894042e-29
 7.943284e-02     9.466826e-29
 8.912515e-02     1.133545e-28
 1.000000e-01     1.355400e-28
 1.122019e-01     1.618883e-28
 1.258925e-01     1.923046e-28
 1.412538e-01     2.256844e-28
 1.584894e-01     2.614774e-28
 1.778279e-01     2.993266e-28
 1.995263e-01     3.389468e-28
 2.238721e-01     3.800873e-28
 2.511887e-01     4.225279e-28
 2.818385e-01     4.660775e-28
 3.162278e-01     5.105759e-28
 3.548135e-01     5.558961e-28
 3.981071e-01     6.019406e-28
 4.466837e-01     6.486421e-28
 5.011876e-01     6.959597e-28
 5.623413e-01     7.438759e-28
 6.309576e-01     7.920397e-28
 7.079456e-01     8.363149e-28
 7.943284e-01     8.806305e-28
 8.912515e-01     9.264190e-28
 1.000000e+00     9.742993e-28
 1.122019e+00     1.024702e-27
 1.258925e+00     1.078063e-27
 1.412538e+00     1.134882e-27
 1.584894e+00     1.195744e-27
 1.778279e+00     1.261314e-27
 1.995263e+00     1.332332e-27
 2.238721e+00     1.409580e-27
 2.511887e+00     1.493834e-27
 2.818385e+00     1.585759e-27
 3.162278e+00     1.685746e-27
 3.548136e+00     1.793653e-27
 3.981071e+00     1.908405e-27
 4.466837e+00     2.027467e-27
 5.011876e+00     2.146193e-27
 5.623413e+00     2.257230e-27
 6.309576e+00     2.349342e-27
 7.079456e+00     2.397245e-27
 7.943284e+00     2.402520e-27
 8.912516e+00     2.354547e-27
 1.000000e+01     2.255291e-27
 1.122019e+01     2.116933e-27
 1.258925e+01     1.939903e-27
 1.412538e+01     1.735919e-27
 1.584894e+01     1.523278e-27
 1.778279e+01     1.316763e-27
 1.995263e+01     1.124598e-27
 2.238721e+01     9.525884e-28
 2.511887e+01     8.025451e-28
 2.818385e+01     6.740017e-28
 3.162278e+01     5.652062e-28
 3.548135e+01     4.738483e-28
 3.981071e+01     3.975413e-28
 4.466837e+01     3.339800e-28
 5.011876e+01     2.811187e-28
 5.623413e+01     2.372106e-28
 6.309576e+01     2.007251e-28
 7.079456e+01     1.704275e-28
 7.943284e+01     1.452423e-28
 8.912515e+01     1.243192e-28
 1.000000e+02     1.069292e-28
 1.120000e+02     9.269102e-29
 1.250000e+02     8.117232e-29
 1.400000e+02     7.127709e-29
 1.550000e+02     6.385496e-29
 1.650000e+02     5.990415e-29
 1.750000e+02     5.659905e-29
 1.850000e+02     5.393608e-29
 1.900000e+02     5.307413e-29
 1.950000e+02     5.289293e-29
 2.000000e+02     5.414476e-29
 2.050000e+02     5.841453e-29
 2.100000e+02     6.891296e-29
 2.150000e+02     9.189890e-29
 2.180000e+02     1.162444e-28
 2.210000e+02     1.531607e-28
 2.240000e+02     2.083463e-28
 2.260000e+02     2.591220e-28
 2.270000e+02     2.898079e-28
 2.275000e+02     3.066656e-28
 2.278400e+02     3.187478e-28
 2.380000e+02     1.231446e-23
 2.500000e+02     1.688509e-23
 2.700000e+02     1.892734e-23
 2.900000e+02     2.038020e-23
 3.035000e+02     2.132498e-23
 3.037800e+02     2.227223e-23
 3.045000e+02     2.217465e-23
 3.060000e+02     2.206841e-23
 3.080000e+02     2.199763e-23
 3.100000e+02     2.200174e-23
 3.120000e+02     2.204723e-23
 3.150000e+02     2.218295e-23
 3.200000e+02     2.248127e-23
 3.250000e+02     2.280288e-23
 3.300000e+02     2.314159e-23
 3.400000e+02     2.380316e-23
 3.600000e+02     2.512485e-23
 3.800000e+02     2.641648e-23
 4.050000e+02     2.798650e-23
 4.250000e+02     2.921687e-23
 4.500000e+02     3.071745e-23
 4.650000e+02     3.160927e-23
 4.750000e+02     3.219620e-23
 4.820000e+02     3.260301e-23
 4.870000e+02     3.289391e-23
 4.910000e+02     3.312318e-23
 4.950000e+02     3.335096e-23
 4.980000e+02     3.352240e-23
 5.000000e+02     3.363777e-23
 5.020000e+02     3.375008e-23
 5.039800e+02     3.386660e-23
 5.100000e+02     4.014743e-23
 5.250000e+02     4.489888e-23
 5.600000e+02     4.763808e-23
 6.000000e+02     5.032816e-23
 6.500000e+02     5.408846e-23
 7.000000e+02     5.889790e-23
 7.500000e+02     6.553143e-23
 8.000000e+02     7.479855e-23
 8.300000e+02     8.208082e-23
 8.600000e+02     9.094948e-23
 8.800000e+02     9.783879e-23
 8.900000e+02     1.016084e-22
 8.960000e+02     1.039764e-22
 9.000000e+02     1.056013e-22
 9.030000e+02     1.068421e-22
 9.060000e+02     1.081091e-22
 9.090000e+02     1.093935e-22
 9.117800e+02     1.106040e-22
 9.300000e+02     9.081338e-22
 9.500000e+02     1.929870e-21
 9.750000e+02     3.927155e-21
 9.900000e+02     4.698672e-21
 1.005000e+03     5.786049e-21
 1.025000e+03     7.448871e-21
 1.045000e+03     8.797362e-21
 1.065000e+03     1.065641e-20
 1.085000e+03     1.250373e-20
 1.105000e+03     1.416507e-20
 1.125000e+03     1.595184e-20
 1.145000e+03     1.741494e-20
 1.165000e+03     1.909729e-20
 1.185000e+03     2.041750e-20
 1.205000e+03     2.176051e-20
 1.215600e+03     2.230958e-20
 1.215670e+03     2.522733e-20
 1.216000e+03     2.524112e-20
 1.218000e+03     2.532128e-20
 1.221000e+03     2.541272e-20
 1.225000e+03     2.548177e-20
 1.230000e+03     2.555261e-20
 1.240000e+03     2.606409e-20
 1.250000e+03     2.671644e-20
 1.265000e+03     2.759032e-20
 1.285000e+03     2.901062e-20
 1.305000e+03     3.029185e-20
 1.325000e+03     3.152786e-20
 1.345000e+03     3.257370e-20
 1.365000e+03     3.373889e-20
 1.385000e+03     3.514582e-20
 1.405000e+03     3.617275e-20
 1.425000e+03     3.694524e-20
 1.442000e+03     3.770468e-20
 1.455000e+03     3.834307e-20
 1.475000e+03     3.909459e-20
 1.517000e+03     4.064046e-20
 1.595000e+03     4.245711e-20
 1.672000e+03     4.431642e-20
 1.745000e+03     4.547978e-20
 1.825000e+03     4.671977e-20
 1.905000e+03     4.743465e-20
 1.984000e+03     4.776748e-20
 2.065000e+03     4.796672e-20
 2.135000e+03     4.791874e-20
 2.215000e+03     4.771355e-20
 2.295000e+03     4.740954e-20
 2.375000e+03     4.699367e-20
 2.455000e+03     4.669365e-20
 2.525000e+03     4.629092e-20
 2.605000e+03     4.604085e-20
 2.685000e+03     4.555029e-20
 2.765000e+03     4.538473e-20
 2.845000e+03     4.509800e-20
 2.950000e+03     4.489838e-20
 3.110000e+03     4.461822e-20
 3.270000e+03     4.422706e-20
 3.430000e+03     4.383713e-20
 3.590000e+03     4.346232e-20
 3.730000e+03     4.347902e-20
 3.890000e+03     4.572876e-20
 4.050000e+03     4.764119e-20
 4.210000e+03     5.096612e-20
 4.370000e+03     5.360494e-20
 4.530000e+03     5.589929e-20
 4.690000e+03     5.792543e-20
 4.850000e+03     5.929491e-20
 5.010000e+03     6.035123e-20
 5.170000e+03     6.125563e-20
 5.330000e+03     6.205845e-20
 5.490000e+03     6.275622e-20
 5.650000e+03     6.342299e-20
 5.810000e+03     6.408760e-20
 5.970000e+03     6.453105e-20
 6.130000e+03     6.500729e-20
 6.290000e+03     6.534641e-20
 6.450000e+03     6.566005e-20
 6.610000e+03     6.592976e-20
 6.770000e+03     6.623382e-20
 6.930000e+03     6.647559e-20
 7.090000e+03     6.665837e-20
 7.250000e+03     6.680197e-20
 7.410000e+03     6.695660e-20
 7.570000e+03     6.713356e-20
 7.730000e+03     6.738727e-20
 7.890000e+03     6.758306e-20
 8.050000e+03     6.773219e-20
 8.210000e+03     6.791378e-20
 8.370000e+03     6.806237e-20
 8.530000e+03     6.820773e-20
 8.690000e+03     6.839241e-20
 8.850000e+03     6.869628e-20
 9.010000e+03     6.895825e-20
 9.170000e+03     6.918843e-20
 9.330000e+03     6.959356e-20
 9.490000e+03     6.989282e-20
 9.650000e+03     7.018066e-20
 9.810000e+03     7.044484e-20
 9.970000e+03     7.075453e-20
 1.050000e+04     7.139050e-20
 1.150000e+04     7.162791e-20
 1.250000e+04     7.155797e-20
 1.350000e+04     7.134553e-20
 1.450000e+04     7.153093e-20
 1.550000e+04     7.193447e-20
 1.650000e+04     7.143144e-20
 1.750000e+04     7.067766e-20
 1.850000e+04     6.991721e-20
 1.950000e+04     6.922040e-20
 2.050000e+04     6.863803e-20
 2.150000e+04     6.821555e-20
 2.250000e+04     6.799589e-20
 2.350000e+04     6.801662e-20
 2.450000e+04     6.830781e-20
 2.550000e+04     6.889263e-20
 2.650000e+04     6.978974e-20
 2.750000e+04     7.101352e-20
 2.850000e+04     7.257541e-20
 2.950000e+04     7.445002e-20
 3.050000e+04     7.629890e-20
 3.150000e+04     7.756150e-20
 3.250000e+04     7.923639e-20
 3.350000e+04     8.094197e-20
 3.450000e+04     8.268470e-20
 3.550000e+04     8.449354e-20
 3.650000e+04     8.634130e-20
 3.750000e+04     8.820959e-20
 3.850000e+04     9.009110e-20
 3.950000e+04     9.199087e-20
 4.050000e+04     9.391637e-20
 4.150000e+04     9.585188e-20
 4.250000e+04     9.780121e-20
 4.350000e+04     9.976760e-20
 4.450000e+04     1.017477e-19
 4.550000e+04     1.037363e-19
 4.650000e+04     1.057297e-19
 4.750000e+04     1.077258e-19
 4.850000e+04     1.097260e-19
 4.950000e+04     1.117290e-19
 5.050000e+04     1.137340e-19
 5.150000e+04     1.157399e-19
 5.250000e+04     1.177450e-19
 5.350000e+04     1.191110e-19
 5.450000e+04     1.202539e-19
 5.550000e+04     1.220547e-19
 5.650000e+04     1.240225e-19
 5.750000e+04     1.265031e-19
 5.850000e+04     1.285867e-19
 5.950000e+04     1.304846e-19
 6.050000e+04     1.339122e-19
 6.150000e+04     1.438085e-19
 6.250000e+04     1.623290e-19
 6.350000e+04     1.723030e-19
 6.450000e+04     1.740094e-19
 6.550000e+04     1.751667e-19
 6.650010e+04     1.757913e-19
 6.750010e+04     1.772568e-19
 6.850010e+04     1.782771e-19
 6.950010e+04     1.809113e-19
 7.020000e+04     1.839263e-19
 7.100000e+04     1.868205e-19
 7.180000e+04     1.896540e-19
 7.260000e+04     1.938212e-19
 7.340000e+04     1.996863e-19
 7.420000e+04     2.075449e-19
 7.500000e+04     2.187754e-19
 7.580000e+04     2.338135e-19
 7.660000e+04     2.504259e-19
 7.740000e+04     2.652129e-19
 7.820000e+04     2.776297e-19
 7.900000e+04     2.882447e-19
 7.980000e+04     2.961343e-19
 8.060000e+04     3.005002e-19
 8.140000e+04     3.023435e-19
 8.220000e+04     3.021292e-19
 8.300000e+04     3.012593e-19
 8.380000e+04     3.008682e-19
 8.460000e+04     3.009712e-19
 8.540000e+04     3.015287e-19
 8.620000e+04     3.034915e-19
 8.700000e+04     3.058080e-19
 8.780000e+04     3.057661e-19
 8.860000e+04     3.030369e-19
 8.940000e+04     2.986871e-19
 9.020000e+04     2.934637e-19
 9.100000e+04     2.877525e-19
 9.180000e+04     2.816732e-19
 9.260000e+04     2.756819e-19
 9.340000e+04     2.697861e-19
 9.420000e+04     2.641066e-19
 9.500000e+04     2.586954e-19
 9.580000e+04     2.536039e-19
 9.660000e+04     2.496617e-19
 9.740000e+04     2.460792e-19
 9.820000e+04     2.416981e-19
 9.900000e+04     2.374068e-19
 9.980000e+04     2.330028e-19
 1.006000e+05     2.291016e-19
 1.020000e+05     2.226549e-19
 1.040000e+05     2.150011e-19
 1.060000e+05     2.109849e-19
 1.080000e+05     2.088467e-19
 1.100000e+05     2.087763e-19
 1.120000e+05     2.255584e-19
 1.140000e+05     2.618481e-19
 1.160000e+05     2.664167e-19
 1.180000e+05     2.666095e-19
 1.200000e+05     2.673858e-19
 1.220000e+05     2.693896e-19
 1.240000e+05     2.722602e-19
 1.260000e+05     2.792435e-19
 1.280000e+05     2.927012e-19
 1.300000e+05     3.003919e-19
 1.320000e+05     2.914869e-19
 1.340000e+05     2.884971e-19
 1.360000e+05     2.826410e-19
 1.380000e+05     2.783858e-19
 1.400000e+05     2.715758e-19
 1.420000e+05     2.681587e-19
 1.440000e+05     2.632637e-19
 1.460000e+05     2.582417e-19
 1.480000e+05     2.526081e-19
 1.500000e+05     2.477769e-19
 1.520000e+05     2.433337e-19
 1.540000e+05     2.398380e-19
 1.560000e+05     2.408214e-19
 1.580000e+05     2.403623e-19
 1.600000e+05     2.392864e-19
 1.620000e+05     2.385531e-19
 1.640000e+05     2.417480e-19
 1.660000e+05     2.478288e-19
 1.680000e+05     2.526436e-19
 1.700000e+05     2.590309e-19
 1.720000e+05     2.677436e-19
 1.740000e+05     2.732107e-19
 1.760000e+05     2.749248e-19
 1.780000e+05     2.764206e-19
 1.800000e+05     2.758189e-19
 1.820000e+05     2.753999e-19
 1.840000e+05     2.743442e-19
 1.860000e+05     2.743257e-19
 1.880000e+05     2.812764e-19
 1.900000e+05     2.837189e-19
 1.920000e+05     2.840320e-19
 1.940000e+05     2.828157e-19
 1.960000e+05     2.830212e-19
 1.980000e+05     2.826832e-19
 2.000000e+05     2.826086e-19
 2.020000e+05     2.831350e-19
 2.040000e+05     2.835261e-19
 2.060000e+05     2.842170e-19
 2.080000e+05     2.852071e-19
 2.100000e+05     2.863724e-19
 2.120000e+05     2.878803e-19
 2.140000e+05     2.895655e-19
 2.160000e+05     2.913554e-19
 2.180000e+05     2.932997e-19
 2.200000e+05     2.953635e-19
 2.220000e+05     2.975917e-19
 2.240000e+05     3.000112e-19
 2.260000e+05     3.025702e-19
 2.280000e+05     3.053043e-19
 2.300000e+05     3.081741e-19
 2.320000e+05     3.111744e-19
 2.340000e+05     3.142790e-19
 2.360000e+05     3.174998e-19
 2.380000e+05     3.208296e-19
 2.400000e+05     3.242320e-19
 2.420000e+05     3.277234e-19
 2.440000e+05     3.313100e-19
 2.460000e+05     3.350365e-19
 2.480000e+05     3.388679e-19
 2.500000e+05     3.428088e-19
 2.520000e+05     3.468532e-19
 2.540000e+05     3.510169e-19
 2.560000e+05     3.554483e-19
 2.580000e+05     3.607714e-19
 2.600000e+05     3.671402e-19
 2.620000e+05     3.728089e-19
 2.640000e+05     3.776264e-19
 2.660000e+05     3.821728e-19
 2.680000e+05     3.867872e-19
 2.700000e+05     3.918311e-19
 2.720000e+05     3.968494e-19
 2.740000e+05     4.018300e-19
 2.760000e+05     4.070268e-19
 2.780000e+05     4.124582e-19
 2.800000e+05     4.180510e-19
 2.820000e+05     4.244088e-19
 2.840000e+05     4.310027e-19
 2.860000e+05     4.369736e-19
 2.880000e+05     4.428336e-19
 2.900000e+05     4.486841e-19
 2.920000e+05     4.548648e-19
 2.940000e+05     4.612194e-19
 2.960000e+05     4.676374e-19
 2.980000e+05     4.740701e-19
 3.000000e+05     4.807635e-19
 3.020000e+05     4.876082e-19
 3.040000e+05     4.945712e-19
 3.060000e+05     5.015966e-19
 3.080000e+05     5.088820e-19
 3.100000e+05     5.163386e-19
 3.120000e+05     5.239114e-19
 3.140000e+05     5.316529e-19
 3.160000e+05     5.396708e-19
 3.180000e+05     5.479281e-19
 3.200000e+05     5.563917e-19
 3.220000e+05     5.651753e-19
 3.240000e+05     5.743366e-19
 3.260000e+05     5.838845e-19
 3.280000e+05     5.937968e-19
 3.300000e+05     6.040784e-19
 3.320000e+05     6.150705e-19
 3.340000e+05     6.305070e-19
 3.360000e+05     6.522169e-19
 3.380000e+05     6.678063e-19
 3.400000e+05     6.779259e-19
 3.420000e+05     6.881064e-19
 3.440000e+05     6.963938e-19
 3.460000e+05     7.062205e-19
 3.480000e+05     7.285130e-19
 3.500000e+05     7.556724e-19
 3.520000e+05     7.697387e-19
 3.540000e+05     7.781236e-19
 3.560000e+05     7.879107e-19
 3.580000e+05     7.955542e-19
 3.600000e+05     8.045428e-19
 3.620000e+05     8.144087e-19
 3.640000e+05     8.238733e-19
 3.660000e+05     8.340837e-19
 3.680000e+05     8.425078e-19
 3.700000e+05     8.523427e-19
 3.720000e+05     8.631352e-19
 3.740000e+05     8.739059e-19
 3.760000e+05     8.846595e-19
 3.780000e+05     8.943057e-19
 3.800000e+05     9.053057e-19
 3.820000e+05     9.168186e-19
 3.840000e+05     9.280038e-19
 3.860000e+05     9.386707e-19
 3.880000e+05     9.491877e-19
 3.900000e+05     9.607716e-19
 3.920000e+05     9.728524e-19
 4.320000e+05     1.220847e-18
 4.760000e+05     1.516457e-18
 5.250000e+05     1.861320e-18
 5.790000e+05     2.250898e-18
 6.390000e+05     2.690007e-18
 7.040000e+05     3.172074e-18
 7.760000e+05     3.917243e-18
 8.560000e+05     4.994294e-18
 9.430000e+05     6.393349e-18
 1.040000e+06     8.083985e-18
 1.147000e+06     9.923977e-18
 1.264000e+06     1.171087e-17
 1.394000e+06     1.325796e-17
 1.537000e+06     1.436641e-17
 1.694000e+06     1.491873e-17
 1.868000e+06     1.487938e-17
 2.059000e+06     1.428891e-17
 2.270000e+06     1.324616e-17
 2.503000e+06     1.188564e-17
 2.760000e+06     1.035042e-17
 3.043000e+06     8.772265e-18
 3.354000e+06     7.254820e-18
 3.698000e+06     5.860876e-18
 4.077000e+06     4.638298e-18
 4.495000e+06     3.601994e-18
 4.956000e+06     2.749723e-18
 5.464000e+06     2.067236e-18
 6.024000e+06     1.532650e-18
 6.641000e+06     1.122313e-18
 7.322000e+06     8.123675e-19
 8.073000e+06     5.820714e-19
 8.900000e+06     4.134742e-19
 9.813000e+06     2.920599e-19
 1.082000e+07     2.061290e-19
 1.193000e+07     1.454055e-19
 1.315000e+07     1.026113e-19
 1.450000e+07     7.242756e-20
 1.598000e+07     5.134463e-20
 1.762000e+07     3.648611e-20
 1.943000e+07     2.607997e-20
 2.142000e+07     1.882264e-20
 2.362000e+07     1.374159e-20
 2.604000e+07     1.021147e-20
 2.871000e+07     7.754655e-21
 3.165000e+07     6.068244e-21
 3.489000e+07     4.914537e-21
 3.847000e+07     4.141487e-21
 4.241000e+07     3.637242e-21
 4.676000e+07     3.328426e-21
 5.155000e+07     3.155833e-21
 5.683000e+07     3.084398e-21
 6.266000e+07     3.090979e-21
 6.908000e+07     3.156347e-21
 7.616000e+07     3.267405e-21
 8.397000e+07     3.415316e-21
 9.258000e+07     3.593622e-21
 1.020700e+08     3.799704e-21
 1.125300e+08     4.031889e-21
 1.240600e+08     4.289854e-21
 1.367800e+08     4.573496e-21
 1.508000e+08     4.877940e-21
 1.662500e+08     5.213601e-21
 1.833000e+08     5.575185e-21
 2.020800e+08     5.960682e-21
 2.228000e+08     6.376384e-21
 2.456300e+08     6.820926e-21
 2.708100e+08     7.303878e-21
 2.985700e+08     7.820387e-21
 3.291700e+08     8.376376e-21
 3.629100e+08     8.970246e-21
 4.001100e+08     9.610752e-21
 4.411200e+08     1.029654e-20
 4.863400e+08     1.103561e-20
 5.361900e+08     1.182979e-20
 5.911500e+08     1.268521e-20
 6.517400e+08     1.360624e-20
 7.185400e+08     1.459386e-20
 7.921900e+08     1.565629e-20
 8.733900e+08     1.679921e-20
 9.629200e+08     1.802611e-20
 1.000000e+09     1.852614e-20
