## EBL from Khaire & Srianand 2018; Q15 Model with alpha=-1.5 
## Column1:wavelength (Angstrom);  Column2:EBL specific intensity J_nu (erg/s/cm^2/Hz/Sr)
## ===========================================================================================
 1.000000e-08     1.348566e-44
 1.122019e-08     1.962659e-44
 1.258925e-08     2.793529e-44
 1.412538e-08     3.889168e-44
 1.584893e-08     5.307689e-44
 1.778279e-08     7.115988e-44
 1.995263e-08     9.390401e-44
 2.238721e-08     1.221793e-43
 2.511887e-08     1.569799e-43
 2.818382e-08     1.994414e-43
 3.162278e-08     2.508667e-43
 3.548135e-08     3.127503e-43
 3.981071e-08     3.868121e-43
 4.466837e-08     4.750358e-43
 5.011870e-08     5.797082e-43
 5.623413e-08     7.034755e-43
 6.309576e-08     8.493953e-43
 7.079456e-08     1.021006e-42
 7.943284e-08     1.222408e-42
 8.912505e-08     1.458348e-42
 1.000000e-07     1.734330e-42
 1.122019e-07     2.056729e-42
 1.258925e-07     2.432928e-42
 1.412538e-07     2.871500e-42
 1.584892e-07     3.382359e-42
 1.778279e-07     3.977024e-42
 1.995263e-07     4.668825e-42
 2.238721e-07     5.473210e-42
 2.511887e-07     6.408104e-42
 2.818382e-07     7.494256e-42
 3.162278e-07     8.755747e-42
 3.548136e-07     1.022046e-41
 3.981071e-07     1.192068e-41
 4.466837e-07     1.389392e-41
 5.011870e-07     1.618354e-41
 5.623413e-07     1.883988e-41
 6.309576e-07     2.192123e-41
 7.079456e-07     2.549510e-41
 7.943284e-07     2.963985e-41
 8.912505e-07     3.444613e-41
 1.000000e-06     4.001915e-41
 1.122019e-06     4.648071e-41
 1.258925e-06     5.397190e-41
 1.412538e-06     6.265649e-41
 1.584893e-06     7.272388e-41
 1.778279e-06     8.439386e-41
 1.995263e-06     9.792106e-41
 2.238721e-06     1.136003e-40
 2.511887e-06     1.317736e-40
 2.818382e-06     1.528368e-40
 3.162278e-06     1.772493e-40
 3.548136e-06     2.055429e-40
 3.981071e-06     2.383336e-40
 4.466837e-06     2.763362e-40
 5.011870e-06     3.203777e-40
 5.623413e-06     3.714180e-40
 6.309576e-06     4.305681e-40
 7.079456e-06     4.991151e-40
 7.943284e-06     5.785526e-40
 8.912505e-06     6.706082e-40
 1.000000e-05     7.772878e-40
 1.122019e-05     9.009123e-40
 1.258925e-05     1.044171e-39
 1.412538e-05     1.210185e-39
 1.584893e-05     1.402563e-39
 1.778279e-05     1.625495e-39
 1.995263e-05     1.883833e-39
 2.238721e-05     2.183195e-39
 2.511887e-05     2.530099e-39
 2.818382e-05     2.932088e-39
 3.162278e-05     3.397918e-39
 3.548135e-05     3.937718e-39
 3.981071e-05     4.563231e-39
 4.466837e-05     5.288077e-39
 5.011870e-05     6.128013e-39
 5.623413e-05     7.101331e-39
 6.309577e-05     8.229202e-39
 7.079457e-05     9.536148e-39
 7.943284e-05     1.105063e-38
 8.912505e-05     1.280557e-38
 1.000000e-04     1.483919e-38
 1.122018e-04     1.719569e-38
 1.258926e-04     1.992276e-38
 1.412538e-04     2.299577e-38
 1.584893e-04     2.654830e-38
 1.778279e-04     3.067478e-38
 1.995262e-04     3.547438e-38
 2.238722e-04     4.106243e-38
 2.511887e-04     4.757468e-38
 2.818383e-04     5.517135e-38
 3.162278e-04     6.404160e-38
 3.548134e-04     7.440885e-38
 3.981073e-04     8.653735e-38
 4.466837e-04     1.007397e-37
 5.011873e-04     1.173861e-37
 5.623413e-04     1.369154e-37
 6.309572e-04     1.598476e-37
 7.079460e-04     1.868004e-37
 7.943284e-04     2.185062e-37
 8.912510e-04     2.558359e-37
 1.000000e-03     2.998246e-37
 1.122018e-03     3.517031e-37
 1.258926e-03     4.129372e-37
 1.412538e-03     4.852700e-37
 1.584893e-03     5.707796e-37
 1.778279e-03     6.719426e-37
 1.995262e-03     7.917115e-37
 2.238722e-03     9.336087e-37
 2.511887e-03     1.101835e-36
 2.818383e-03     1.301409e-36
 3.162278e-03     1.538321e-36
 3.548133e-03     1.819728e-36
 3.981073e-03     2.154187e-36
 4.466837e-03     2.551921e-36
 5.011873e-03     3.025172e-36
 5.623413e-03     3.588618e-36
 6.309573e-03     4.259929e-36
 7.079460e-03     5.060521e-36
 7.943284e-03     6.016588e-36
 8.912510e-03     7.160548e-36
 1.000000e-02     8.532928e-36
 1.122019e-02     1.018472e-35
 1.258925e-02     1.218005e-35
 1.412538e-02     1.459928e-35
 1.584894e-02     1.754183e-35
 1.778279e-02     2.112917e-35
 1.995263e-02     2.550777e-35
 2.238721e-02     3.085161e-35
 2.511887e-02     3.736557e-35
 2.818385e-02     4.528869e-35
 3.162277e-02     5.489868e-35
 3.548136e-02     6.651827e-35
 3.981071e-02     8.052167e-35
 4.466837e-02     9.734550e-35
 5.011876e-02     1.174997e-34
 5.623413e-02     1.415827e-34
 6.309576e-02     1.703007e-34
 7.079456e-02     2.044871e-34
 7.943284e-02     2.451317e-34
 8.912515e-02     2.934094e-34
 1.000000e-01     3.507180e-34
 1.122019e-01     4.187777e-34
 1.258925e-01     4.969235e-34
 1.412538e-01     5.816115e-34
 1.584894e-01     6.717972e-34
 1.778279e-01     7.667867e-34
 1.995263e-01     8.659502e-34
 2.238721e-01     9.687013e-34
 2.511887e-01     1.074519e-33
 2.818385e-01     1.182951e-33
 3.162278e-01     1.293626e-33
 3.548135e-01     1.406249e-33
 3.981071e-01     1.520601e-33
 4.466837e-01     1.636536e-33
 5.011876e-01     1.753971e-33
 5.623413e-01     1.872879e-33
 6.309576e-01     1.991352e-33
 7.079456e-01     2.097866e-33
 7.943284e-01     2.206354e-33
 8.912515e-01     2.319207e-33
 1.000000e+00     2.437039e-33
 1.122019e+00     2.560333e-33
 1.258925e+00     2.689549e-33
 1.412538e+00     2.825050e-33
 1.584894e+00     2.966913e-33
 1.778279e+00     3.114681e-33
 1.995263e+00     3.266956e-33
 2.238721e+00     3.420823e-33
 2.511887e+00     3.571078e-33
 2.818385e+00     3.709305e-33
 3.162278e+00     3.823038e-33
 3.548136e+00     3.895555e-33
 3.981071e+00     3.907178e-33
 4.466837e+00     3.839035e-33
 5.011876e+00     3.682629e-33
 5.623413e+00     3.428952e-33
 6.309576e+00     3.104121e-33
 7.079456e+00     2.716761e-33
 7.943284e+00     2.327491e-33
 8.912516e+00     1.961022e-33
 1.000000e+01     1.631845e-33
 1.122019e+01     1.346373e-33
 1.258925e+01     1.105441e-33
 1.412538e+01     9.055291e-34
 1.584894e+01     7.414425e-34
 1.778279e+01     6.077654e-34
 1.995263e+01     4.990384e-34
 2.238721e+01     4.107081e-34
 2.511887e+01     3.388798e-34
 2.818385e+01     2.803876e-34
 3.162278e+01     2.325935e-34
 3.548135e+01     1.934574e-34
 3.981071e+01     1.613522e-34
 4.466837e+01     1.349308e-34
 5.011876e+01     1.131442e-34
 5.623413e+01     9.513415e-35
 6.309576e+01     8.021261e-35
 7.079456e+01     6.784695e-35
 7.943284e+01     5.755307e-35
 8.912515e+01     4.899502e-35
 1.000000e+02     4.185717e-35
 1.120000e+02     3.598862e-35
 1.250000e+02     3.122053e-35
 1.400000e+02     2.708352e-35
 1.550000e+02     2.394509e-35
 1.650000e+02     2.225381e-35
 1.750000e+02     2.082764e-35
 1.850000e+02     1.967270e-35
 1.900000e+02     1.931023e-35
 1.950000e+02     1.927453e-35
 2.000000e+02     1.992844e-35
 2.050000e+02     2.203430e-35
 2.100000e+02     2.712550e-35
 2.150000e+02     3.816927e-35
 2.180000e+02     4.980119e-35
 2.210000e+02     6.736845e-35
 2.240000e+02     9.352798e-35
 2.260000e+02     1.175216e-34
 2.270000e+02     1.319948e-34
 2.275000e+02     1.399386e-34
 2.278400e+02     1.456290e-34
 2.380000e+02     7.987383e-25
 2.500000e+02     8.138714e-25
 2.700000e+02     8.382990e-25
 2.900000e+02     8.616051e-25
 3.035000e+02     8.766934e-25
 3.037800e+02     8.769946e-25
 3.045000e+02     8.777854e-25
 3.060000e+02     8.794386e-25
 3.080000e+02     8.816133e-25
 3.100000e+02     8.837732e-25
 3.120000e+02     8.859254e-25
 3.150000e+02     8.891726e-25
 3.200000e+02     8.944766e-25
 3.250000e+02     8.997206e-25
 3.300000e+02     9.048723e-25
 3.400000e+02     9.150365e-25
 3.600000e+02     9.346973e-25
 3.800000e+02     9.534581e-25
 4.050000e+02     9.759080e-25
 4.250000e+02     9.932277e-25
 4.500000e+02     1.014081e-24
 4.650000e+02     1.026871e-24
 4.750000e+02     1.035205e-24
 4.820000e+02     1.040931e-24
 4.870000e+02     1.045011e-24
 4.910000e+02     1.048268e-24
 4.950000e+02     1.051466e-24
 4.980000e+02     1.053865e-24
 5.000000e+02     1.055468e-24
 5.020000e+02     1.057260e-24
 5.039800e+02     1.059106e-24
 5.100000e+02     1.504855e-24
 5.250000e+02     1.511522e-24
 5.600000e+02     1.528913e-24
 6.000000e+02     1.555522e-24
 6.500000e+02     1.618881e-24
 7.000000e+02     1.727581e-24
 7.500000e+02     1.912813e-24
 8.000000e+02     2.192338e-24
 8.300000e+02     2.422221e-24
 8.600000e+02     2.705250e-24
 8.800000e+02     2.926614e-24
 8.900000e+02     3.047732e-24
 8.960000e+02     3.123949e-24
 9.000000e+02     3.176139e-24
 9.030000e+02     3.216052e-24
 9.060000e+02     3.256818e-24
 9.090000e+02     3.298114e-24
 9.117800e+02     3.336991e-24
 9.300000e+02     9.158790e-22
 9.500000e+02     1.945178e-21
 9.750000e+02     4.201304e-21
 9.900000e+02     4.890648e-21
 1.005000e+03     5.988503e-21
 1.025000e+03     7.485069e-21
 1.045000e+03     8.764869e-21
 1.065000e+03     1.014969e-20
 1.085000e+03     1.130517e-20
 1.105000e+03     1.191996e-20
 1.125000e+03     1.261689e-20
 1.145000e+03     1.293184e-20
 1.165000e+03     1.344015e-20
 1.185000e+03     1.360717e-20
 1.205000e+03     1.381055e-20
 1.215600e+03     1.372057e-20
 1.215670e+03     1.919733e-20
 1.216000e+03     1.916797e-20
 1.218000e+03     1.898733e-20
 1.221000e+03     1.871322e-20
 1.225000e+03     1.849514e-20
 1.230000e+03     1.857335e-20
 1.240000e+03     1.882432e-20
 1.250000e+03     1.804943e-20
 1.265000e+03     1.833633e-20
 1.285000e+03     1.852710e-20
 1.305000e+03     1.850221e-20
 1.325000e+03     1.827246e-20
 1.345000e+03     1.861309e-20
 1.365000e+03     1.835970e-20
 1.385000e+03     1.859637e-20
 1.405000e+03     1.512450e-20
 1.425000e+03     1.521267e-20
 1.442000e+03     1.526009e-20
 1.455000e+03     1.536228e-20
 1.475000e+03     1.537811e-20
 1.517000e+03     1.520577e-20
 1.595000e+03     1.463461e-20
 1.672000e+03     1.441093e-20
 1.745000e+03     1.425679e-20
 1.825000e+03     1.416858e-20
 1.905000e+03     1.392499e-20
 1.984000e+03     1.366735e-20
 2.065000e+03     1.343285e-20
 2.135000e+03     1.317766e-20
 2.215000e+03     1.297824e-20
 2.295000e+03     1.274168e-20
 2.375000e+03     1.246849e-20
 2.455000e+03     1.222856e-20
 2.525000e+03     1.197834e-20
 2.605000e+03     1.178081e-20
 2.685000e+03     1.168346e-20
 2.765000e+03     1.155042e-20
 2.845000e+03     1.137977e-20
 2.950000e+03     1.122658e-20
 3.110000e+03     1.096404e-20
 3.270000e+03     1.065903e-20
 3.430000e+03     1.037685e-20
 3.590000e+03     1.011224e-20
 3.730000e+03     1.006302e-20
 3.890000e+03     1.102705e-20
 4.050000e+03     1.170889e-20
 4.210000e+03     1.296490e-20
 4.370000e+03     1.374137e-20
 4.530000e+03     1.411152e-20
 4.690000e+03     1.431779e-20
 4.850000e+03     1.420525e-20
 5.010000e+03     1.393190e-20
 5.170000e+03     1.373039e-20
 5.330000e+03     1.354446e-20
 5.490000e+03     1.341538e-20
 5.650000e+03     1.336584e-20
 5.810000e+03     1.337134e-20
 5.970000e+03     1.332317e-20
 6.130000e+03     1.331821e-20
 6.290000e+03     1.325472e-20
 6.450000e+03     1.321350e-20
 6.610000e+03     1.316200e-20
 6.770000e+03     1.314335e-20
 6.930000e+03     1.311414e-20
 7.090000e+03     1.307638e-20
 7.250000e+03     1.303401e-20
 7.410000e+03     1.301541e-20
 7.570000e+03     1.301759e-20
 7.730000e+03     1.305995e-20
 7.890000e+03     1.308273e-20
 8.050000e+03     1.310299e-20
 8.210000e+03     1.313614e-20
 8.370000e+03     1.316578e-20
 8.530000e+03     1.320407e-20
 8.690000e+03     1.325593e-20
 8.850000e+03     1.335635e-20
 9.010000e+03     1.344021e-20
 9.170000e+03     1.351824e-20
 9.330000e+03     1.362875e-20
 9.490000e+03     1.373976e-20
 9.650000e+03     1.382520e-20
 9.810000e+03     1.389169e-20
 9.970000e+03     1.396368e-20
 1.050000e+04     1.400392e-20
 1.150000e+04     1.372065e-20
 1.250000e+04     1.347452e-20
 1.350000e+04     1.328534e-20
 1.450000e+04     1.327316e-20
 1.550000e+04     1.353333e-20
 1.650000e+04     1.370252e-20
 1.750000e+04     1.351831e-20
 1.850000e+04     1.286408e-20
 1.950000e+04     1.217433e-20
 2.050000e+04     1.156441e-20
 2.150000e+04     1.106867e-20
 2.250000e+04     1.068285e-20
 2.350000e+04     1.039193e-20
 2.450000e+04     1.019081e-20
 2.550000e+04     1.007932e-20
 2.650000e+04     1.005754e-20
 2.750000e+04     1.012563e-20
 2.850000e+04     1.028353e-20
 2.950000e+04     1.053253e-20
 3.050000e+04     1.087279e-20
 3.150000e+04     1.130362e-20
 3.250000e+04     1.180881e-20
 3.350000e+04     1.222347e-20
 3.450000e+04     1.257641e-20
 3.550000e+04     1.290724e-20
 3.650000e+04     1.321551e-20
 3.750000e+04     1.347365e-20
 3.850000e+04     1.375384e-20
 3.950000e+04     1.406493e-20
 4.050000e+04     1.437980e-20
 4.150000e+04     1.469060e-20
 4.250000e+04     1.499920e-20
 4.350000e+04     1.530674e-20
 4.450000e+04     1.561339e-20
 4.550000e+04     1.591915e-20
 4.650000e+04     1.622401e-20
 4.750000e+04     1.652810e-20
 4.850000e+04     1.683133e-20
 4.950000e+04     1.713377e-20
 5.050000e+04     1.743544e-20
 5.150000e+04     1.773633e-20
 5.250000e+04     1.803649e-20
 5.350000e+04     1.832849e-20
 5.450000e+04     1.848240e-20
 5.550000e+04     1.873111e-20
 5.650000e+04     1.904669e-20
 5.750000e+04     1.950126e-20
 5.850000e+04     1.978821e-20
 5.950000e+04     2.000895e-20
 6.050000e+04     2.060486e-20
 6.150000e+04     2.285569e-20
 6.250000e+04     2.731129e-20
 6.350000e+04     2.990345e-20
 6.450000e+04     3.015596e-20
 6.550000e+04     3.000069e-20
 6.650010e+04     3.003200e-20
 6.750010e+04     2.999730e-20
 6.850010e+04     3.002854e-20
 6.950010e+04     3.014887e-20
 7.020000e+04     3.035932e-20
 7.100000e+04     3.008737e-20
 7.180000e+04     2.990338e-20
 7.260000e+04     3.008123e-20
 7.340000e+04     3.089555e-20
 7.420000e+04     3.249584e-20
 7.500000e+04     3.506983e-20
 7.580000e+04     3.878681e-20
 7.660000e+04     4.296713e-20
 7.740000e+04     4.671706e-20
 7.820000e+04     4.989245e-20
 7.900000e+04     5.244717e-20
 7.980000e+04     5.428752e-20
 8.060000e+04     5.529991e-20
 8.140000e+04     5.556345e-20
 8.220000e+04     5.515763e-20
 8.300000e+04     5.463092e-20
 8.380000e+04     5.404373e-20
 8.460000e+04     5.336414e-20
 8.540000e+04     5.261788e-20
 8.620000e+04     5.195540e-20
 8.700000e+04     5.114566e-20
 8.780000e+04     4.973112e-20
 8.860000e+04     4.764634e-20
 8.940000e+04     4.512395e-20
 9.020000e+04     4.247735e-20
 9.100000e+04     3.994125e-20
 9.180000e+04     3.756538e-20
 9.260000e+04     3.535653e-20
 9.340000e+04     3.338693e-20
 9.420000e+04     3.168271e-20
 9.500000e+04     3.014092e-20
 9.580000e+04     2.871912e-20
 9.660000e+04     2.762485e-20
 9.740000e+04     2.664064e-20
 9.820000e+04     2.541034e-20
 9.900000e+04     2.414919e-20
 9.980000e+04     2.301038e-20
 1.006000e+05     2.198961e-20
 1.020000e+05     2.073653e-20
 1.040000e+05     1.972684e-20
 1.060000e+05     2.008039e-20
 1.080000e+05     2.094171e-20
 1.100000e+05     2.227434e-20
 1.120000e+05     2.759990e-20
 1.140000e+05     3.716166e-20
 1.160000e+05     4.059248e-20
 1.180000e+05     4.168083e-20
 1.200000e+05     4.250002e-20
 1.220000e+05     4.352913e-20
 1.240000e+05     4.433452e-20
 1.260000e+05     4.585664e-20
 1.280000e+05     4.789975e-20
 1.300000e+05     4.781474e-20
 1.320000e+05     4.512173e-20
 1.340000e+05     4.190305e-20
 1.360000e+05     4.093413e-20
 1.380000e+05     3.895585e-20
 1.400000e+05     3.726514e-20
 1.420000e+05     3.588595e-20
 1.440000e+05     3.410060e-20
 1.460000e+05     3.191093e-20
 1.480000e+05     2.980891e-20
 1.500000e+05     2.832802e-20
 1.520000e+05     2.725725e-20
 1.540000e+05     2.657574e-20
 1.560000e+05     2.732396e-20
 1.580000e+05     2.773657e-20
 1.600000e+05     2.802052e-20
 1.620000e+05     2.820405e-20
 1.640000e+05     2.966933e-20
 1.660000e+05     3.187514e-20
 1.680000e+05     3.336042e-20
 1.700000e+05     3.579175e-20
 1.720000e+05     3.851567e-20
 1.740000e+05     4.028235e-20
 1.760000e+05     4.144019e-20
 1.780000e+05     4.181625e-20
 1.800000e+05     4.203285e-20
 1.820000e+05     4.190302e-20
 1.840000e+05     4.174142e-20
 1.860000e+05     4.164068e-20
 1.880000e+05     4.303664e-20
 1.900000e+05     4.319601e-20
 1.920000e+05     4.278733e-20
 1.940000e+05     4.186892e-20
 1.960000e+05     4.091539e-20
 1.980000e+05     4.032141e-20
 2.000000e+05     3.975286e-20
 2.020000e+05     3.929726e-20
 2.040000e+05     3.908799e-20
 2.060000e+05     3.908134e-20
 2.080000e+05     3.920978e-20
 2.100000e+05     3.945284e-20
 2.120000e+05     3.968645e-20
 2.140000e+05     3.979786e-20
 2.160000e+05     3.996505e-20
 2.180000e+05     4.031478e-20
 2.200000e+05     4.072205e-20
 2.220000e+05     4.114434e-20
 2.240000e+05     4.166603e-20
 2.260000e+05     4.228037e-20
 2.280000e+05     4.295404e-20
 2.300000e+05     4.365177e-20
 2.320000e+05     4.436751e-20
 2.340000e+05     4.509112e-20
 2.360000e+05     4.583119e-20
 2.380000e+05     4.658215e-20
 2.400000e+05     4.734245e-20
 2.420000e+05     4.811166e-20
 2.440000e+05     4.889257e-20
 2.460000e+05     4.968437e-20
 2.480000e+05     5.048517e-20
 2.500000e+05     5.129362e-20
 2.520000e+05     5.211193e-20
 2.540000e+05     5.293806e-20
 2.560000e+05     5.380881e-20
 2.580000e+05     5.488378e-20
 2.600000e+05     5.622041e-20
 2.620000e+05     5.736100e-20
 2.640000e+05     5.826716e-20
 2.660000e+05     5.914560e-20
 2.680000e+05     5.998854e-20
 2.700000e+05     6.084422e-20
 2.720000e+05     6.178217e-20
 2.740000e+05     6.272882e-20
 2.760000e+05     6.367750e-20
 2.780000e+05     6.460275e-20
 2.800000e+05     6.558876e-20
 2.820000e+05     6.680537e-20
 2.840000e+05     6.804519e-20
 2.860000e+05     6.911262e-20
 2.880000e+05     7.013040e-20
 2.900000e+05     7.116395e-20
 2.920000e+05     7.224677e-20
 2.940000e+05     7.330103e-20
 2.960000e+05     7.433510e-20
 2.980000e+05     7.538921e-20
 3.000000e+05     7.651221e-20
 3.020000e+05     7.767896e-20
 3.040000e+05     7.888012e-20
 3.060000e+05     8.009728e-20
 3.080000e+05     8.135045e-20
 3.100000e+05     8.266003e-20
 3.120000e+05     8.400828e-20
 3.140000e+05     8.540433e-20
 3.160000e+05     8.685231e-20
 3.180000e+05     8.834251e-20
 3.200000e+05     8.986502e-20
 3.220000e+05     9.143612e-20
 3.240000e+05     9.306833e-20
 3.260000e+05     9.481979e-20
 3.280000e+05     9.668653e-20
 3.300000e+05     9.863997e-20
 3.320000e+05     1.007595e-19
 3.340000e+05     1.040440e-19
 3.360000e+05     1.089544e-19
 3.380000e+05     1.122771e-19
 3.400000e+05     1.141702e-19
 3.420000e+05     1.158361e-19
 3.440000e+05     1.174153e-19
 3.460000e+05     1.193774e-19
 3.480000e+05     1.241884e-19
 3.500000e+05     1.303349e-19
 3.520000e+05     1.332851e-19
 3.540000e+05     1.349517e-19
 3.560000e+05     1.364990e-19
 3.580000e+05     1.377802e-19
 3.600000e+05     1.392558e-19
 3.620000e+05     1.403672e-19
 3.640000e+05     1.420606e-19
 3.660000e+05     1.439085e-19
 3.680000e+05     1.456674e-19
 3.700000e+05     1.473088e-19
 3.720000e+05     1.487986e-19
 3.740000e+05     1.503905e-19
 3.760000e+05     1.520743e-19
 3.780000e+05     1.537438e-19
 3.800000e+05     1.553064e-19
 3.820000e+05     1.566495e-19
 3.840000e+05     1.578056e-19
 3.860000e+05     1.590635e-19
 3.880000e+05     1.607707e-19
 3.900000e+05     1.627051e-19
 3.920000e+05     1.646042e-19
 4.320000e+05     2.029664e-19
 4.760000e+05     2.520742e-19
 5.250000e+05     3.077062e-19
 5.790000e+05     3.686737e-19
 6.390000e+05     4.363180e-19
 7.040000e+05     5.100829e-19
 7.760000e+05     6.413164e-19
 8.560000e+05     8.457648e-19
 9.430000e+05     1.111118e-18
 1.040000e+06     1.415945e-18
 1.147000e+06     1.722149e-18
 1.264000e+06     1.986492e-18
 1.394000e+06     2.175247e-18
 1.537000e+06     2.263139e-18
 1.694000e+06     2.245139e-18
 1.868000e+06     2.131234e-18
 2.059000e+06     1.944034e-18
 2.270000e+06     1.709894e-18
 2.503000e+06     1.455626e-18
 2.760000e+06     1.203416e-18
 3.043000e+06     9.696592e-19
 3.354000e+06     7.637228e-19
 3.698000e+06     5.888690e-19
 4.077000e+06     4.459757e-19
 4.495000e+06     3.323740e-19
 4.956000e+06     2.442170e-19
 5.464000e+06     1.772281e-19
 6.024000e+06     1.271869e-19
 6.641000e+06     9.039584e-20
 7.322000e+06     6.368079e-20
 8.073000e+06     4.451218e-20
 8.900000e+06     3.091345e-20
 9.813000e+06     2.159755e-20
 1.082000e+07     1.517363e-20
 1.193000e+07     1.068916e-20
 1.315000e+07     7.547044e-21
 1.450000e+07     5.335325e-21
 1.598000e+07     3.785325e-21
 1.762000e+07     2.691513e-21
 1.943000e+07     1.924258e-21
 2.142000e+07     1.389096e-21
 2.362000e+07     1.014573e-21
 2.604000e+07     7.543360e-22
 2.871000e+07     5.725327e-22
 3.165000e+07     4.504263e-22
 3.489000e+07     3.660391e-22
 3.847000e+07     3.112518e-22
 4.241000e+07     2.775365e-22
 4.676000e+07     2.578185e-22
 5.155000e+07     2.485608e-22
 5.683000e+07     2.471392e-22
 6.266000e+07     2.535453e-22
 6.908000e+07     2.642500e-22
 7.616000e+07     2.784492e-22
 8.397000e+07     2.945331e-22
 9.258000e+07     3.155758e-22
 1.020700e+08     3.379757e-22
 1.125300e+08     3.634756e-22
 1.240600e+08     3.923865e-22
 1.367800e+08     4.225496e-22
 1.508000e+08     4.558321e-22
 1.662500e+08     4.940809e-22
 1.833000e+08     5.335539e-22
 2.020800e+08     5.768360e-22
 2.228000e+08     6.222755e-22
 2.456300e+08     6.727521e-22
 2.708100e+08     7.281704e-22
 2.985700e+08     7.868511e-22
 3.291700e+08     8.508132e-22
 3.629100e+08     9.191098e-22
 4.001100e+08     9.930897e-22
 4.411200e+08     1.073655e-21
 4.863400e+08     1.160979e-21
 5.361900e+08     1.255100e-21
 5.911500e+08     1.358167e-21
 6.517400e+08     1.468982e-21
 7.185400e+08     1.588308e-21
 7.921900e+08     1.717219e-21
 8.733900e+08     1.856127e-21
 9.629200e+08     2.006724e-21
 1.000000e+09     2.068101e-21
