## EBL from Khaire & Srianand 2018; Q15 Model with alpha=-1.5 
## Column1:wavelength (Angstrom);  Column2:EBL specific intensity J_nu (erg/s/cm^2/Hz/Sr)
## ===========================================================================================
 1.000000e-08     4.622600e-38
 1.122019e-08     6.747932e-38
 1.258925e-08     9.823333e-38
 1.412538e-08     1.422319e-37
 1.584893e-08     2.043291e-37
 1.778279e-08     2.906442e-37
 1.995263e-08     4.086769e-37
 2.238721e-08     5.673900e-37
 2.511887e-08     7.772903e-37
 2.818382e-08     1.050516e-36
 3.162278e-08     1.400994e-36
 3.548135e-08     1.844633e-36
 3.981071e-08     2.399613e-36
 4.466837e-08     3.086730e-36
 5.011870e-08     3.929774e-36
 5.623413e-08     4.956053e-36
 6.309576e-08     6.196895e-36
 7.079456e-08     7.688311e-36
 7.943284e-08     9.471802e-36
 8.912505e-08     1.159515e-35
 1.000000e-07     1.411356e-35
 1.122019e-07     1.709077e-35
 1.258925e-07     2.060043e-35
 1.412538e-07     2.472789e-35
 1.584892e-07     2.957176e-35
 1.778279e-07     3.524648e-35
 1.995263e-07     4.188443e-35
 2.238721e-07     4.963897e-35
 2.511887e-07     5.868802e-35
 2.818382e-07     6.923755e-35
 3.162278e-07     8.152652e-35
 3.548136e-07     9.583167e-35
 3.981071e-07     1.124736e-34
 4.466837e-07     1.318245e-34
 5.011870e-07     1.543150e-34
 5.623413e-07     1.804450e-34
 6.309576e-07     2.107931e-34
 7.079456e-07     2.460299e-34
 7.943284e-07     2.869337e-34
 8.912505e-07     3.344046e-34
 1.000000e-06     3.894879e-34
 1.122019e-06     4.533933e-34
 1.258925e-06     5.275223e-34
 1.412538e-06     6.135020e-34
 1.584893e-06     7.132137e-34
 1.778279e-06     8.288410e-34
 1.995263e-06     9.629138e-34
 2.238721e-06     1.118361e-33
 2.511887e-06     1.298581e-33
 2.818382e-06     1.507506e-33
 3.162278e-06     1.749702e-33
 3.548136e-06     2.030451e-33
 3.981071e-06     2.355873e-33
 4.466837e-06     2.733073e-33
 5.011870e-06     3.170265e-33
 5.623413e-06     3.676988e-33
 6.309576e-06     4.264282e-33
 7.079456e-06     4.944934e-33
 7.943284e-06     5.733786e-33
 8.912505e-06     6.648005e-33
 1.000000e-05     7.707520e-33
 1.122019e-05     8.935396e-33
 1.258925e-05     1.035835e-32
 1.412538e-05     1.200740e-32
 1.584893e-05     1.391840e-32
 1.778279e-05     1.613298e-32
 1.995263e-05     1.869936e-32
 2.238721e-05     2.167335e-32
 2.511887e-05     2.511973e-32
 2.818382e-05     2.911346e-32
 3.162278e-05     3.374152e-32
 3.548135e-05     3.910458e-32
 3.981071e-05     4.531931e-32
 4.466837e-05     5.252105e-32
 5.011870e-05     6.086638e-32
 5.623413e-05     7.053703e-32
 6.309577e-05     8.174336e-32
 7.079457e-05     9.472910e-32
 7.943284e-05     1.097771e-31
 8.912505e-05     1.272144e-31
 1.000000e-04     1.474207e-31
 1.122018e-04     1.708355e-31
 1.258926e-04     1.979679e-31
 1.412538e-04     2.293729e-31
 1.584893e-04     2.656931e-31
 1.778279e-04     3.076729e-31
 1.995262e-04     3.561703e-31
 2.238722e-04     4.121874e-31
 2.511887e-04     4.769090e-31
 2.818383e-04     5.517501e-31
 3.162278e-04     6.384038e-31
 3.548134e-04     7.388906e-31
 3.981073e-04     8.556118e-31
 4.466837e-04     9.914061e-31
 5.011873e-04     1.149622e-30
 5.623413e-04     1.334205e-30
 6.309572e-04     1.549804e-30
 7.079460e-04     1.801910e-30
 7.943284e-04     2.097002e-30
 8.912510e-04     2.442752e-30
 1.000000e-03     2.848239e-30
 1.122018e-03     3.324226e-30
 1.258926e-03     3.883486e-30
 1.412538e-03     4.541160e-30
 1.584893e-03     5.315249e-30
 1.778279e-03     6.227144e-30
 1.995262e-03     7.302278e-30
 2.238722e-03     8.570917e-30
 2.511887e-03     1.006906e-29
 2.818383e-03     1.183962e-29
 3.162278e-03     1.393371e-29
 3.548133e-03     1.641227e-29
 3.981073e-03     1.934799e-29
 4.466837e-03     2.282755e-29
 5.011873e-03     2.695445e-29
 5.623413e-03     3.185231e-29
 6.309573e-03     3.766886e-29
 7.079460e-03     4.458085e-29
 7.943284e-03     5.280009e-29
 8.912510e-03     6.258127e-29
 1.000000e-02     7.423175e-29
 1.122019e-02     8.812444e-29
 1.258925e-02     1.047141e-28
 1.412538e-02     1.245599e-28
 1.584894e-02     1.483502e-28
 1.778279e-02     1.769372e-28
 1.995263e-02     2.113766e-28
 2.238721e-02     2.529712e-28
 2.511887e-02     3.033257e-28
 2.818385e-02     3.644019e-28
 3.162277e-02     4.385809e-28
 3.548136e-02     5.287362e-28
 3.981071e-02     6.382998e-28
 4.466837e-02     7.713557e-28
 5.011876e-02     9.327240e-28
 5.623413e-02     1.128073e-27
 6.309576e-02     1.364057e-27
 7.079456e-02     1.648461e-27
 7.943284e-02     1.990413e-27
 8.912515e-02     2.400600e-27
 1.000000e-01     2.891574e-27
 1.122019e-01     3.478129e-27
 1.258925e-01     4.176988e-27
 1.412538e-01     5.004694e-27
 1.584894e-01     5.977166e-27
 1.778279e-01     7.108322e-27
 1.995263e-01     8.408357e-27
 2.238721e-01     9.882131e-27
 2.511887e-01     1.152844e-26
 2.818385e-01     1.334012e-26
 3.162278e-01     1.530516e-26
 3.548135e-01     1.740854e-26
 3.981071e-01     1.963380e-26
 4.466837e-01     2.196480e-26
 5.011876e-01     2.438655e-26
 5.623413e-01     2.688591e-26
 6.309576e-01     2.945174e-26
 7.079456e-01     3.206894e-26
 7.943284e-01     3.472523e-26
 8.912515e-01     3.741019e-26
 1.000000e+00     4.011493e-26
 1.122019e+00     4.283432e-26
 1.258925e+00     4.556930e-26
 1.412538e+00     4.832922e-26
 1.584894e+00     5.113229e-26
 1.778279e+00     5.400477e-26
 1.995263e+00     5.697939e-26
 2.238721e+00     6.009361e-26
 2.511887e+00     6.338912e-26
 2.818385e+00     6.691221e-26
 3.162278e+00     7.071507e-26
 3.548136e+00     7.485786e-26
 3.981071e+00     7.941105e-26
 4.466837e+00     8.445844e-26
 5.011876e+00     9.009998e-26
 5.623413e+00     9.645573e-26
 6.309576e+00     1.036695e-25
 7.079456e+00     1.118919e-25
 7.943284e+00     1.213106e-25
 8.912516e+00     1.321535e-25
 1.000000e+01     1.446963e-25
 1.122019e+01     1.592772e-25
 1.258925e+01     1.763144e-25
 1.412538e+01     1.963239e-25
 1.584894e+01     2.199316e-25
 1.778279e+01     2.478819e-25
 1.995263e+01     2.810397e-25
 2.238721e+01     3.203855e-25
 2.511887e+01     3.670052e-25
 2.818385e+01     4.220613e-25
 3.162278e+01     4.867410e-25
 3.548135e+01     5.621709e-25
 3.981071e+01     6.492780e-25
 4.466837e+01     7.486131e-25
 5.011876e+01     8.601396e-25
 5.623413e+01     9.830622e-25
 6.309576e+01     1.115779e-24
 7.079456e+01     1.255816e-24
 7.943284e+01     1.399410e-24
 8.912515e+01     1.550392e-24
 1.000000e+02     1.710884e-24
 1.120000e+02     1.879829e-24
 1.250000e+02     2.060550e-24
 1.400000e+02     2.268683e-24
 1.550000e+02     2.474334e-24
 1.650000e+02     2.607844e-24
 1.750000e+02     2.738501e-24
 1.850000e+02     2.865531e-24
 1.900000e+02     2.927872e-24
 1.950000e+02     2.988761e-24
 2.000000e+02     3.049975e-24
 2.050000e+02     3.109968e-24
 2.100000e+02     3.175448e-24
 2.150000e+02     3.251508e-24
 2.180000e+02     3.306221e-24
 2.210000e+02     3.375401e-24
 2.240000e+02     3.462668e-24
 2.260000e+02     3.537348e-24
 2.270000e+02     3.578923e-24
 2.275000e+02     3.602153e-24
 2.278400e+02     3.619270e-24
 2.380000e+02     3.940372e-24
 2.500000e+02     4.315756e-24
 2.700000e+02     5.048878e-24
 2.900000e+02     5.819927e-24
 3.035000e+02     6.373098e-24
 3.037800e+02     7.263226e-24
 3.045000e+02     7.300403e-24
 3.060000e+02     7.378359e-24
 3.080000e+02     7.482133e-24
 3.100000e+02     7.585735e-24
 3.120000e+02     7.689188e-24
 3.150000e+02     7.845314e-24
 3.200000e+02     8.110391e-24
 3.250000e+02     8.375508e-24
 3.300000e+02     8.644415e-24
 3.400000e+02     9.212210e-24
 3.600000e+02     1.035284e-23
 3.800000e+02     1.154327e-23
 4.050000e+02     1.303973e-23
 4.250000e+02     1.423946e-23
 4.500000e+02     1.576013e-23
 4.650000e+02     1.665699e-23
 4.750000e+02     1.724898e-23
 4.820000e+02     1.766248e-23
 4.870000e+02     1.796204e-23
 4.910000e+02     1.820174e-23
 4.950000e+02     1.844110e-23
 4.980000e+02     1.862041e-23
 5.000000e+02     1.873985e-23
 5.020000e+02     1.888032e-23
 5.039800e+02     1.899970e-23
 5.100000e+02     1.935056e-23
 5.250000e+02     2.022605e-23
 5.600000e+02     2.222117e-23
 6.000000e+02     2.441925e-23
 6.500000e+02     2.696382e-23
 7.000000e+02     2.940835e-23
 7.500000e+02     3.187831e-23
 8.000000e+02     3.443945e-23
 8.300000e+02     3.605707e-23
 8.600000e+02     3.775100e-23
 8.800000e+02     3.896299e-23
 8.900000e+02     3.959757e-23
 8.960000e+02     3.998378e-23
 9.000000e+02     4.024437e-23
 9.030000e+02     4.044296e-23
 9.060000e+02     4.067954e-23
 9.090000e+02     4.088122e-23
 9.117800e+02     4.106863e-23
 9.300000e+02     5.848980e-23
 9.500000e+02     6.885126e-23
 9.750000e+02     8.251228e-23
 9.900000e+02     9.357051e-23
 1.005000e+03     1.112702e-22
 1.025000e+03     1.384386e-22
 1.045000e+03     1.613533e-22
 1.065000e+03     1.878454e-22
 1.085000e+03     2.231874e-22
 1.105000e+03     2.563949e-22
 1.125000e+03     2.952755e-22
 1.145000e+03     3.296400e-22
 1.165000e+03     3.669766e-22
 1.185000e+03     4.067063e-22
 1.205000e+03     4.454684e-22
 1.215600e+03     4.649506e-22
 1.215670e+03     4.705157e-22
 1.216000e+03     4.710918e-22
 1.218000e+03     4.747652e-22
 1.221000e+03     4.803682e-22
 1.225000e+03     4.879324e-22
 1.230000e+03     4.981006e-22
 1.240000e+03     5.209250e-22
 1.250000e+03     5.440228e-22
 1.265000e+03     5.845602e-22
 1.285000e+03     6.350133e-22
 1.305000e+03     6.882954e-22
 1.325000e+03     7.461531e-22
 1.345000e+03     8.040478e-22
 1.365000e+03     8.606319e-22
 1.385000e+03     9.218195e-22
 1.405000e+03     9.815869e-22
 1.425000e+03     1.043580e-21
 1.442000e+03     1.095539e-21
 1.455000e+03     1.137983e-21
 1.475000e+03     1.202315e-21
 1.517000e+03     1.332212e-21
 1.595000e+03     1.577356e-21
 1.672000e+03     1.822873e-21
 1.745000e+03     2.056992e-21
 1.825000e+03     2.316477e-21
 1.905000e+03     2.566797e-21
 1.984000e+03     2.810909e-21
 2.065000e+03     3.050331e-21
 2.135000e+03     3.246821e-21
 2.215000e+03     3.464875e-21
 2.295000e+03     3.683069e-21
 2.375000e+03     3.900891e-21
 2.455000e+03     4.124583e-21
 2.525000e+03     4.319786e-21
 2.605000e+03     4.549964e-21
 2.685000e+03     4.799251e-21
 2.765000e+03     5.050131e-21
 2.845000e+03     5.284402e-21
 2.950000e+03     5.620234e-21
 3.110000e+03     6.176830e-21
 3.270000e+03     6.736411e-21
 3.430000e+03     7.320484e-21
 3.590000e+03     7.905630e-21
 3.730000e+03     8.442830e-21
 3.890000e+03     9.219023e-21
 4.050000e+03     1.002818e-20
 4.210000e+03     1.112515e-20
 4.370000e+03     1.227807e-20
 4.530000e+03     1.342743e-20
 4.690000e+03     1.469993e-20
 4.850000e+03     1.597173e-20
 5.010000e+03     1.720428e-20
 5.170000e+03     1.842937e-20
 5.330000e+03     1.972172e-20
 5.490000e+03     2.099148e-20
 5.650000e+03     2.231883e-20
 5.810000e+03     2.367104e-20
 5.970000e+03     2.495997e-20
 6.130000e+03     2.629684e-20
 6.290000e+03     2.758739e-20
 6.450000e+03     2.886236e-20
 6.610000e+03     3.011367e-20
 6.770000e+03     3.137748e-20
 6.930000e+03     3.260133e-20
 7.090000e+03     3.380755e-20
 7.250000e+03     3.498980e-20
 7.410000e+03     3.614209e-20
 7.570000e+03     3.728206e-20
 7.730000e+03     3.842897e-20
 7.890000e+03     3.954036e-20
 8.050000e+03     4.062956e-20
 8.210000e+03     4.170100e-20
 8.370000e+03     4.274930e-20
 8.530000e+03     4.375770e-20
 8.690000e+03     4.475879e-20
 8.850000e+03     4.574861e-20
 9.010000e+03     4.671562e-20
 9.170000e+03     4.765828e-20
 9.330000e+03     4.860900e-20
 9.490000e+03     4.953978e-20
 9.650000e+03     5.043216e-20
 9.810000e+03     5.133106e-20
 9.970000e+03     5.219095e-20
 1.050000e+04     5.491302e-20
 1.150000e+04     5.931560e-20
 1.250000e+04     6.306587e-20
 1.350000e+04     6.618319e-20
 1.450000e+04     6.887561e-20
 1.550000e+04     7.127821e-20
 1.650000e+04     7.340073e-20
 1.750000e+04     7.501174e-20
 1.850000e+04     7.605478e-20
 1.950000e+04     7.661314e-20
 2.050000e+04     7.677964e-20
 2.150000e+04     7.662799e-20
 2.250000e+04     7.600865e-20
 2.350000e+04     7.521831e-20
 2.450000e+04     7.442788e-20
 2.550000e+04     7.357546e-20
 2.650000e+04     7.266834e-20
 2.750000e+04     7.175014e-20
 2.850000e+04     7.085358e-20
 2.950000e+04     6.999957e-20
 3.050000e+04     6.918907e-20
 3.150000e+04     6.845367e-20
 3.250000e+04     6.782347e-20
 3.350000e+04     6.729990e-20
 3.450000e+04     6.688549e-20
 3.550000e+04     6.660704e-20
 3.650000e+04     6.647046e-20
 3.750000e+04     6.639101e-20
 3.850000e+04     6.623947e-20
 3.950000e+04     6.608204e-20
 4.050000e+04     6.601005e-20
 4.150000e+04     6.604105e-20
 4.250000e+04     6.615284e-20
 4.350000e+04     6.630653e-20
 4.450000e+04     6.650593e-20
 4.550000e+04     6.675351e-20
 4.650000e+04     6.704072e-20
 4.750000e+04     6.735865e-20
 4.850000e+04     6.771159e-20
 4.950000e+04     6.811524e-20
 5.050000e+04     6.855788e-20
 5.150000e+04     6.902580e-20
 5.250000e+04     6.951432e-20
 5.350000e+04     6.989840e-20
 5.450000e+04     7.019608e-20
 5.550000e+04     7.055444e-20
 5.650000e+04     7.094572e-20
 5.750000e+04     7.138566e-20
 5.850000e+04     7.187215e-20
 5.950000e+04     7.237016e-20
 6.050000e+04     7.309271e-20
 6.150000e+04     7.483322e-20
 6.250000e+04     7.792137e-20
 6.350000e+04     8.027272e-20
 6.450000e+04     8.165551e-20
 6.550000e+04     8.278470e-20
 6.650010e+04     8.404596e-20
 6.750010e+04     8.521976e-20
 6.850010e+04     8.635531e-20
 6.950010e+04     8.800525e-20
 7.020000e+04     8.936309e-20
 7.100000e+04     9.077800e-20
 7.180000e+04     9.212386e-20
 7.260000e+04     9.354445e-20
 7.340000e+04     9.528441e-20
 7.420000e+04     9.758936e-20
 7.500000e+04     1.004090e-19
 7.580000e+04     1.038737e-19
 7.660000e+04     1.076489e-19
 7.740000e+04     1.112631e-19
 7.820000e+04     1.145996e-19
 7.900000e+04     1.178791e-19
 7.980000e+04     1.210592e-19
 8.060000e+04     1.238280e-19
 8.140000e+04     1.261668e-19
 8.220000e+04     1.281165e-19
 8.300000e+04     1.300099e-19
 8.380000e+04     1.318652e-19
 8.460000e+04     1.338288e-19
 8.540000e+04     1.360398e-19
 8.620000e+04     1.383957e-19
 8.700000e+04     1.407744e-19
 8.780000e+04     1.427361e-19
 8.860000e+04     1.443324e-19
 8.940000e+04     1.456921e-19
 9.020000e+04     1.469165e-19
 9.100000e+04     1.480574e-19
 9.180000e+04     1.490584e-19
 9.260000e+04     1.499456e-19
 9.340000e+04     1.508110e-19
 9.420000e+04     1.516274e-19
 9.500000e+04     1.525078e-19
 9.580000e+04     1.534925e-19
 9.660000e+04     1.546316e-19
 9.740000e+04     1.557738e-19
 9.820000e+04     1.567022e-19
 9.900000e+04     1.575922e-19
 9.980000e+04     1.585205e-19
 1.006000e+05     1.594554e-19
 1.020000e+05     1.610137e-19
 1.040000e+05     1.634279e-19
 1.060000e+05     1.659802e-19
 1.080000e+05     1.687195e-19
 1.100000e+05     1.713913e-19
 1.120000e+05     1.760145e-19
 1.140000e+05     1.829758e-19
 1.160000e+05     1.865801e-19
 1.180000e+05     1.887066e-19
 1.200000e+05     1.911096e-19
 1.220000e+05     1.918068e-19
 1.240000e+05     1.932959e-19
 1.260000e+05     1.952824e-19
 1.280000e+05     1.981000e-19
 1.300000e+05     2.006492e-19
 1.320000e+05     1.996935e-19
 1.340000e+05     1.998997e-19
 1.360000e+05     2.008231e-19
 1.380000e+05     2.016350e-19
 1.400000e+05     2.010353e-19
 1.420000e+05     2.020003e-19
 1.440000e+05     2.027370e-19
 1.460000e+05     2.034909e-19
 1.480000e+05     2.040450e-19
 1.500000e+05     2.041245e-19
 1.520000e+05     2.047572e-19
 1.540000e+05     2.058788e-19
 1.560000e+05     2.079971e-19
 1.580000e+05     2.093033e-19
 1.600000e+05     2.091665e-19
 1.620000e+05     2.101457e-19
 1.640000e+05     2.120894e-19
 1.660000e+05     2.144790e-19
 1.680000e+05     2.164312e-19
 1.700000e+05     2.181648e-19
 1.720000e+05     2.203668e-19
 1.740000e+05     2.224188e-19
 1.760000e+05     2.246354e-19
 1.780000e+05     2.260320e-19
 1.800000e+05     2.271228e-19
 1.820000e+05     2.279135e-19
 1.840000e+05     2.287981e-19
 1.860000e+05     2.298583e-19
 1.880000e+05     2.320318e-19
 1.900000e+05     2.333410e-19
 1.920000e+05     2.343891e-19
 1.940000e+05     2.353593e-19
 1.960000e+05     2.365416e-19
 1.980000e+05     2.378000e-19
 2.000000e+05     2.390993e-19
 2.020000e+05     2.404225e-19
 2.040000e+05     2.413745e-19
 2.060000e+05     2.428302e-19
 2.080000e+05     2.446078e-19
 2.100000e+05     2.462988e-19
 2.120000e+05     2.482259e-19
 2.140000e+05     2.499890e-19
 2.160000e+05     2.520671e-19
 2.180000e+05     2.541802e-19
 2.200000e+05     2.563714e-19
 2.220000e+05     2.587315e-19
 2.240000e+05     2.611620e-19
 2.260000e+05     2.635920e-19
 2.280000e+05     2.661383e-19
 2.300000e+05     2.689090e-19
 2.320000e+05     2.718300e-19
 2.340000e+05     2.746713e-19
 2.360000e+05     2.774552e-19
 2.380000e+05     2.806478e-19
 2.400000e+05     2.838697e-19
 2.420000e+05     2.870022e-19
 2.440000e+05     2.902748e-19
 2.460000e+05     2.936172e-19
 2.480000e+05     2.969560e-19
 2.500000e+05     3.003326e-19
 2.520000e+05     3.037859e-19
 2.540000e+05     3.073341e-19
 2.560000e+05     3.109695e-19
 2.580000e+05     3.147820e-19
 2.600000e+05     3.187946e-19
 2.620000e+05     3.227761e-19
 2.640000e+05     3.266710e-19
 2.660000e+05     3.305777e-19
 2.680000e+05     3.345643e-19
 2.700000e+05     3.386673e-19
 2.720000e+05     3.428552e-19
 2.740000e+05     3.470888e-19
 2.760000e+05     3.514059e-19
 2.780000e+05     3.558456e-19
 2.800000e+05     3.603649e-19
 2.820000e+05     3.650183e-19
 2.840000e+05     3.698250e-19
 2.860000e+05     3.746284e-19
 2.880000e+05     3.794813e-19
 2.900000e+05     3.844304e-19
 2.920000e+05     3.894858e-19
 2.940000e+05     3.946473e-19
 2.960000e+05     3.998978e-19
 2.980000e+05     4.052223e-19
 3.000000e+05     4.106212e-19
 3.020000e+05     4.161092e-19
 3.040000e+05     4.217264e-19
 3.060000e+05     4.274172e-19
 3.080000e+05     4.332593e-19
 3.100000e+05     4.391977e-19
 3.120000e+05     4.451927e-19
 3.140000e+05     4.512688e-19
 3.160000e+05     4.574488e-19
 3.180000e+05     4.637630e-19
 3.200000e+05     4.702268e-19
 3.220000e+05     4.768379e-19
 3.240000e+05     4.835523e-19
 3.260000e+05     4.903699e-19
 3.280000e+05     4.973228e-19
 3.300000e+05     5.044292e-19
 3.320000e+05     5.117392e-19
 3.340000e+05     5.197732e-19
 3.360000e+05     5.289170e-19
 3.380000e+05     5.372098e-19
 3.400000e+05     5.448080e-19
 3.420000e+05     5.524237e-19
 3.440000e+05     5.601250e-19
 3.460000e+05     5.681089e-19
 3.480000e+05     5.778027e-19
 3.500000e+05     5.885212e-19
 3.520000e+05     5.973549e-19
 3.540000e+05     6.055830e-19
 3.560000e+05     6.139491e-19
 3.580000e+05     6.224323e-19
 3.600000e+05     6.310391e-19
 3.620000e+05     6.396618e-19
 3.640000e+05     6.483972e-19
 3.660000e+05     6.571790e-19
 3.680000e+05     6.661939e-19
 3.700000e+05     6.752735e-19
 3.720000e+05     6.844406e-19
 3.740000e+05     6.938561e-19
 3.760000e+05     7.035536e-19
 3.780000e+05     7.123700e-19
 3.800000e+05     7.218453e-19
 3.820000e+05     7.316730e-19
 3.840000e+05     7.415338e-19
 3.860000e+05     7.514749e-19
 3.880000e+05     7.614758e-19
 3.900000e+05     7.712883e-19
 3.920000e+05     7.813594e-19
 4.320000e+05     1.003282e-18
 4.760000e+05     1.286661e-18
 5.250000e+05     1.642391e-18
 5.790000e+05     2.071183e-18
 6.390000e+05     2.583255e-18
 7.040000e+05     3.172514e-18
 7.760000e+05     3.886968e-18
 8.560000e+05     4.772379e-18
 9.430000e+05     5.819253e-18
 1.040000e+06     7.024169e-18
 1.147000e+06     8.305339e-18
 1.264000e+06     9.544908e-18
 1.394000e+06     1.063698e-17
 1.537000e+06     1.145574e-17
 1.694000e+06     1.191900e-17
 1.868000e+06     1.198868e-17
 2.059000e+06     1.167387e-17
 2.270000e+06     1.102326e-17
 2.503000e+06     1.011505e-17
 2.760000e+06     9.041563e-18
 3.043000e+06     7.894597e-18
 3.354000e+06     6.752774e-18
 3.698000e+06     5.666519e-18
 4.077000e+06     4.679649e-18
 4.495000e+06     3.812023e-18
 4.956000e+06     3.070469e-18
 5.464000e+06     2.451772e-18
 6.024000e+06     1.945131e-18
 6.641000e+06     1.536795e-18
 7.322000e+06     1.211102e-18
 8.073000e+06     9.538985e-19
 8.900000e+06     7.522427e-19
 9.813000e+06     5.943091e-19
 1.082000e+07     4.710130e-19
 1.193000e+07     3.747925e-19
 1.315000e+07     2.997629e-19
 1.450000e+07     2.407834e-19
 1.598000e+07     1.948077e-19
 1.762000e+07     1.586350e-19
 1.943000e+07     1.304208e-19
 2.142000e+07     1.086291e-19
 2.362000e+07     9.186597e-20
 2.604000e+07     7.919813e-20
 2.871000e+07     6.976034e-20
 3.165000e+07     6.290617e-20
 3.489000e+07     5.809588e-20
 3.847000e+07     5.490195e-20
 4.241000e+07     5.300074e-20
 4.676000e+07     5.212612e-20
 5.155000e+07     5.207310e-20
 5.683000e+07     5.268116e-20
 6.266000e+07     5.383131e-20
 6.908000e+07     5.542704e-20
 7.616000e+07     5.739902e-20
 8.397000e+07     5.969413e-20
 9.258000e+07     6.227111e-20
 1.020700e+08     6.510335e-20
 1.125300e+08     6.817327e-20
 1.240600e+08     7.146830e-20
 1.367800e+08     7.498540e-20
 1.508000e+08     7.871897e-20
 1.662500e+08     8.267163e-20
 1.833000e+08     8.685176e-20
 2.020800e+08     9.125833e-20
 2.228000e+08     9.590706e-20
 2.456300e+08     1.008008e-19
 2.708100e+08     1.059560e-19
 2.985700e+08     1.113835e-19
 3.291700e+08     1.170955e-19
 3.629100e+08     1.231065e-19
 4.001100e+08     1.294322e-19
 4.411200e+08     1.360889e-19
 4.863400e+08     1.430938e-19
 5.361900e+08     1.504643e-19
 5.911500e+08     1.582210e-19
 6.517400e+08     1.663850e-19
 7.185400e+08     1.749771e-19
 7.921900e+08     1.840199e-19
 8.733900e+08     1.935370e-19
 9.629200e+08     2.035544e-19
 1.000000e+09     2.075735e-19
